0.82652520  0.000000
0.83289125  0.61248562
0.83660477  1.04420964
0.84137931  1.40965001
0.84668435  1.95765651
0.85198939  2.45588425
0.85729443  2.87114739
0.86259947  3.31959637
0.86790451  3.70167367
0.87320955  4.05056513
0.87851459  4.43264243
0.88275862  4.73166710
0.88700265  5.03069177
0.89442971  5.42953804
0.89973475  5.76183658
0.90610080  6.12740898
0.91352785  6.39351189
0.92201592  6.79244619
0.93050398  7.02545128
0.94111406  7.29181827
0.95066313  7.45853971
0.96127321  7.69172085
0.97400531  7.79233469
0.98567639  7.92604634
0.99946950  7.96037652
1.02068966  7.89576536
1.03766578  7.66487289
1.05251989  7.40061853
1.16000000  0.0000
1.17241379  0.0000
1.25941645  10.73636769
