  0.00000000  0.88227043E+02  0.21576467E+01      0.00000000      0.00000000
  0.00021875  0.89869781E+02  0.23715801E+01      0.00000000      0.00000000
  0.00043750  0.91673347E+02  0.26031127E+01      0.00000000      0.00000000
  0.00065625  0.93650566E+02  0.28570466E+01      0.00000000      0.00000000
  0.00087500  0.95820709E+02  0.31394279E+01      0.00000000      0.00000000
  0.00109375  0.98204285E+02  0.34574728E+01      0.00000000      0.00000000
  0.00131250  0.10083070E+03  0.38207822E+01      0.00000000      0.00000000
  0.00153125  0.10373777E+03  0.42421451E+01      0.00000000      0.00000000
  0.00175000  0.10696706E+03  0.47382541E+01      0.00000000      0.00000000
  0.00196875  0.11057745E+03  0.53328943E+01      0.00000000      0.00000000
  0.00218750  0.11464996E+03  0.60609021E+01      0.00000000      0.00000000
  0.00240625  0.11928720E+03  0.69733171E+01      0.00000000      0.00000000
  0.00262500  0.12463248E+03  0.81498241E+01      0.00000000      0.00000000
  0.00284375  0.13088788E+03  0.97197418E+01      0.00000000      0.00000000
  0.00306250  0.13835052E+03  0.11906721E+02      0.00000000      0.00000000
  0.00328125  0.14746828E+03  0.15124943E+02      0.00000000      0.00000000
  0.00350000  0.15892014E+03  0.20207390E+02      0.00000000      0.00000000
  0.00371875  0.17369376E+03  0.29019623E+02      0.00000000      0.00000000
  0.00393750  0.19264700E+03  0.46252586E+02      0.00000000      0.00000000
  0.00415625  0.21136957E+03  0.83954681E+02      0.00000000      0.00000000
  0.00437500  0.19247227E+03  0.15015582E+03      0.00000000      0.00000000
  0.00459375  0.12508121E+03  0.16392487E+03      0.00000000      0.00000000
  0.00481250  0.84763794E+02  0.15638708E+03      0.00000000      0.00000000
  0.00503125  0.42457684E+02  0.11242315E+03      0.00000000      0.00000000
  0.00525000  0.53940056E+02  0.64663254E+02      0.00000000      0.00000000
  0.00546875  0.78728600E+02  0.43636070E+02      0.00000000      0.00000000
  0.00568750  0.10234241E+03  0.35761814E+02      0.00000000      0.00000000
  0.00590625  0.12497429E+03  0.34496216E+02      0.00000000      0.00000000
  0.00612500  0.14857703E+03  0.38247192E+02      0.00000000      0.00000000
  0.00634375  0.17529617E+03  0.48411011E+02      0.00000000      0.00000000
  0.00656250  0.20676576E+03  0.70805756E+02      0.00000000      0.00000000
  0.00678125  0.23677240E+03  0.12081906E+03      0.00000000      0.00000000
  0.00700000  0.22004442E+03  0.20371574E+03      0.00000000      0.00000000
  0.00721875  0.14324899E+03  0.23676689E+03      0.00000000      0.00000000
  0.00743750  0.87117241E+02  0.21124902E+03      0.00000000      0.00000000
  0.00765625  0.85527107E+02  0.17187631E+03      0.00000000      0.00000000
  0.00787500  0.90251076E+02  0.17263582E+03      0.00000000      0.00000000
  0.00809375  0.94999954E+02  0.15151886E+03      0.00000000      0.00000000
  0.00831250  0.13915614E+03  0.16362906E+03      0.00000000      0.00000000
  0.00853125  0.14761362E+03  0.23878915E+03      0.00000000      0.00000000
  0.00875000  0.71272713E+02  0.28163580E+03      0.00000000      0.00000000
  0.00896875  0.15087468E+02  0.25143924E+03      0.00000000      0.00000000
  0.00918750 -0.34360504E+01  0.22308557E+03      0.00000000      0.00000000
  0.00940625  0.31955929E+01  0.19231641E+03      0.00000000      0.00000000
  0.00962500  0.12297873E+02  0.21399072E+03      0.00000000      0.00000000
  0.00984375 -0.37377022E+02  0.20563446E+03      0.00000000      0.00000000
  0.01006250 -0.27225290E+02  0.15479430E+03      0.00000000      0.00000000
  0.01028125  0.16167976E+02  0.16250092E+03      0.00000000      0.00000000
  0.01050000  0.12033062E+01  0.21799379E+03      0.00000000      0.00000000
  0.01071875 -0.56475021E+02  0.19514368E+03      0.00000000      0.00000000
  0.01093750 -0.43581703E+02  0.16952992E+03      0.00000000      0.00000000
  0.01115625 -0.53447018E+02  0.17863016E+03      0.00000000      0.00000000
  0.01137500 -0.66818130E+02  0.16960486E+03      0.00000000      0.00000000
  0.01159375 -0.86601532E+02  0.15165076E+03      0.00000000      0.00000000
  0.01181250 -0.78812996E+02  0.13372325E+03      0.00000000      0.00000000
  0.01203125 -0.95378510E+02  0.12877202E+03      0.00000000      0.00000000
  0.01225000 -0.94753967E+02  0.89961006E+02      0.00000000      0.00000000
  0.01246875 -0.65852966E+02  0.74143005E+02      0.00000000      0.00000000
  0.01268750 -0.45266193E+02  0.89381439E+02      0.00000000      0.00000000
  0.01290625 -0.67954346E+02  0.10454033E+03      0.00000000      0.00000000
  0.01312500 -0.80117142E+02  0.72071556E+02      0.00000000      0.00000000
  0.01334375 -0.59762321E+02  0.50851555E+02      0.00000000      0.00000000
  0.01356250 -0.35147804E+02  0.48635094E+02      0.00000000      0.00000000
  0.01378125 -0.15077986E+02  0.64759399E+02      0.00000000      0.00000000
  0.01400000 -0.25760670E+02  0.96215775E+02      0.00000000      0.00000000
  0.01421875 -0.61340809E+02  0.81167542E+02      0.00000000      0.00000000
  0.01443750 -0.54402546E+02  0.50726665E+02      0.00000000      0.00000000
  0.01465625 -0.33939575E+02  0.39663956E+02      0.00000000      0.00000000
  0.01487500 -0.12973879E+02  0.42277374E+02      0.00000000      0.00000000
  0.01509375  0.31417923E+01  0.61057343E+02      0.00000000      0.00000000
  0.01531250 -0.12764273E+02  0.91858307E+02      0.00000000      0.00000000
  0.01553125 -0.47790604E+02  0.73642128E+02      0.00000000      0.00000000
  0.01575000 -0.41272217E+02  0.44054947E+02      0.00000000      0.00000000
  0.01596875 -0.23567448E+02  0.31403788E+02      0.00000000      0.00000000
  0.01618750 -0.57487440E+01  0.27380035E+02      0.00000000      0.00000000
  0.01640625  0.12142564E+02  0.28050596E+02      0.00000000      0.00000000
  0.01662500  0.31518032E+02  0.33072266E+02      0.00000000      0.00000000
  0.01684375  0.53934570E+02  0.45038818E+02      0.00000000      0.00000000
  0.01706250  0.78721611E+02  0.72198593E+02      0.00000000      0.00000000
  0.01728125  0.86302170E+02  0.12957172E+03      0.00000000      0.00000000
  0.01750000  0.29986055E+02  0.17478711E+03      0.00000000      0.00000000
  0.01771875 -0.97704754E+01  0.15591068E+03      0.00000000      0.00000000
  0.01793750 -0.29390360E+02  0.14433160E+03      0.00000000      0.00000000
  0.01815625 -0.25634462E+02  0.12421886E+03      0.00000000      0.00000000
  0.01837500 -0.19347797E+02  0.14889484E+03      0.00000000      0.00000000
  0.01859375 -0.75688126E+02  0.15905505E+03      0.00000000      0.00000000
  0.01881250 -0.10043861E+03  0.10264871E+03      0.00000000      0.00000000
  0.01903125 -0.76725616E+02  0.67062851E+02      0.00000000      0.00000000
  0.01925000 -0.47493317E+02  0.60062729E+02      0.00000000      0.00000000
  0.01946875 -0.27406065E+02  0.76515312E+02      0.00000000      0.00000000
  0.01968750 -0.44005459E+02  0.96728195E+02      0.00000000      0.00000000
  0.01990625 -0.56768238E+02  0.73566483E+02      0.00000000      0.00000000
  0.02012500 -0.36482281E+02  0.60358021E+02      0.00000000      0.00000000
  0.02034375 -0.14470016E+02  0.73425377E+02      0.00000000      0.00000000
  0.02056250 -0.22122398E+02  0.10288860E+03      0.00000000      0.00000000
  0.02078125 -0.43578629E+02  0.94164810E+02      0.00000000      0.00000000
  0.02100000 -0.34670433E+02  0.92356796E+02      0.00000000      0.00000000
  0.02121875 -0.50582161E+02  0.10254394E+03      0.00000000      0.00000000
  0.02143750 -0.56437359E+02  0.78108147E+02      0.00000000      0.00000000
  0.02165625 -0.31796604E+02  0.70493370E+02      0.00000000      0.00000000
  0.02187500 -0.84222698E+01  0.94571609E+02      0.00000000      0.00000000
  0.02209375 -0.21617910E+02  0.13674985E+03      0.00000000      0.00000000
  0.02231250 -0.58722095E+02  0.15384587E+03      0.00000000      0.00000000
  0.02253125 -0.99849655E+02  0.14613217E+03      0.00000000      0.00000000
  0.02275000 -0.13170200E+03  0.11424484E+03      0.00000000      0.00000000
  0.02296875 -0.12449585E+03  0.74329254E+02      0.00000000      0.00000000
  0.02318750 -0.10210040E+03  0.65727104E+02      0.00000000      0.00000000
  0.02340625 -0.10062487E+03  0.82886124E+02      0.00000000      0.00000000
  0.02362500 -0.13142525E+03  0.73273697E+02      0.00000000      0.00000000
  0.02384375 -0.13173233E+03  0.41427414E+02      0.00000000      0.00000000
  0.02406250 -0.11882501E+03  0.24778439E+02      0.00000000      0.00000000
  0.02428125 -0.10713947E+03  0.16828022E+02      0.00000000      0.00000000
  0.02450000 -0.97821777E+02  0.12507692E+02      0.00000000      0.00000000
  0.02471875 -0.90317284E+02  0.98683043E+01      0.00000000      0.00000000
  0.02493750 -0.84117439E+02  0.81116810E+01      0.00000000      0.00000000
  0.02515625 -0.78870850E+02  0.68670402E+01      0.00000000      0.00000000
  0.02537500 -0.74337936E+02  0.59424810E+01      0.00000000      0.00000000
  0.02559375 -0.70356331E+02  0.52306414E+01      0.00000000      0.00000000
  0.02581250 -0.66813103E+02  0.46672969E+01      0.00000000      0.00000000
  0.02603125 -0.63624680E+02  0.42113876E+01      0.00000000      0.00000000
  0.02625000 -0.60727509E+02  0.38354897E+01      0.00000000      0.00000000
  0.02646875 -0.58073597E+02  0.35208197E+01      0.00000000      0.00000000
  0.02668750 -0.55625488E+02  0.32540255E+01      0.00000000      0.00000000
  0.02690625 -0.53354019E+02  0.30254233E+01      0.00000000      0.00000000
  0.02712500 -0.51234669E+02  0.28277042E+01      0.00000000      0.00000000
  0.02734375 -0.49247398E+02  0.26552935E+01      0.00000000      0.00000000
  0.02756250 -0.47376644E+02  0.25039787E+01      0.00000000      0.00000000
  0.02778125 -0.45608006E+02  0.23703618E+01      0.00000000      0.00000000
  0.02800000 -0.43930092E+02  0.22517576E+01      0.00000000      0.00000000
  0.02821875 -0.42332935E+02  0.21460333E+01      0.00000000      0.00000000
  0.02843750 -0.40807747E+02  0.20514257E+01      0.00000000      0.00000000
  0.02865625 -0.39347691E+02  0.19665205E+01      0.00000000      0.00000000
  0.02887500 -0.37945751E+02  0.18901131E+01      0.00000000      0.00000000
  0.02909375 -0.36596474E+02  0.18212228E+01      0.00000000      0.00000000
  0.02931250 -0.35294136E+02  0.17589951E+01      0.00000000      0.00000000
  0.02953125 -0.34035355E+02  0.17027822E+01      0.00000000      0.00000000
  0.02975000 -0.32814934E+02  0.16519406E+01      0.00000000      0.00000000
  0.02996875 -0.31629559E+02  0.16059835E+01      0.00000000      0.00000000
  0.03018750 -0.30475801E+02  0.15644785E+01      0.00000000      0.00000000
  0.03040625 -0.29350800E+02  0.15270684E+01      0.00000000      0.00000000
  0.03062500 -0.28251259E+02  0.14934278E+01      0.00000000      0.00000000
  0.03084375 -0.27175098E+02  0.14633014E+01      0.00000000      0.00000000
  0.03106250 -0.26119551E+02  0.14364576E+01      0.00000000      0.00000000
  0.03128125 -0.25082546E+02  0.14127052E+01      0.00000000      0.00000000
  0.03150000 -0.24061380E+02  0.13918734E+01      0.00000000      0.00000000
  0.03171875 -0.23054474E+02  0.13738377E+01      0.00000000      0.00000000
  0.03193750 -0.22059498E+02  0.13584874E+01      0.00000000      0.00000000
  0.03215625 -0.21074940E+02  0.13457407E+01      0.00000000      0.00000000
  0.03237500 -0.20098713E+02  0.13355286E+01      0.00000000      0.00000000
  0.03259375 -0.19129158E+02  0.13278120E+01      0.00000000      0.00000000
  0.03281250 -0.18164028E+02  0.13225679E+01      0.00000000      0.00000000
  0.03303125 -0.17201931E+02  0.13197947E+01      0.00000000      0.00000000
  0.03325000 -0.16241108E+02  0.13195093E+01      0.00000000      0.00000000
  0.03346875 -0.15279640E+02  0.13217509E+01      0.00000000      0.00000000
  0.03368750 -0.14315269E+02  0.13265851E+01      0.00000000      0.00000000
  0.03390625 -0.13346596E+02  0.13340931E+01      0.00000000      0.00000000
  0.03412500 -0.12371593E+02  0.13443863E+01      0.00000000      0.00000000
  0.03434375 -0.11388182E+02  0.13576055E+01      0.00000000      0.00000000
  0.03456250 -0.10393946E+02  0.13739259E+01      0.00000000      0.00000000
  0.03478125 -0.93867130E+01  0.13935542E+01      0.00000000      0.00000000
  0.03500000 -0.83641348E+01  0.14167392E+01      0.00000000      0.00000000
  0.03521875 -0.73231459E+01  0.14437962E+01      0.00000000      0.00000000
  0.03543750 -0.62610917E+01  0.14750830E+01      0.00000000      0.00000000
  0.03565625 -0.51753473E+01  0.15110123E+01      0.00000000      0.00000000
  0.03587500 -0.40612855E+01  0.15521474E+01      0.00000000      0.00000000
  0.03609375 -0.29154778E+01  0.15990984E+01      0.00000000      0.00000000
  0.03631250 -0.17337637E+01  0.16526222E+01      0.00000000      0.00000000
  0.03653125 -0.51064396E+00  0.17136725E+01      0.00000000      0.00000000
  0.03675000  0.75916862E+00  0.17833691E+01      0.00000000      0.00000000
  0.03696875  0.20830560E+01  0.18631858E+01      0.00000000      0.00000000
  0.03718750  0.34683485E+01  0.19548856E+01      0.00000000      0.00000000
  0.03740625  0.49248571E+01  0.20608037E+01      0.00000000      0.00000000
  0.03762500  0.64622574E+01  0.21837733E+01      0.00000000      0.00000000
  0.03784375  0.80949249E+01  0.23277478E+01      0.00000000      0.00000000
  0.03806250  0.98387280E+01  0.24978249E+01      0.00000000      0.00000000
  0.03828125  0.11714600E+02  0.27011044E+01      0.00000000      0.00000000
  0.03850000  0.13748096E+02  0.29473975E+01      0.00000000      0.00000000
  0.03871875  0.15973249E+02  0.32509255E+01      0.00000000      0.00000000
  0.03893750  0.18434509E+02  0.36328192E+01      0.00000000      0.00000000
  0.03915625  0.21192444E+02  0.41257677E+01      0.00000000      0.00000000
  0.03937500  0.24332315E+02  0.47830095E+01      0.00000000      0.00000000
  0.03959375  0.27978390E+02  0.56964722E+01      0.00000000      0.00000000
  0.03981250  0.32316185E+02  0.70363989E+01      0.00000000      0.00000000
  0.04003125  0.37625141E+02  0.91459637E+01      0.00000000      0.00000000
  0.04025000  0.44311108E+02  0.12798325E+02      0.00000000      0.00000000
  0.04046875  0.52717484E+02  0.19948721E+02      0.00000000      0.00000000
  0.04068750  0.60984348E+02  0.35734528E+02      0.00000000      0.00000000
  0.04090625  0.52329327E+02  0.64439285E+02      0.00000000      0.00000000
  0.04112500  0.16792547E+02  0.63831841E+02      0.00000000      0.00000000
  0.04134375  0.13870233E+02  0.40714058E+02      0.00000000      0.00000000
  0.04156250  0.27119514E+02  0.34501839E+02      0.00000000      0.00000000
  0.04178125  0.39557678E+02  0.45111343E+02      0.00000000      0.00000000
  0.04200000  0.30527275E+02  0.70280426E+02      0.00000000      0.00000000
  0.04221875 -0.27350411E+01  0.61972763E+02      0.00000000      0.00000000
  0.04243750 -0.28748860E+01  0.35968632E+02      0.00000000      0.00000000
  0.04265625  0.94697771E+01  0.24119785E+02      0.00000000      0.00000000
  0.04287500  0.22318150E+02  0.20132046E+02      0.00000000      0.00000000
  0.04309375  0.35098068E+02  0.20151211E+02      0.00000000      0.00000000
  0.04331250  0.48800392E+02  0.23555145E+02      0.00000000      0.00000000
  0.04353125  0.64320984E+02  0.32158703E+02      0.00000000      0.00000000
  0.04375000  0.79524948E+02  0.51846375E+02      0.00000000      0.00000000
  0.04396875  0.74856918E+02  0.84772690E+02      0.00000000      0.00000000
  0.04418750  0.51879635E+02  0.85012856E+02      0.00000000      0.00000000
  0.04440625  0.67325851E+02  0.79159866E+02      0.00000000      0.00000000
  0.04462500  0.92488480E+02  0.11163715E+03      0.00000000      0.00000000
  0.04484375  0.69169861E+02  0.18385910E+03      0.00000000      0.00000000
  0.04506250 -0.23656172E+02  0.18892775E+03      0.00000000      0.00000000
  0.04528125 -0.50267952E+02  0.12661647E+03      0.00000000      0.00000000
  0.04550000 -0.25902073E+02  0.10451965E+03      0.00000000      0.00000000
  0.04571875 -0.22816040E+02  0.12122126E+03      0.00000000      0.00000000
  0.04593750 -0.42758011E+02  0.11992868E+03      0.00000000      0.00000000
  0.04615625 -0.64968094E+02  0.10835594E+03      0.00000000      0.00000000
  0.04637500 -0.66395561E+02  0.72988129E+02      0.00000000      0.00000000
  0.04659375 -0.43039654E+02  0.56901711E+02      0.00000000      0.00000000
  0.04681250 -0.21002903E+02  0.64753456E+02      0.00000000      0.00000000
  0.04703125 -0.25381836E+02  0.87500061E+02      0.00000000      0.00000000
  0.04725000 -0.45123325E+02  0.74389366E+02      0.00000000      0.00000000
  0.04746875 -0.30325127E+02  0.56670540E+02      0.00000000      0.00000000
  0.04768750 -0.53532605E+01  0.61874290E+02      0.00000000      0.00000000
  0.04790625  0.10809344E+02  0.94304596E+02      0.00000000      0.00000000
  0.04812500 -0.19320822E+02  0.13506143E+03      0.00000000      0.00000000
  0.04834375 -0.68115883E+02  0.12105641E+03      0.00000000      0.00000000
  0.04856250 -0.68579552E+02  0.87377167E+02      0.00000000      0.00000000
  0.04878125 -0.56411194E+02  0.89646759E+02      0.00000000      0.00000000
  0.04900000 -0.77616943E+02  0.91069603E+02      0.00000000      0.00000000
  0.04921875 -0.79017746E+02  0.62681480E+02      0.00000000      0.00000000
  0.04943750 -0.58640999E+02  0.52851101E+02      0.00000000      0.00000000
  0.04965625 -0.42619225E+02  0.66358383E+02      0.00000000      0.00000000
  0.04987500 -0.58669289E+02  0.85432884E+02      0.00000000      0.00000000
  0.05009375 -0.72988708E+02  0.65991508E+02      0.00000000      0.00000000
  0.05031250 -0.57624111E+02  0.56220200E+02      0.00000000      0.00000000
  0.05053125 -0.46657310E+02  0.72370148E+02      0.00000000      0.00000000
  0.05075000 -0.69402901E+02  0.85014885E+02      0.00000000      0.00000000
  0.05096875 -0.76482979E+02  0.64964355E+02      0.00000000      0.00000000
  0.05118750 -0.63328609E+02  0.65701973E+02      0.00000000      0.00000000
  0.05140625 -0.74922981E+02  0.83789818E+02      0.00000000      0.00000000
  0.05162500 -0.96858337E+02  0.66204376E+02      0.00000000      0.00000000
  0.05184375 -0.86707932E+02  0.49815662E+02      0.00000000      0.00000000
  0.05206250 -0.75170013E+02  0.58299847E+02      0.00000000      0.00000000
  0.05228125 -0.95083771E+02  0.75014557E+02      0.00000000      0.00000000
  0.05250000 -0.11898341E+03  0.50922535E+02      0.00000000      0.00000000
  0.05271875 -0.11327341E+03  0.27674685E+02      0.00000000      0.00000000
  0.05293750 -0.10320139E+03  0.16923195E+02      0.00000000      0.00000000
  0.05315625 -0.94875092E+02  0.11656543E+02      0.00000000      0.00000000
  0.05337500 -0.88332672E+02  0.87141151E+01      0.00000000      0.00000000
  0.05359375 -0.83081779E+02  0.68834076E+01      0.00000000      0.00000000
  0.05381250 -0.78754028E+02  0.56514077E+01      0.00000000      0.00000000
  0.05403125 -0.75101776E+02  0.47721801E+01      0.00000000      0.00000000
  0.05425000 -0.71955902E+02  0.41154294E+01      0.00000000      0.00000000
  0.05446875 -0.69205788E+02  0.36080060E+01      0.00000000      0.00000000
  0.05468750 -0.66768074E+02  0.32045739E+01      0.00000000      0.00000000
  0.05490625 -0.64584991E+02  0.28767176E+01      0.00000000      0.00000000
  0.05512500 -0.62611977E+02  0.26052403E+01      0.00000000      0.00000000
  0.05534375 -0.60815514E+02  0.23769634E+01      0.00000000      0.00000000
  0.05556250 -0.59168770E+02  0.21824572E+01      0.00000000      0.00000000
  0.05578125 -0.57651024E+02  0.20148635E+01      0.00000000      0.00000000
  0.05600000 -0.56245239E+02  0.18690422E+01      0.00000000      0.00000000
  0.05621875 -0.54937534E+02  0.17410877E+01      0.00000000      0.00000000
  0.05643750 -0.53716194E+02  0.16279438E+01      0.00000000      0.00000000
  0.05665625 -0.52571735E+02  0.15272425E+01      0.00000000      0.00000000
  0.05687500 -0.51496170E+02  0.14370869E+01      0.00000000      0.00000000
  0.05709375 -0.50482250E+02  0.13559246E+01      0.00000000      0.00000000
  0.05731250 -0.49524147E+02  0.12825131E+01      0.00000000      0.00000000
  0.05753125 -0.48616241E+02  0.12157886E+01      0.00000000      0.00000000
  0.05775000 -0.47754971E+02  0.11549578E+01      0.00000000      0.00000000
  0.05796875 -0.46935707E+02  0.10992573E+01      0.00000000      0.00000000
  0.05818750 -0.46154766E+02  0.10480640E+01      0.00000000      0.00000000
  0.05840625 -0.45409920E+02  0.10009243E+01      0.00000000      0.00000000
  0.05862500 -0.44697697E+02  0.95734066E+00      0.00000000      0.00000000
  0.05884375 -0.44016022E+02  0.91696191E+00      0.00000000      0.00000000
  0.05906250 -0.43362446E+02  0.87944365E+00      0.00000000      0.00000000
  0.05928125 -0.42735043E+02  0.84450889E+00      0.00000000      0.00000000
  0.05950000 -0.42132355E+02  0.81191373E+00      0.00000000      0.00000000
  0.05971875 -0.41552536E+02  0.78143883E+00      0.00000000      0.00000000
  0.05993750 -0.40994118E+02  0.75288266E+00      0.00000000      0.00000000
  0.06015625 -0.40455803E+02  0.72608590E+00      0.00000000      0.00000000
  0.06037500 -0.39936302E+02  0.70088786E+00      0.00000000      0.00000000
  0.06059375 -0.39434639E+02  0.67716062E+00      0.00000000      0.00000000
  0.06081250 -0.38949692E+02  0.65478331E+00      0.00000000      0.00000000
  0.06103125 -0.38480606E+02  0.63365209E+00      0.00000000      0.00000000
  0.06125000 -0.38026436E+02  0.61366212E+00      0.00000000      0.00000000
  0.06146875 -0.37586407E+02  0.59473187E+00      0.00000000      0.00000000
  0.06168750 -0.37159790E+02  0.57678068E+00      0.00000000      0.00000000
  0.06190625 -0.36745934E+02  0.55974340E+00      0.00000000      0.00000000
  0.06212500 -0.36344048E+02  0.54354548E+00      0.00000000      0.00000000
  0.06234375 -0.35953697E+02  0.52813447E+00      0.00000000      0.00000000
  0.06256250 -0.35574341E+02  0.51346052E+00      0.00000000      0.00000000
  0.06278125 -0.35205345E+02  0.49946475E+00      0.00000000      0.00000000
  0.06300000 -0.34846405E+02  0.48611355E+00      0.00000000      0.00000000
  0.06321875 -0.34496887E+02  0.47336069E+00      0.00000000      0.00000000
  0.06343750 -0.34156422E+02  0.46116471E+00      0.00000000      0.00000000
  0.06365625 -0.33824677E+02  0.44949546E+00      0.00000000      0.00000000
  0.06387500 -0.33501266E+02  0.43832341E+00      0.00000000      0.00000000
  0.06409375 -0.33185772E+02  0.42761558E+00      0.00000000      0.00000000
  0.06431250 -0.32877953E+02  0.41734427E+00      0.00000000      0.00000000
  0.06453125 -0.32577446E+02  0.40748829E+00      0.00000000      0.00000000
  0.06475000 -0.32283913E+02  0.39801985E+00      0.00000000      0.00000000
  0.06496875 -0.31997238E+02  0.38892275E+00      0.00000000      0.00000000
  0.06518750 -0.31717056E+02  0.38017228E+00      0.00000000      0.00000000
  0.06540625 -0.31443033E+02  0.37174860E+00      0.00000000      0.00000000
  0.06562500 -0.31175129E+02  0.36364043E+00      0.00000000      0.00000000
  0.06584375 -0.30912947E+02  0.35582471E+00      0.00000000      0.00000000
  0.06606250 -0.30656403E+02  0.34829420E+00      0.00000000      0.00000000
  0.06628125 -0.30405155E+02  0.34102440E+00      0.00000000      0.00000000
  0.06650000 -0.30159267E+02  0.33401176E+00      0.00000000      0.00000000
  0.06671875 -0.29918289E+02  0.32723892E+00      0.00000000      0.00000000
  0.06693751 -0.29682178E+02  0.32069525E+00      0.00000000      0.00000000
  0.06715626 -0.29450651E+02  0.31436715E+00      0.00000000      0.00000000
  0.06737500 -0.29223875E+02  0.30825400E+00      0.00000000      0.00000000
  0.06759375 -0.29001238E+02  0.30233189E+00      0.00000000      0.00000000
  0.06781250 -0.28783064E+02  0.29660276E+00      0.00000000      0.00000000
  0.06803125 -0.28568813E+02  0.29105291E+00      0.00000000      0.00000000
  0.06825000 -0.28358788E+02  0.28568172E+00      0.00000000      0.00000000
  0.06846875 -0.28152302E+02  0.28046876E+00      0.00000000      0.00000000
  0.06868750 -0.27949825E+02  0.27542114E+00      0.00000000      0.00000000
  0.06890625 -0.27750763E+02  0.27051619E+00      0.00000000      0.00000000
  0.06912500 -0.27555416E+02  0.26576442E+00      0.00000000      0.00000000
  0.06934375 -0.27363321E+02  0.26114613E+00      0.00000000      0.00000000
  0.06956250 -0.27174606E+02  0.25666317E+00      0.00000000      0.00000000
  0.06978125 -0.26989126E+02  0.25230843E+00      0.00000000      0.00000000
