  0.00000000  0.78180695E+02  0.18331945E+01      0.00000000      0.00000000
  0.00021875  0.79559471E+02  0.19600214E+01      0.00000000      0.00000000
  0.00043750  0.81033340E+02  0.20958109E+01      0.00000000      0.00000000
  0.00065625  0.82608894E+02  0.22420805E+01      0.00000000      0.00000000
  0.00087500  0.84294502E+02  0.24006109E+01      0.00000000      0.00000000
  0.00109375  0.86100571E+02  0.25735087E+01      0.00000000      0.00000000
  0.00131250  0.88036697E+02  0.27631128E+01      0.00000000      0.00000000
  0.00153125  0.90116005E+02  0.29723101E+01      0.00000000      0.00000000
  0.00175000  0.92355209E+02  0.32047524E+01      0.00000000      0.00000000
  0.00196875  0.94771439E+02  0.34646974E+01      0.00000000      0.00000000
  0.00218750  0.97386261E+02  0.37575028E+01      0.00000000      0.00000000
  0.00240625  0.10022453E+03  0.40897965E+01      0.00000000      0.00000000
  0.00262500  0.10331693E+03  0.44701223E+01      0.00000000      0.00000000
  0.00284375  0.10670216E+03  0.49096260E+01      0.00000000      0.00000000
  0.00306250  0.11042680E+03  0.54228630E+01      0.00000000      0.00000000
  0.00328125  0.11454646E+03  0.60289888E+01      0.00000000      0.00000000
  0.00350000  0.11913682E+03  0.67548671E+01      0.00000000      0.00000000
  0.00371875  0.12428958E+03  0.76373677E+01      0.00000000      0.00000000
  0.00393750  0.13012892E+03  0.87300396E+01      0.00000000      0.00000000
  0.00415625  0.13681714E+03  0.10111507E+02      0.00000000      0.00000000
  0.00437500  0.14458151E+03  0.11903976E+02      0.00000000      0.00000000
  0.00459375  0.15373901E+03  0.14303172E+02      0.00000000      0.00000000
  0.00481250  0.16475429E+03  0.17642466E+02      0.00000000      0.00000000
  0.00503125  0.17831302E+03  0.22522070E+02      0.00000000      0.00000000
  0.00525000  0.19547047E+03  0.30120348E+02      0.00000000      0.00000000
  0.00546875  0.21781105E+03  0.42983665E+02      0.00000000      0.00000000
  0.00568750  0.24721347E+03  0.67287384E+02      0.00000000      0.00000000
  0.00590625  0.28133572E+03  0.11914372E+03      0.00000000      0.00000000
  0.00612500  0.28175519E+03  0.22548553E+03      0.00000000      0.00000000
  0.00634375  0.17207585E+03  0.31162347E+03      0.00000000      0.00000000
  0.00656250  0.33646481E+02  0.29023062E+03      0.00000000      0.00000000
  0.00678125 -0.18663086E+02  0.17359900E+03      0.00000000      0.00000000
  0.00700000  0.16149958E+02  0.10191718E+03      0.00000000      0.00000000
  0.00721875  0.60133507E+02  0.75245132E+02      0.00000000      0.00000000
  0.00743750  0.10193436E+03  0.71908089E+02      0.00000000      0.00000000
  0.00765625  0.14255002E+03  0.89849052E+02      0.00000000      0.00000000
  0.00787500  0.16857278E+03  0.14277075E+03      0.00000000      0.00000000
  0.00809375  0.11782406E+03  0.19975043E+03      0.00000000      0.00000000
  0.00831250  0.75187500E+02  0.15410193E+03      0.00000000      0.00000000
  0.00853125  0.11301852E+03  0.12565354E+03      0.00000000      0.00000000
  0.00875000  0.16337210E+03  0.15397290E+03      0.00000000      0.00000000
  0.00896875  0.16650124E+03  0.23318216E+03      0.00000000      0.00000000
  0.00918750  0.11435901E+03  0.25658353E+03      0.00000000      0.00000000
  0.00940625  0.11333879E+03  0.28649908E+03      0.00000000      0.00000000
  0.00962500  0.59536274E+02  0.33376538E+03      0.00000000      0.00000000
  0.00984375 -0.81206179E+01  0.37619299E+03      0.00000000      0.00000000
  0.01006250 -0.15464207E+03  0.35107642E+03      0.00000000      0.00000000
  0.01028125 -0.21186035E+03  0.21150494E+03      0.00000000      0.00000000
  0.01050000 -0.17175784E+03  0.11942984E+03      0.00000000      0.00000000
  0.01071875 -0.12311804E+03  0.79577835E+02      0.00000000      0.00000000
  0.01093750 -0.81165268E+02  0.64137344E+02      0.00000000      0.00000000
  0.01115625 -0.43634701E+02  0.64101906E+02      0.00000000      0.00000000
  0.01137500 -0.92764339E+01  0.83307098E+02      0.00000000      0.00000000
  0.01159375  0.28541574E+01  0.13728786E+03      0.00000000      0.00000000
  0.01181250 -0.71426712E+02  0.17781506E+03      0.00000000      0.00000000
  0.01203125 -0.12229311E+03  0.11187996E+03      0.00000000      0.00000000
  0.01225000 -0.10543495E+03  0.61859631E+02      0.00000000      0.00000000
  0.01246875 -0.81151680E+02  0.39695961E+02      0.00000000      0.00000000
  0.01268750 -0.60477013E+02  0.29247379E+02      0.00000000      0.00000000
  0.01290625 -0.43082588E+02  0.23884293E+02      0.00000000      0.00000000
  0.01312500 -0.27762140E+02  0.21141685E+02      0.00000000      0.00000000
  0.01334375 -0.13515923E+02  0.20069565E+02      0.00000000      0.00000000
  0.01356250  0.47128868E+00  0.20394627E+02      0.00000000      0.00000000
  0.01378125  0.15017868E+02  0.22316883E+02      0.00000000      0.00000000
  0.01400000  0.31045444E+02  0.26678776E+02      0.00000000      0.00000000
  0.01421875  0.49667168E+02  0.35750145E+02      0.00000000      0.00000000
  0.01443750  0.71076981E+02  0.55683723E+02      0.00000000      0.00000000
  0.01465625  0.84580338E+02  0.10136552E+03      0.00000000      0.00000000
  0.01487500  0.34324715E+02  0.15966693E+03      0.00000000      0.00000000
  0.01509375 -0.34699310E+02  0.11994279E+03      0.00000000      0.00000000
  0.01531250 -0.26409893E+02  0.69841385E+02      0.00000000      0.00000000
  0.01553125  0.31220341E+00  0.50967781E+02      0.00000000      0.00000000
  0.01575000  0.28167000E+02  0.49440681E+02      0.00000000      0.00000000
  0.01596875  0.56619282E+02  0.63118721E+02      0.00000000      0.00000000
  0.01618750  0.78186523E+02  0.10309891E+03      0.00000000      0.00000000
  0.01640625  0.42729836E+02  0.16350896E+03      0.00000000      0.00000000
  0.01662500 -0.24668707E+02  0.13461928E+03      0.00000000      0.00000000
  0.01684375 -0.13538342E+02  0.87725723E+02      0.00000000      0.00000000
  0.01706250  0.20730991E+02  0.79675186E+02      0.00000000      0.00000000
  0.01728125  0.50466568E+02  0.10792520E+03      0.00000000      0.00000000
  0.01750000  0.27863974E+02  0.16768564E+03      0.00000000      0.00000000
  0.01771875 -0.46674404E+02  0.14617865E+03      0.00000000      0.00000000
  0.01793750 -0.42592369E+02  0.88237473E+02      0.00000000      0.00000000
  0.01815625 -0.96849232E+01  0.64838318E+02      0.00000000      0.00000000
  0.01837500  0.26207329E+02  0.62936413E+02      0.00000000      0.00000000
  0.01859375  0.64354645E+02  0.78831619E+02      0.00000000      0.00000000
  0.01881250  0.10036762E+03  0.12417116E+03      0.00000000      0.00000000
  0.01903125  0.89701027E+02  0.20648531E+03      0.00000000      0.00000000
  0.01925000  0.27056349E+02  0.23135435E+03      0.00000000      0.00000000
  0.01946875 -0.70889378E+01  0.24953363E+03      0.00000000      0.00000000
  0.01968750 -0.59492912E+02  0.24052686E+03      0.00000000      0.00000000
  0.01990625 -0.10228246E+03  0.23045496E+03      0.00000000      0.00000000
  0.02012500 -0.12976648E+03  0.16805321E+03      0.00000000      0.00000000
  0.02034375 -0.90843124E+02  0.13498355E+03      0.00000000      0.00000000
  0.02056250 -0.57783012E+02  0.16634198E+03      0.00000000      0.00000000
  0.02078125 -0.98998779E+02  0.21171207E+03      0.00000000      0.00000000
  0.02100000 -0.14125253E+03  0.20093283E+03      0.00000000      0.00000000
  0.02121875 -0.20064615E+03  0.18739221E+03      0.00000000      0.00000000
  0.02143750 -0.22673808E+03  0.11145061E+03      0.00000000      0.00000000
  0.02165625 -0.20308813E+03  0.62091484E+02      0.00000000      0.00000000
  0.02187500 -0.17766742E+03  0.39131016E+02      0.00000000      0.00000000
  0.02209375 -0.15767355E+03  0.27327967E+02      0.00000000      0.00000000
  0.02231250 -0.14215112E+03  0.20477137E+02      0.00000000      0.00000000
  0.02253125 -0.12979739E+03  0.16111784E+02      0.00000000      0.00000000
  0.02275000 -0.11970343E+03  0.13133670E+02      0.00000000      0.00000000
  0.02296875 -0.11126021E+03  0.10993881E+02      0.00000000      0.00000000
  0.02318750 -0.10405814E+03  0.93936949E+01      0.00000000      0.00000000
  0.02340625 -0.97818512E+02  0.81594706E+01      0.00000000      0.00000000
  0.02362500 -0.92341553E+02  0.71833415E+01      0.00000000      0.00000000
  0.02384375 -0.87474060E+02  0.63942480E+01      0.00000000      0.00000000
  0.02406250 -0.83111687E+02  0.57459679E+01      0.00000000      0.00000000
  0.02428125 -0.79168381E+02  0.52053366E+01      0.00000000      0.00000000
  0.02450000 -0.75579384E+02  0.47489462E+01      0.00000000      0.00000000
  0.02471875 -0.72289429E+02  0.43591595E+01      0.00000000      0.00000000
  0.02493750 -0.69258652E+02  0.40233173E+01      0.00000000      0.00000000
  0.02515625 -0.66452301E+02  0.37315133E+01      0.00000000      0.00000000
  0.02537500 -0.63841370E+02  0.34760532E+01      0.00000000      0.00000000
  0.02559375 -0.61402901E+02  0.32510138E+01      0.00000000      0.00000000
  0.02581250 -0.59117973E+02  0.30517120E+01      0.00000000      0.00000000
  0.02603125 -0.56967991E+02  0.28741455E+01      0.00000000      0.00000000
  0.02625000 -0.54938934E+02  0.27152519E+01      0.00000000      0.00000000
  0.02646875 -0.53018856E+02  0.25724974E+01      0.00000000      0.00000000
  0.02668750 -0.51197178E+02  0.24437892E+01      0.00000000      0.00000000
  0.02690625 -0.49463661E+02  0.23273044E+01      0.00000000      0.00000000
  0.02712500 -0.47810493E+02  0.22215877E+01      0.00000000      0.00000000
  0.02734375 -0.46230255E+02  0.21253881E+01      0.00000000      0.00000000
  0.02756250 -0.44716663E+02  0.20376508E+01      0.00000000      0.00000000
  0.02778125 -0.43263435E+02  0.19574325E+01      0.00000000      0.00000000
  0.02800000 -0.41866432E+02  0.18840213E+01      0.00000000      0.00000000
  0.02821875 -0.40520370E+02  0.18166947E+01      0.00000000      0.00000000
  0.02843750 -0.39220551E+02  0.17548571E+01      0.00000000      0.00000000
  0.02865625 -0.37964405E+02  0.16980569E+01      0.00000000      0.00000000
  0.02887500 -0.36747616E+02  0.16458139E+01      0.00000000      0.00000000
  0.02909375 -0.35567249E+02  0.15977516E+01      0.00000000      0.00000000
  0.02931250 -0.34420013E+02  0.15535150E+01      0.00000000      0.00000000
  0.02953125 -0.33303932E+02  0.15128374E+01      0.00000000      0.00000000
  0.02975000 -0.32216042E+02  0.14754392E+01      0.00000000      0.00000000
  0.02996875 -0.31154366E+02  0.14411033E+01      0.00000000      0.00000000
  0.03018750 -0.30116365E+02  0.14096080E+01      0.00000000      0.00000000
  0.03040625 -0.29100208E+02  0.13807855E+01      0.00000000      0.00000000
  0.03062500 -0.28104431E+02  0.13544898E+01      0.00000000      0.00000000
  0.03084375 -0.27126726E+02  0.13305693E+01      0.00000000      0.00000000
  0.03106250 -0.26165680E+02  0.13089120E+01      0.00000000      0.00000000
  0.03128125 -0.25219397E+02  0.12894089E+01      0.00000000      0.00000000
  0.03150000 -0.24286526E+02  0.12719738E+01      0.00000000      0.00000000
  0.03171875 -0.23365997E+02  0.12565362E+01      0.00000000      0.00000000
  0.03193750 -0.22455343E+02  0.12430191E+01      0.00000000      0.00000000
  0.03215625 -0.21554331E+02  0.12313837E+01      0.00000000      0.00000000
  0.03237500 -0.20660976E+02  0.12215843E+01      0.00000000      0.00000000
  0.03259375 -0.19774197E+02  0.12135918E+01      0.00000000      0.00000000
  0.03281250 -0.18892197E+02  0.12073848E+01      0.00000000      0.00000000
  0.03303125 -0.18014502E+02  0.12029567E+01      0.00000000      0.00000000
  0.03325000 -0.17139372E+02  0.12003061E+01      0.00000000      0.00000000
  0.03346875 -0.16265209E+02  0.11994466E+01      0.00000000      0.00000000
  0.03368750 -0.15391233E+02  0.12003988E+01      0.00000000      0.00000000
  0.03390625 -0.14516045E+02  0.12031953E+01      0.00000000      0.00000000
  0.03412500 -0.13637866E+02  0.12078851E+01      0.00000000      0.00000000
  0.03434375 -0.12755736E+02  0.12145205E+01      0.00000000      0.00000000
  0.03456250 -0.11868084E+02  0.12231755E+01      0.00000000      0.00000000
  0.03478125 -0.10973345E+02  0.12339367E+01      0.00000000      0.00000000
  0.03500000 -0.10070137E+02  0.12469023E+01      0.00000000      0.00000000
  0.03521875 -0.91567793E+01  0.12621953E+01      0.00000000      0.00000000
  0.03543750 -0.82310486E+01  0.12799609E+01      0.00000000      0.00000000
  0.03565625 -0.72916193E+01  0.13003585E+01      0.00000000      0.00000000
  0.03587500 -0.63366213E+01  0.13235695E+01      0.00000000      0.00000000
  0.03609375 -0.53635659E+01  0.13498249E+01      0.00000000      0.00000000
  0.03631250 -0.43700662E+01  0.13793839E+01      0.00000000      0.00000000
  0.03653125 -0.33544002E+01  0.14125152E+01      0.00000000      0.00000000
  0.03675000 -0.23131604E+01  0.14495851E+01      0.00000000      0.00000000
  0.03696875 -0.12434206E+01  0.14909871E+01      0.00000000      0.00000000
  0.03718750 -0.14192581E+00  0.15371912E+01      0.00000000      0.00000000
  0.03740625  0.99490452E+00  0.15887383E+01      0.00000000      0.00000000
  0.03762500  0.21708918E+01  0.16462562E+01      0.00000000      0.00000000
  0.03784375  0.33909988E+01  0.17105255E+01      0.00000000      0.00000000
  0.03806250  0.46602097E+01  0.17824389E+01      0.00000000      0.00000000
  0.03828125  0.59846478E+01  0.18630984E+01      0.00000000      0.00000000
  0.03850000  0.73702335E+01  0.19537551E+01      0.00000000      0.00000000
  0.03871875  0.88258715E+01  0.20560768E+01      0.00000000      0.00000000
  0.03893750  0.10359545E+02  0.21719422E+01      0.00000000      0.00000000
  0.03915625  0.11982368E+02  0.23038168E+01      0.00000000      0.00000000
  0.03937500  0.13706594E+02  0.24547105E+01      0.00000000      0.00000000
  0.03959375  0.15546201E+02  0.26283798E+01      0.00000000      0.00000000
  0.03981250  0.17520578E+02  0.28299158E+01      0.00000000      0.00000000
  0.04003125  0.19650288E+02  0.30656452E+01      0.00000000      0.00000000
  0.04025000  0.21962030E+02  0.33441014E+01      0.00000000      0.00000000
  0.04046875  0.24489590E+02  0.36768942E+01      0.00000000      0.00000000
  0.04068750  0.27276972E+02  0.40802751E+01      0.00000000      0.00000000
  0.04090625  0.30375122E+02  0.45763912E+01      0.00000000      0.00000000
  0.04112500  0.33862434E+02  0.51995053E+01      0.00000000      0.00000000
  0.04134375  0.37832230E+02  0.59992838E+01      0.00000000      0.00000000
  0.04156250  0.42428787E+02  0.70573921E+01      0.00000000      0.00000000
  0.04178125  0.47842735E+02  0.85060654E+01      0.00000000      0.00000000
  0.04200000  0.54365482E+02  0.10582018E+02      0.00000000      0.00000000
  0.04221875  0.62437462E+02  0.13737393E+02      0.00000000      0.00000000
  0.04243750  0.72732086E+02  0.18926018E+02      0.00000000      0.00000000
  0.04265625  0.86129822E+02  0.28383781E+02      0.00000000      0.00000000
  0.04287500  0.10264950E+03  0.47980083E+02      0.00000000      0.00000000
  0.04309375  0.11161505E+03  0.91331055E+02      0.00000000      0.00000000
  0.04331250  0.62879436E+02  0.14154610E+03      0.00000000      0.00000000
  0.04353125  0.10401116E+02  0.10744995E+03      0.00000000      0.00000000
  0.04375000  0.24060379E+02  0.78789185E+02      0.00000000      0.00000000
  0.04396875  0.46370842E+02  0.92940163E+02      0.00000000      0.00000000
  0.04418750  0.24250557E+02  0.13917291E+03      0.00000000      0.00000000
  0.04440625 -0.43446152E+02  0.11751117E+03      0.00000000      0.00000000
  0.04462500 -0.45693352E+02  0.64814278E+02      0.00000000      0.00000000
  0.04484375 -0.25618322E+02  0.40084484E+02      0.00000000      0.00000000
  0.04506250 -0.59694319E+01  0.30093952E+02      0.00000000      0.00000000
  0.04528125  0.11963981E+02  0.26774885E+02      0.00000000      0.00000000
  0.04550000  0.29618237E+02  0.27640182E+02      0.00000000      0.00000000
  0.04571875  0.48630337E+02  0.32881889E+02      0.00000000      0.00000000
  0.04593750  0.70436920E+02  0.45550529E+02      0.00000000      0.00000000
  0.04615625  0.93016983E+02  0.74888626E+02      0.00000000      0.00000000
  0.04637500  0.88844666E+02  0.13294829E+03      0.00000000      0.00000000
  0.04659375  0.24075138E+02  0.14803375E+03      0.00000000      0.00000000
  0.04681250  0.18119467E+02  0.10807301E+03      0.00000000      0.00000000
  0.04703125  0.52178665E+02  0.11048393E+03      0.00000000      0.00000000
  0.04725000  0.67913261E+02  0.16582913E+03      0.00000000      0.00000000
  0.04746875  0.91031895E+01  0.21532312E+03      0.00000000      0.00000000
  0.04768750 -0.56210556E+02  0.21102608E+03      0.00000000      0.00000000
  0.04790625 -0.10533686E+03  0.15141066E+03      0.00000000      0.00000000
  0.04812500 -0.83198761E+02  0.97716400E+02      0.00000000      0.00000000
  0.04834375 -0.44755032E+02  0.87924164E+02      0.00000000      0.00000000
  0.04856250 -0.18623102E+02  0.11740909E+03      0.00000000      0.00000000
  0.04878125 -0.54328606E+02  0.15837634E+03      0.00000000      0.00000000
  0.04900000 -0.93938400E+02  0.12072485E+03      0.00000000      0.00000000
  0.04921875 -0.71601227E+02  0.92806709E+02      0.00000000      0.00000000
  0.04943750 -0.45628487E+02  0.11105218E+03      0.00000000      0.00000000
  0.04965625 -0.74578613E+02  0.15287149E+03      0.00000000      0.00000000
  0.04987500 -0.12520395E+03  0.11904078E+03      0.00000000      0.00000000
  0.05009375 -0.11105149E+03  0.79263771E+02      0.00000000      0.00000000
  0.05031250 -0.82098854E+02  0.76973267E+02      0.00000000      0.00000000
  0.05053125 -0.70678940E+02  0.11190744E+03      0.00000000      0.00000000
  0.05075000 -0.12837601E+03  0.13943182E+03      0.00000000      0.00000000
  0.05096875 -0.16764310E+03  0.85708412E+02      0.00000000      0.00000000
  0.05118750 -0.15548996E+03  0.45888618E+02      0.00000000      0.00000000
  0.05140625 -0.13846654E+03  0.27890356E+02      0.00000000      0.00000000
  0.05162500 -0.12481621E+03  0.19012430E+02      0.00000000      0.00000000
  0.05184375 -0.11425175E+03  0.14029082E+02      0.00000000      0.00000000
  0.05206250 -0.10589098E+03  0.10930360E+02      0.00000000      0.00000000
  0.05228125 -0.99093224E+02  0.88523483E+01      0.00000000      0.00000000
  0.05250000 -0.93427521E+02  0.73760757E+01      0.00000000      0.00000000
  0.05271875 -0.88612137E+02  0.62810020E+01      0.00000000      0.00000000
  0.05293750 -0.84449295E+02  0.54398990E+01      0.00000000      0.00000000
  0.05315625 -0.80803528E+02  0.47763286E+01      0.00000000      0.00000000
  0.05337500 -0.77573410E+02  0.42408457E+01      0.00000000      0.00000000
  0.05359375 -0.74684898E+02  0.38007951E+01      0.00000000      0.00000000
  0.05381250 -0.72080872E+02  0.34335260E+01      0.00000000      0.00000000
  0.05403125 -0.69716194E+02  0.31228461E+01      0.00000000      0.00000000
  0.05425000 -0.67557159E+02  0.28572149E+01      0.00000000      0.00000000
  0.05446875 -0.65574745E+02  0.26277752E+01      0.00000000      0.00000000
  0.05468750 -0.63745380E+02  0.24278297E+01      0.00000000      0.00000000
  0.05490625 -0.62050823E+02  0.22523258E+01      0.00000000      0.00000000
  0.05512500 -0.60474937E+02  0.20971951E+01      0.00000000      0.00000000
  0.05534375 -0.59004124E+02  0.19592077E+01      0.00000000      0.00000000
  0.05556250 -0.57627312E+02  0.18358179E+01      0.00000000      0.00000000
  0.05578125 -0.56335278E+02  0.17249655E+01      0.00000000      0.00000000
  0.05600000 -0.55119095E+02  0.16248798E+01      0.00000000      0.00000000
  0.05621875 -0.53971893E+02  0.15341519E+01      0.00000000      0.00000000
  0.05643750 -0.52887383E+02  0.14516060E+01      0.00000000      0.00000000
  0.05665625 -0.51859787E+02  0.13762168E+01      0.00000000      0.00000000
  0.05687500 -0.50884560E+02  0.13071542E+01      0.00000000      0.00000000
  0.05709375 -0.49957397E+02  0.12437074E+01      0.00000000      0.00000000
  0.05731250 -0.49074471E+02  0.11852410E+01      0.00000000      0.00000000
  0.05753125 -0.48231777E+02  0.11311967E+01      0.00000000      0.00000000
  0.05775000 -0.47427410E+02  0.10811741E+01      0.00000000      0.00000000
  0.05796875 -0.46657581E+02  0.10347149E+01      0.00000000      0.00000000
  0.05818750 -0.45920547E+02  0.99151313E+00      0.00000000      0.00000000
  0.05840625 -0.45213726E+02  0.95122772E+00      0.00000000      0.00000000
  0.05862500 -0.44535088E+02  0.91360223E+00      0.00000000      0.00000000
  0.05884375 -0.43882862E+02  0.87839317E+00      0.00000000      0.00000000
  0.05906250 -0.43255508E+02  0.84539580E+00      0.00000000      0.00000000
  0.05928125 -0.42651588E+02  0.81442755E+00      0.00000000      0.00000000
  0.05950000 -0.42069134E+02  0.78528786E+00      0.00000000      0.00000000
  0.05971875 -0.41507339E+02  0.75785542E+00      0.00000000      0.00000000
  0.05993750 -0.40964935E+02  0.73198307E+00      0.00000000      0.00000000
  0.06015625 -0.40440842E+02  0.70755643E+00      0.00000000      0.00000000
  0.06037500 -0.39934006E+02  0.68445992E+00      0.00000000      0.00000000
  0.06059375 -0.39443573E+02  0.66259331E+00      0.00000000      0.00000000
  0.06081250 -0.38968521E+02  0.64186883E+00      0.00000000      0.00000000
  0.06103125 -0.38508194E+02  0.62220299E+00      0.00000000      0.00000000
  0.06125000 -0.38061768E+02  0.60352325E+00      0.00000000      0.00000000
  0.06146875 -0.37628685E+02  0.58576488E+00      0.00000000      0.00000000
  0.06168750 -0.37208115E+02  0.56885648E+00      0.00000000      0.00000000
  0.06190625 -0.36799530E+02  0.55274725E+00      0.00000000      0.00000000
  0.06212500 -0.36402596E+02  0.53739512E+00      0.00000000      0.00000000
  0.06234375 -0.36016319E+02  0.52273464E+00      0.00000000      0.00000000
  0.06256250 -0.35640709E+02  0.50873733E+00      0.00000000      0.00000000
  0.06278125 -0.35274826E+02  0.49534476E+00      0.00000000      0.00000000
  0.06300000 -0.34918625E+02  0.48253804E+00      0.00000000      0.00000000
  0.06321875 -0.34571548E+02  0.47027427E+00      0.00000000      0.00000000
  0.06343750 -0.34233208E+02  0.45852339E+00      0.00000000      0.00000000
  0.06365625 -0.33903172E+02  0.44725159E+00      0.00000000      0.00000000
  0.06387500 -0.33581253E+02  0.43643659E+00      0.00000000      0.00000000
  0.06409375 -0.33267021E+02  0.42605114E+00      0.00000000      0.00000000
  0.06431250 -0.32960232E+02  0.41607332E+00      0.00000000      0.00000000
  0.06453125 -0.32660530E+02  0.40648016E+00      0.00000000      0.00000000
  0.06475000 -0.32367699E+02  0.39724934E+00      0.00000000      0.00000000
  0.06496875 -0.32081482E+02  0.38836500E+00      0.00000000      0.00000000
  0.06518750 -0.31801546E+02  0.37980413E+00      0.00000000      0.00000000
  0.06540625 -0.31527786E+02  0.37155834E+00      0.00000000      0.00000000
  0.06562500 -0.31259933E+02  0.36360443E+00      0.00000000      0.00000000
  0.06584375 -0.30997679E+02  0.35592878E+00      0.00000000      0.00000000
  0.06606250 -0.30741055E+02  0.34852460E+00      0.00000000      0.00000000
  0.06628125 -0.30489637E+02  0.34137130E+00      0.00000000      0.00000000
  0.06650000 -0.30243322E+02  0.33446082E+00      0.00000000      0.00000000
  0.06671875 -0.30001984E+02  0.32777947E+00      0.00000000      0.00000000
  0.06693751 -0.29765533E+02  0.32132074E+00      0.00000000      0.00000000
  0.06715626 -0.29533422E+02  0.31506240E+00      0.00000000      0.00000000
  0.06737500 -0.29306137E+02  0.30901530E+00      0.00000000      0.00000000
  0.06759375 -0.29082991E+02  0.30315393E+00      0.00000000      0.00000000
  0.06781250 -0.28864189E+02  0.29747915E+00      0.00000000      0.00000000
  0.06803125 -0.28649242E+02  0.29197520E+00      0.00000000      0.00000000
  0.06825000 -0.28438471E+02  0.28664303E+00      0.00000000      0.00000000
  0.06846875 -0.28231390E+02  0.28146839E+00      0.00000000      0.00000000
  0.06868750 -0.28028111E+02  0.27644816E+00      0.00000000      0.00000000
  0.06890625 -0.27828327E+02  0.27157390E+00      0.00000000      0.00000000
  0.06912500 -0.27632141E+02  0.26684225E+00      0.00000000      0.00000000
  0.06934375 -0.27439260E+02  0.26224643E+00      0.00000000      0.00000000
  0.06956250 -0.27249771E+02  0.25778067E+00      0.00000000      0.00000000
  0.06978125 -0.27063423E+02  0.25344026E+00      0.00000000      0.00000000
