  0.00000000  0.32348459E+03  0.16178135E+02      0.00000000      0.00000000
  0.00021875  0.34207825E+03  0.11336121E+03      0.00000000      0.00000000
  0.00043750  0.35043582E+03  0.28382602E+03      0.00000000      0.00000000
  0.00065625  0.15259978E+03  0.50464008E+03      0.00000000      0.00000000
  0.00087500 -0.13730139E+03  0.37903293E+03      0.00000000      0.00000000
  0.00109375 -0.15260487E+03  0.19015105E+03      0.00000000      0.00000000
  0.00131250 -0.10265629E+03  0.10434654E+03      0.00000000      0.00000000
  0.00153125 -0.58716820E+02  0.65672813E+02      0.00000000      0.00000000
  0.00175000 -0.25157007E+02  0.45870972E+02      0.00000000      0.00000000
  0.00196875  0.89204335E+00  0.34604736E+02      0.00000000      0.00000000
  0.00218750  0.21850067E+02  0.27754562E+02      0.00000000      0.00000000
  0.00240625  0.39467690E+02  0.23420170E+02      0.00000000      0.00000000
  0.00262500  0.54846855E+02  0.20698029E+02      0.00000000      0.00000000
  0.00284375  0.68839401E+02  0.19094349E+02      0.00000000      0.00000000
  0.00306250  0.82071678E+02  0.18363235E+02      0.00000000      0.00000000
  0.00328125  0.95080704E+02  0.18402470E+02      0.00000000      0.00000000
  0.00350000  0.10835781E+03  0.19228325E+02      0.00000000      0.00000000
  0.00371875  0.12246161E+03  0.20981678E+02      0.00000000      0.00000000
  0.00393750  0.13804337E+03  0.23991947E+02      0.00000000      0.00000000
  0.00415625  0.15598398E+03  0.28938486E+02      0.00000000      0.00000000
  0.00437500  0.17753194E+03  0.37254932E+02      0.00000000      0.00000000
  0.00459375  0.20436877E+03  0.52260300E+02      0.00000000      0.00000000
  0.00481250  0.23712146E+03  0.82318504E+02      0.00000000      0.00000000
  0.00503125  0.26276947E+03  0.14531976E+03      0.00000000      0.00000000
  0.00525000  0.23338818E+03  0.22316998E+03      0.00000000      0.00000000
  0.00546875  0.17993292E+03  0.26974295E+03      0.00000000      0.00000000
  0.00568750  0.99358521E+02  0.27785150E+03      0.00000000      0.00000000
  0.00590625  0.70098236E+02  0.24102417E+03      0.00000000      0.00000000
  0.00612500  0.47840755E+02  0.25691943E+03      0.00000000      0.00000000
  0.00634375 -0.24046169E+02  0.23351215E+03      0.00000000      0.00000000
  0.00656250 -0.44512417E+02  0.14920734E+03      0.00000000      0.00000000
  0.00678125 -0.55256586E+01  0.95581818E+02      0.00000000      0.00000000
  0.00700000  0.40732189E+02  0.76801178E+02      0.00000000      0.00000000
  0.00721875  0.86642212E+02  0.77958374E+02      0.00000000      0.00000000
  0.00743750  0.13476811E+03  0.99145020E+02      0.00000000      0.00000000
  0.00765625  0.17935703E+03  0.15578311E+03      0.00000000      0.00000000
  0.00787500  0.17350688E+03  0.25208400E+03      0.00000000      0.00000000
  0.00809375  0.10721515E+03  0.31778052E+03      0.00000000      0.00000000
  0.00831250  0.18434969E+02  0.35686981E+03      0.00000000      0.00000000
  0.00853125 -0.10469938E+03  0.31297641E+03      0.00000000      0.00000000
  0.00875000 -0.12593419E+03  0.21092068E+03      0.00000000      0.00000000
  0.00896875 -0.11148385E+03  0.17413660E+03      0.00000000      0.00000000
  0.00918750 -0.11596324E+03  0.12703827E+03      0.00000000      0.00000000
  0.00940625 -0.84016052E+02  0.83516838E+02      0.00000000      0.00000000
  0.00962500 -0.43922943E+02  0.66244232E+02      0.00000000      0.00000000
  0.00984375 -0.47985802E+01  0.65556854E+02      0.00000000      0.00000000
  0.01006250  0.34422501E+02  0.81779640E+02      0.00000000      0.00000000
  0.01028125  0.65681274E+02  0.12801849E+03      0.00000000      0.00000000
  0.01050000  0.39664108E+02  0.19639111E+03      0.00000000      0.00000000
  0.01071875 -0.20188087E+02  0.19248804E+03      0.00000000      0.00000000
  0.01093750 -0.18038145E+02  0.18073106E+03      0.00000000      0.00000000
  0.01115625 -0.53429615E+02  0.21058823E+03      0.00000000      0.00000000
  0.01137500 -0.99192322E+02  0.16440524E+03      0.00000000      0.00000000
  0.01159375 -0.84409126E+02  0.13715417E+03      0.00000000      0.00000000
  0.01181250 -0.97639450E+02  0.12904469E+03      0.00000000      0.00000000
  0.01203125 -0.92651596E+02  0.90326950E+02      0.00000000      0.00000000
  0.01225000 -0.60797646E+02  0.75127655E+02      0.00000000      0.00000000
  0.01246875 -0.33749245E+02  0.89961899E+02      0.00000000      0.00000000
  0.01268750 -0.43918598E+02  0.11484560E+03      0.00000000      0.00000000
  0.01290625 -0.53758125E+02  0.98927429E+02      0.00000000      0.00000000
  0.01312500 -0.35018986E+02  0.10222933E+03      0.00000000      0.00000000
  0.01334375 -0.46336800E+02  0.12299133E+03      0.00000000      0.00000000
  0.01356250 -0.54595146E+02  0.11106928E+03      0.00000000      0.00000000
  0.01378125 -0.49133949E+02  0.12412890E+03      0.00000000      0.00000000
  0.01400000 -0.72620415E+02  0.12940396E+03      0.00000000      0.00000000
  0.01421875 -0.90523987E+02  0.12503661E+03      0.00000000      0.00000000
  0.01443750 -0.10886325E+03  0.94746826E+02      0.00000000      0.00000000
  0.01465625 -0.89204330E+02  0.68694145E+02      0.00000000      0.00000000
  0.01487500 -0.62083843E+02  0.72213272E+02      0.00000000      0.00000000
  0.01509375 -0.54858391E+02  0.10380038E+03      0.00000000      0.00000000
  0.01531250 -0.87611710E+02  0.12071437E+03      0.00000000      0.00000000
  0.01553125 -0.12200083E+03  0.11342480E+03      0.00000000      0.00000000
  0.01575000 -0.14420393E+03  0.72999512E+02      0.00000000      0.00000000
  0.01596875 -0.13216464E+03  0.40680492E+02      0.00000000      0.00000000
  0.01618750 -0.11621294E+03  0.25578159E+02      0.00000000      0.00000000
  0.01640625 -0.10320061E+03  0.18011265E+02      0.00000000      0.00000000
  0.01662500 -0.92880997E+02  0.13706080E+02      0.00000000      0.00000000
  0.01684375 -0.84503784E+02  0.10999327E+02      0.00000000      0.00000000
  0.01706250 -0.77508438E+02  0.91654615E+01      0.00000000      0.00000000
  0.01728125 -0.71521088E+02  0.78517127E+01      0.00000000      0.00000000
  0.01750000 -0.66298088E+02  0.68711281E+01      0.00000000      0.00000000
  0.01771875 -0.61661522E+02  0.61142564E+01      0.00000000      0.00000000
  0.01793750 -0.57491871E+02  0.55154200E+01      0.00000000      0.00000000
  0.01815625 -0.53698227E+02  0.50318913E+01      0.00000000      0.00000000
  0.01837500 -0.50213192E+02  0.46352730E+01      0.00000000      0.00000000
  0.01859375 -0.46984581E+02  0.43058577E+01      0.00000000      0.00000000
  0.01881250 -0.43970047E+02  0.40295186E+01      0.00000000      0.00000000
  0.01903125 -0.41137737E+02  0.37961669E+01      0.00000000      0.00000000
  0.01925000 -0.38459373E+02  0.35981014E+01      0.00000000      0.00000000
  0.01946875 -0.35911049E+02  0.34295182E+01      0.00000000      0.00000000
  0.01968750 -0.33474506E+02  0.32861207E+01      0.00000000      0.00000000
  0.01990625 -0.31133392E+02  0.31645188E+01      0.00000000      0.00000000
  0.02012500 -0.28872826E+02  0.30621181E+01      0.00000000      0.00000000
  0.02034375 -0.26679398E+02  0.29768803E+01      0.00000000      0.00000000
  0.02056250 -0.24541758E+02  0.29073000E+01      0.00000000      0.00000000
  0.02078125 -0.22449594E+02  0.28522649E+01      0.00000000      0.00000000
  0.02100000 -0.20391651E+02  0.28109722E+01      0.00000000      0.00000000
  0.02121875 -0.18359055E+02  0.27829454E+01      0.00000000      0.00000000
  0.02143750 -0.16341997E+02  0.27680101E+01      0.00000000      0.00000000
  0.02165625 -0.14331371E+02  0.27662413E+01      0.00000000      0.00000000
  0.02187500 -0.12317044E+02  0.27780261E+01      0.00000000      0.00000000
  0.02209375 -0.10289857E+02  0.28040552E+01      0.00000000      0.00000000
  0.02231250 -0.82385941E+01  0.28454044E+01      0.00000000      0.00000000
  0.02253125 -0.61518130E+01  0.29035647E+01      0.00000000      0.00000000
  0.02275000 -0.40169554E+01  0.29805744E+01      0.00000000      0.00000000
  0.02296875 -0.18195639E+01  0.30791593E+01      0.00000000      0.00000000
  0.02318750  0.45641899E+00  0.32029023E+01      0.00000000      0.00000000
  0.02340625  0.28311768E+01  0.33566952E+01      0.00000000      0.00000000
  0.02362500  0.53263960E+01  0.35469368E+01      0.00000000      0.00000000
  0.02384375  0.79720278E+01  0.37826557E+01      0.00000000      0.00000000
  0.02406250  0.10803411E+02  0.40762825E+01      0.00000000      0.00000000
  0.02428125  0.13864979E+02  0.44455318E+01      0.00000000      0.00000000
  0.02450000  0.17214987E+02  0.49163995E+01      0.00000000      0.00000000
  0.02471875  0.20934998E+02  0.55292091E+01      0.00000000      0.00000000
  0.02493750  0.25131802E+02  0.63473616E+01      0.00000000      0.00000000
  0.02515625  0.29962826E+02  0.74788737E+01      0.00000000      0.00000000
  0.02537500  0.35656090E+02  0.91181707E+01      0.00000000      0.00000000
  0.02559375  0.42559116E+02  0.11649879E+02      0.00000000      0.00000000
  0.02581250  0.51168625E+02  0.15912053E+02      0.00000000      0.00000000
  0.02603125  0.61996525E+02  0.23977940E+02      0.00000000      0.00000000
  0.02625000  0.73570175E+02  0.41231449E+02      0.00000000      0.00000000
  0.02646875  0.69954498E+02  0.73555008E+02      0.00000000      0.00000000
  0.02668750  0.37654442E+02  0.81178696E+02      0.00000000      0.00000000
  0.02690625  0.36422394E+02  0.70015732E+02      0.00000000      0.00000000
  0.02712500  0.34216934E+02  0.85651642E+02      0.00000000      0.00000000
  0.02734375  0.60866504E+01  0.78748528E+02      0.00000000      0.00000000
  0.02756250  0.11453729E+02  0.53537560E+02      0.00000000      0.00000000
  0.02778125  0.33323685E+02  0.47920052E+02      0.00000000      0.00000000
  0.02800000  0.56793991E+02  0.61292290E+02      0.00000000      0.00000000
  0.02821875  0.66286842E+02  0.97341942E+02      0.00000000      0.00000000
  0.02843750  0.44193066E+02  0.12255649E+03      0.00000000      0.00000000
  0.02865625  0.33119968E+02  0.14164008E+03      0.00000000      0.00000000
  0.02887500 -0.23140988E+01  0.16323370E+03      0.00000000      0.00000000
  0.02909375 -0.50720009E+02  0.16107458E+03      0.00000000      0.00000000
  0.02931250 -0.92124908E+02  0.12264035E+03      0.00000000      0.00000000
  0.02953125 -0.88256035E+02  0.72367508E+02      0.00000000      0.00000000
  0.02975000 -0.64048119E+02  0.49071537E+02      0.00000000      0.00000000
  0.02996875 -0.39892303E+02  0.44410606E+02      0.00000000      0.00000000
  0.03018750 -0.19344748E+02  0.55852402E+02      0.00000000      0.00000000
  0.03040625 -0.19445250E+02  0.85114395E+02      0.00000000      0.00000000
  0.03062500 -0.48048317E+02  0.88668579E+02      0.00000000      0.00000000
  0.03084375 -0.51522228E+02  0.82942596E+02      0.00000000      0.00000000
  0.03106250 -0.75902039E+02  0.88054497E+02      0.00000000      0.00000000
  0.03128125 -0.94085464E+02  0.55536949E+02      0.00000000      0.00000000
  0.03150000 -0.84120193E+02  0.31051308E+02      0.00000000      0.00000000
  0.03171875 -0.71637314E+02  0.19784470E+02      0.00000000      0.00000000
  0.03193750 -0.61407368E+02  0.14170029E+02      0.00000000      0.00000000
  0.03215625 -0.53167854E+02  0.11020618E+02      0.00000000      0.00000000
  0.03237500 -0.46320995E+02  0.90919113E+01      0.00000000      0.00000000
  0.03259375 -0.40427509E+02  0.78430085E+01      0.00000000      0.00000000
  0.03281250 -0.35190842E+02  0.70129094E+01      0.00000000      0.00000000
  0.03303125 -0.30402702E+02  0.64651370E+01      0.00000000      0.00000000
  0.03325000 -0.25909077E+02  0.61259632E+01      0.00000000      0.00000000
  0.03346875 -0.21588457E+02  0.59571772E+01      0.00000000      0.00000000
  0.03368750 -0.17330574E+02  0.59441099E+01      0.00000000      0.00000000
  0.03390625 -0.13032814E+02  0.60923643E+01      0.00000000      0.00000000
  0.03412500 -0.85805025E+01  0.64303837E+01      0.00000000      0.00000000
  0.03434375 -0.38368530E+01  0.70206642E+01      0.00000000      0.00000000
  0.03456250  0.13790436E+01  0.79868231E+01      0.00000000      0.00000000
  0.03478125  0.73237991E+01  0.95790081E+01      0.00000000      0.00000000
  0.03500000  0.14368162E+02  0.12344462E+02      0.00000000      0.00000000
  0.03521875  0.22956942E+02  0.17617306E+02      0.00000000      0.00000000
  0.03543750  0.32708893E+02  0.28949196E+02      0.00000000      0.00000000
  0.03565625  0.35251141E+02  0.53476467E+02      0.00000000      0.00000000
  0.03587500  0.47050753E+01  0.71610855E+02      0.00000000      0.00000000
  0.03609375 -0.13554565E+02  0.47757195E+02      0.00000000      0.00000000
  0.03631250 -0.34198756E+01  0.31966671E+02      0.00000000      0.00000000
  0.03653125  0.11647496E+02  0.29680908E+02      0.00000000      0.00000000
  0.03675000  0.26991758E+02  0.38367668E+02      0.00000000      0.00000000
  0.03696875  0.33759224E+02  0.62838146E+02      0.00000000      0.00000000
  0.03718750  0.70866652E+01  0.80602623E+02      0.00000000      0.00000000
  0.03740625 -0.38952165E+01  0.59889153E+02      0.00000000      0.00000000
  0.03762500  0.13102160E+02  0.54129478E+02      0.00000000      0.00000000
  0.03784375  0.28482756E+02  0.74434158E+02      0.00000000      0.00000000
  0.03806250  0.11065759E+02  0.10537041E+03      0.00000000      0.00000000
  0.03828125 -0.16427696E+02  0.10835806E+03      0.00000000      0.00000000
  0.03850000 -0.47006310E+02  0.94455276E+02      0.00000000      0.00000000
  0.03871875 -0.45666847E+02  0.61004456E+02      0.00000000      0.00000000
  0.03893750 -0.23829542E+02  0.48625034E+02      0.00000000      0.00000000
  0.03915625  0.28803730E+00  0.56122231E+02      0.00000000      0.00000000
  0.03937500  0.17006420E+02  0.89669807E+02      0.00000000      0.00000000
  0.03959375 -0.19624786E+02  0.14140816E+03      0.00000000      0.00000000
  0.03981250 -0.83708244E+02  0.11184258E+03      0.00000000      0.00000000
  0.04003125 -0.79030571E+02  0.68642792E+02      0.00000000      0.00000000
  0.04025000 -0.58420967E+02  0.60261578E+02      0.00000000      0.00000000
  0.04046875 -0.55991028E+02  0.77389458E+02      0.00000000      0.00000000
  0.04068750 -0.85965820E+02  0.71948288E+02      0.00000000      0.00000000
  0.04090625 -0.87551376E+02  0.42204849E+02      0.00000000      0.00000000
  0.04112500 -0.74118958E+02  0.27193684E+02      0.00000000      0.00000000
  0.04134375 -0.60545307E+02  0.21821796E+02      0.00000000      0.00000000
  0.04156250 -0.47827915E+02  0.22147110E+02      0.00000000      0.00000000
  0.04178125 -0.35676548E+02  0.29271893E+02      0.00000000      0.00000000
  0.04200000 -0.29950882E+02  0.49275307E+02      0.00000000      0.00000000
  0.04221875 -0.56498528E+02  0.70004539E+02      0.00000000      0.00000000
  0.04243750 -0.82555733E+02  0.46554863E+02      0.00000000      0.00000000
  0.04265625 -0.78269547E+02  0.24858616E+02      0.00000000      0.00000000
  0.04287500 -0.69505913E+02  0.15117439E+02      0.00000000      0.00000000
  0.04309375 -0.62112240E+02  0.10488842E+02      0.00000000      0.00000000
  0.04331250 -0.56179619E+02  0.79920859E+01      0.00000000      0.00000000
  0.04353125 -0.51289188E+02  0.65007992E+01      0.00000000      0.00000000
  0.04375000 -0.47113708E+02  0.55433187E+01      0.00000000      0.00000000
  0.04396875 -0.43438435E+02  0.48998995E+01      0.00000000      0.00000000
  0.04418750 -0.40113789E+02  0.44570718E+01      0.00000000      0.00000000
  0.04440625 -0.37037331E+02  0.41531663E+01      0.00000000      0.00000000
  0.04462500 -0.34130188E+02  0.39527977E+01      0.00000000      0.00000000
  0.04484375 -0.31330919E+02  0.38361592E+01      0.00000000      0.00000000
  0.04506250 -0.28586140E+02  0.37931647E+01      0.00000000      0.00000000
  0.04528125 -0.25848156E+02  0.38210042E+01      0.00000000      0.00000000
  0.04550000 -0.23065557E+02  0.39234729E+01      0.00000000      0.00000000
  0.04571875 -0.20185631E+02  0.41115341E+01      0.00000000      0.00000000
  0.04593750 -0.17144381E+02  0.44058151E+01      0.00000000      0.00000000
  0.04615625 -0.13860699E+02  0.48415847E+01      0.00000000      0.00000000
  0.04637500 -0.10227318E+02  0.54784627E+01      0.00000000      0.00000000
  0.04659375 -0.60939336E+01  0.64198866E+01      0.00000000      0.00000000
  0.04681250 -0.12361655E+01  0.78565030E+01      0.00000000      0.00000000
  0.04703125  0.46810274E+01  0.10162798E+02      0.00000000      0.00000000
  0.04725000  0.12164354E+02  0.14153735E+02      0.00000000      0.00000000
  0.04746875  0.21807598E+02  0.21808346E+02      0.00000000      0.00000000
  0.04768750  0.32837090E+02  0.38320259E+02      0.00000000      0.00000000
  0.04790625  0.32579971E+02  0.72226654E+02      0.00000000      0.00000000
  0.04812500 -0.24949245E+01  0.96322479E+02      0.00000000      0.00000000
  0.04834375 -0.36863518E+02  0.95780441E+02      0.00000000      0.00000000
  0.04856250 -0.68503052E+02  0.67350479E+02      0.00000000      0.00000000
  0.04878125 -0.65053741E+02  0.36048370E+02      0.00000000      0.00000000
  0.04900000 -0.53310272E+02  0.21567142E+02      0.00000000      0.00000000
  0.04921875 -0.43051689E+02  0.15012621E+02      0.00000000      0.00000000
  0.04943750 -0.34567181E+02  0.11845182E+02      0.00000000      0.00000000
  0.04965625 -0.27167635E+02  0.10370252E+02      0.00000000      0.00000000
  0.04987500 -0.20250101E+02  0.99473667E+01      0.00000000      0.00000000
  0.05009375 -0.13308261E+02  0.10393455E+02      0.00000000      0.00000000
  0.05031250 -0.58467741E+01  0.11833118E+02      0.00000000      0.00000000
  0.05053125  0.27236238E+01  0.14793343E+02      0.00000000      0.00000000
  0.05075000  0.13118386E+02  0.20665865E+02      0.00000000      0.00000000
  0.05096875  0.25587637E+02  0.33158775E+02      0.00000000      0.00000000
  0.05118750  0.34246750E+02  0.60900169E+02      0.00000000      0.00000000
  0.05140625  0.11381846E+02  0.97144577E+02      0.00000000      0.00000000
  0.05162500 -0.25773197E+02  0.10214217E+03      0.00000000      0.00000000
  0.05184375 -0.63014069E+02  0.83573898E+02      0.00000000      0.00000000
  0.05206250 -0.66384026E+02  0.47087040E+02      0.00000000      0.00000000
  0.05228125 -0.52738091E+02  0.28739605E+02      0.00000000      0.00000000
  0.05250000 -0.38998146E+02  0.21334564E+02      0.00000000      0.00000000
  0.05271875 -0.26433479E+02  0.18962280E+02      0.00000000      0.00000000
  0.05293750 -0.13997443E+02  0.19789280E+02      0.00000000      0.00000000
  0.05315625 -0.44529390E+00  0.24047392E+02      0.00000000      0.00000000
  0.05337500  0.15299156E+02  0.34228462E+02      0.00000000      0.00000000
  0.05359375  0.31255585E+02  0.57459328E+02      0.00000000      0.00000000
  0.05381250  0.27321676E+02  0.98886848E+02      0.00000000      0.00000000
  0.05403125 -0.22952342E+01  0.12080534E+03      0.00000000      0.00000000
  0.05425000 -0.32034828E+02  0.13292099E+03      0.00000000      0.00000000
  0.05446875 -0.60587769E+02  0.13312210E+03      0.00000000      0.00000000
  0.05468750 -0.92995003E+02  0.12371107E+03      0.00000000      0.00000000
  0.05490625 -0.12396967E+03  0.10357191E+03      0.00000000      0.00000000
  0.05512500 -0.13432404E+03  0.60649502E+02      0.00000000      0.00000000
  0.05534375 -0.12078916E+03  0.33696350E+02      0.00000000      0.00000000
  0.05556250 -0.10700124E+03  0.21051039E+02      0.00000000      0.00000000
  0.05578125 -0.96352707E+02  0.14510139E+02      0.00000000      0.00000000
  0.05600000 -0.88213379E+02  0.10713190E+02      0.00000000      0.00000000
  0.05621875 -0.81834473E+02  0.83054008E+01      0.00000000      0.00000000
  0.05643750 -0.76690689E+02  0.66730776E+01      0.00000000      0.00000000
  0.05665625 -0.72445015E+02  0.55108223E+01      0.00000000      0.00000000
  0.05687500 -0.68870560E+02  0.46508121E+01      0.00000000      0.00000000
  0.05709375 -0.65807785E+02  0.39939029E+01      0.00000000      0.00000000
  0.05731250 -0.63146244E+02  0.34793024E+01      0.00000000      0.00000000
  0.05753125 -0.60805202E+02  0.30675497E+01      0.00000000      0.00000000
  0.05775000 -0.58725235E+02  0.27322383E+01      0.00000000      0.00000000
  0.05796875 -0.56860729E+02  0.24549818E+01      0.00000000      0.00000000
  0.05818750 -0.55176102E+02  0.22226496E+01      0.00000000      0.00000000
  0.05840625 -0.53643539E+02  0.20256784E+01      0.00000000      0.00000000
  0.05862500 -0.52241249E+02  0.18570163E+01      0.00000000      0.00000000
  0.05884375 -0.50951340E+02  0.17112991E+01      0.00000000      0.00000000
  0.05906250 -0.49758625E+02  0.15843143E+01      0.00000000      0.00000000
  0.05928125 -0.48651173E+02  0.14728692E+01      0.00000000      0.00000000
  0.05950000 -0.47619297E+02  0.13744514E+01      0.00000000      0.00000000
  0.05971875 -0.46654320E+02  0.12870133E+01      0.00000000      0.00000000
  0.05993750 -0.45748867E+02  0.12088819E+01      0.00000000      0.00000000
  0.06015625 -0.44896729E+02  0.11387188E+01      0.00000000      0.00000000
  0.06037500 -0.44092712E+02  0.10754325E+01      0.00000000      0.00000000
  0.06059375 -0.43332436E+02  0.10181152E+01      0.00000000      0.00000000
  0.06081250 -0.42611641E+02  0.96599144E+00      0.00000000      0.00000000
  0.06103125 -0.41926666E+02  0.91839921E+00      0.00000000      0.00000000
  0.06125000 -0.41274986E+02  0.87483466E+00      0.00000000      0.00000000
  0.06146875 -0.40653397E+02  0.83480519E+00      0.00000000      0.00000000
  0.06168750 -0.40059563E+02  0.79791522E+00      0.00000000      0.00000000
  0.06190625 -0.39491669E+02  0.76384658E+00      0.00000000      0.00000000
  0.06212500 -0.38947342E+02  0.73227549E+00      0.00000000      0.00000000
  0.06234375 -0.38425182E+02  0.70296431E+00      0.00000000      0.00000000
  0.06256250 -0.37923588E+02  0.67568696E+00      0.00000000      0.00000000
  0.06278125 -0.37441067E+02  0.65024233E+00      0.00000000      0.00000000
  0.06300000 -0.36976437E+02  0.62646025E+00      0.00000000      0.00000000
  0.06321875 -0.36528511E+02  0.60419440E+00      0.00000000      0.00000000
  0.06343750 -0.36096363E+02  0.58330870E+00      0.00000000      0.00000000
  0.06365625 -0.35678738E+02  0.56367069E+00      0.00000000      0.00000000
  0.06387500 -0.35275108E+02  0.54519457E+00      0.00000000      0.00000000
  0.06409375 -0.34884407E+02  0.52776861E+00      0.00000000      0.00000000
  0.06431250 -0.34506104E+02  0.51131868E+00      0.00000000      0.00000000
  0.06453125 -0.34139240E+02  0.49575779E+00      0.00000000      0.00000000
  0.06475000 -0.33783653E+02  0.48103493E+00      0.00000000      0.00000000
  0.06496875 -0.33438316E+02  0.46707025E+00      0.00000000      0.00000000
  0.06518750 -0.33102932E+02  0.45381653E+00      0.00000000      0.00000000
  0.06540625 -0.32776943E+02  0.44122291E+00      0.00000000      0.00000000
  0.06562500 -0.32459908E+02  0.42923963E+00      0.00000000      0.00000000
  0.06584375 -0.32151390E+02  0.41782656E+00      0.00000000      0.00000000
  0.06606250 -0.31850967E+02  0.40694362E+00      0.00000000      0.00000000
  0.06628125 -0.31558250E+02  0.39655486E+00      0.00000000      0.00000000
  0.06650000 -0.31273001E+02  0.38663441E+00      0.00000000      0.00000000
  0.06671875 -0.30994717E+02  0.37714469E+00      0.00000000      0.00000000
  0.06693751 -0.30723211E+02  0.36806256E+00      0.00000000      0.00000000
  0.06715626 -0.30458132E+02  0.35936064E+00      0.00000000      0.00000000
  0.06737500 -0.30199379E+02  0.35102510E+00      0.00000000      0.00000000
  0.06759375 -0.29946438E+02  0.34302130E+00      0.00000000      0.00000000
  0.06781250 -0.29699320E+02  0.33533973E+00      0.00000000      0.00000000
  0.06803125 -0.29457556E+02  0.32795581E+00      0.00000000      0.00000000
  0.06825000 -0.29221277E+02  0.32086170E+00      0.00000000      0.00000000
  0.06846875 -0.28989872E+02  0.31402874E+00      0.00000000      0.00000000
  0.06868750 -0.28763510E+02  0.30745450E+00      0.00000000      0.00000000
  0.06890625 -0.28541672E+02  0.30111468E+00      0.00000000      0.00000000
  0.06912500 -0.28324554E+02  0.29500917E+00      0.00000000      0.00000000
  0.06934375 -0.28111645E+02  0.28911448E+00      0.00000000      0.00000000
  0.06956250 -0.27902988E+02  0.28342402E+00      0.00000000      0.00000000
  0.06978125 -0.27698431E+02  0.27793133E+00      0.00000000      0.00000000
