  0.00000000  0.99835167E+02  0.24467554E+01      0.00000000      0.00000000
  0.00021875  0.10174630E+03  0.28354123E+01      0.00000000      0.00000000
  0.00043750  0.10394296E+03  0.32616720E+01      0.00000000      0.00000000
  0.00065625  0.10646279E+03  0.37424884E+01      0.00000000      0.00000000
  0.00087500  0.10935033E+03  0.42996321E+01      0.00000000      0.00000000
  0.00109375  0.11266005E+03  0.49622021E+01      0.00000000      0.00000000
  0.00131250  0.11648170E+03  0.57735701E+01      0.00000000      0.00000000
  0.00153125  0.12092806E+03  0.67978520E+01      0.00000000      0.00000000
  0.00175000  0.12616792E+03  0.81379385E+01      0.00000000      0.00000000
  0.00196875  0.13244263E+03  0.99656143E+01      0.00000000      0.00000000
  0.00218750  0.14010303E+03  0.12585117E+02      0.00000000      0.00000000
  0.00240625  0.14971143E+03  0.16592291E+02      0.00000000      0.00000000
  0.00262500  0.16210284E+03  0.23252331E+02      0.00000000      0.00000000
  0.00284375  0.17833514E+03  0.35576694E+02      0.00000000      0.00000000
  0.00306250  0.19797847E+03  0.61524414E+02      0.00000000      0.00000000
  0.00328125  0.20439357E+03  0.11830063E+03      0.00000000      0.00000000
  0.00350000  0.13568623E+03  0.17143266E+03      0.00000000      0.00000000
  0.00371875  0.83038712E+02  0.12663669E+03      0.00000000      0.00000000
  0.00393750  0.97889740E+02  0.10716077E+03      0.00000000      0.00000000
  0.00415625  0.87313095E+02  0.13474812E+03      0.00000000      0.00000000
  0.00437500  0.32408298E+02  0.11347247E+03      0.00000000      0.00000000
  0.00459375  0.32748535E+02  0.63634052E+02      0.00000000      0.00000000
  0.00481250  0.53255646E+02  0.39546078E+02      0.00000000      0.00000000
  0.00503125  0.72825249E+02  0.29200022E+02      0.00000000      0.00000000
  0.00525000  0.90163940E+02  0.24817822E+02      0.00000000      0.00000000
  0.00546875  0.10641196E+03  0.23600227E+02      0.00000000      0.00000000
  0.00568750  0.12280225E+03  0.24691841E+02      0.00000000      0.00000000
  0.00590625  0.14046747E+03  0.28281281E+02      0.00000000      0.00000000
  0.00612500  0.16070221E+03  0.35769951E+02      0.00000000      0.00000000
  0.00634375  0.18433194E+03  0.51209332E+02      0.00000000      0.00000000
  0.00656250  0.20612054E+03  0.84567215E+02      0.00000000      0.00000000
  0.00678125  0.19379430E+03  0.13139404E+03      0.00000000      0.00000000
  0.00700000  0.17275760E+03  0.13168201E+03      0.00000000      0.00000000
  0.00721875  0.18608919E+03  0.14972079E+03      0.00000000      0.00000000
  0.00743750  0.16868387E+03  0.17619962E+03      0.00000000      0.00000000
  0.00765625  0.16661966E+03  0.19273929E+03      0.00000000      0.00000000
  0.00787500  0.14496980E+03  0.22313878E+03      0.00000000      0.00000000
  0.00809375  0.10487526E+03  0.24356075E+03      0.00000000      0.00000000
  0.00831250  0.59274929E+02  0.22111926E+03      0.00000000      0.00000000
  0.00853125  0.70528015E+02  0.18775110E+03      0.00000000      0.00000000
  0.00875000  0.83385239E+02  0.21204266E+03      0.00000000      0.00000000
  0.00896875  0.53153389E+02  0.22789212E+03      0.00000000      0.00000000
  0.00918750  0.25437866E+02  0.21115903E+03      0.00000000      0.00000000
  0.00940625  0.16971680E+02  0.19230852E+03      0.00000000      0.00000000
  0.00962500  0.33336395E+02  0.17265474E+03      0.00000000      0.00000000
  0.00984375  0.43553719E+02  0.19061960E+03      0.00000000      0.00000000
  0.01006250  0.45171349E+02  0.19245660E+03      0.00000000      0.00000000
  0.01028125  0.43694115E+02  0.23023282E+03      0.00000000      0.00000000
  0.01050000 -0.27892199E+01  0.22247263E+03      0.00000000      0.00000000
  0.01071875  0.22401058E+02  0.20751028E+03      0.00000000      0.00000000
  0.01093750  0.25485035E+02  0.27215356E+03      0.00000000      0.00000000
  0.01115625 -0.63921886E+02  0.31005771E+03      0.00000000      0.00000000
  0.01137500 -0.15735194E+03  0.25447778E+03      0.00000000      0.00000000
  0.01159375 -0.16212660E+03  0.15641924E+03      0.00000000      0.00000000
  0.01181250 -0.11476086E+03  0.11074097E+03      0.00000000      0.00000000
  0.01203125 -0.68481094E+02  0.11268797E+03      0.00000000      0.00000000
  0.01225000 -0.56681938E+02  0.15223221E+03      0.00000000      0.00000000
  0.01246875 -0.97104462E+02  0.16726193E+03      0.00000000      0.00000000
  0.01268750 -0.13377147E+03  0.13535507E+03      0.00000000      0.00000000
  0.01290625 -0.12288196E+03  0.89809769E+02      0.00000000      0.00000000
  0.01312500 -0.92678864E+02  0.79041214E+02      0.00000000      0.00000000
  0.01334375 -0.82420547E+02  0.10005496E+03      0.00000000      0.00000000
  0.01356250 -0.11755826E+03  0.98680832E+02      0.00000000      0.00000000
  0.01378125 -0.12148646E+03  0.58973648E+02      0.00000000      0.00000000
  0.01400000 -0.10333284E+03  0.36580383E+02      0.00000000      0.00000000
  0.01421875 -0.85433746E+02  0.26320486E+02      0.00000000      0.00000000
  0.01443750 -0.70094452E+02  0.21198986E+02      0.00000000      0.00000000
  0.01465625 -0.56614819E+02  0.18559658E+02      0.00000000      0.00000000
  0.01487500 -0.44179775E+02  0.17409925E+02      0.00000000      0.00000000
  0.01509375 -0.32098549E+02  0.17434750E+02      0.00000000      0.00000000
  0.01531250 -0.19709391E+02  0.18725769E+02      0.00000000      0.00000000
  0.01553125 -0.62636600E+01  0.21855768E+02      0.00000000      0.00000000
  0.01575000  0.91007814E+01  0.28395050E+02      0.00000000      0.00000000
  0.01596875  0.26535370E+02  0.42532612E+02      0.00000000      0.00000000
  0.01618750  0.38250195E+02  0.73162163E+02      0.00000000      0.00000000
  0.01640625  0.16511967E+02  0.10447018E+03      0.00000000      0.00000000
  0.01662500  0.29183197E+01  0.10354892E+03      0.00000000      0.00000000
  0.01684375 -0.78501496E+01  0.12247610E+03      0.00000000      0.00000000
  0.01706250 -0.31379253E+02  0.12211640E+03      0.00000000      0.00000000
  0.01728125 -0.52112953E+02  0.12505569E+03      0.00000000      0.00000000
  0.01750000 -0.69253777E+02  0.10789833E+03      0.00000000      0.00000000
  0.01771875 -0.84311401E+02  0.10591514E+03      0.00000000      0.00000000
  0.01793750 -0.10714183E+03  0.73672241E+02      0.00000000      0.00000000
  0.01815625 -0.96473145E+02  0.41859024E+02      0.00000000      0.00000000
  0.01837500 -0.80082924E+02  0.26887184E+02      0.00000000      0.00000000
  0.01859375 -0.66111893E+02  0.19688675E+02      0.00000000      0.00000000
  0.01881250 -0.54468063E+02  0.15915438E+02      0.00000000      0.00000000
  0.01903125 -0.44332760E+02  0.13911057E+02      0.00000000      0.00000000
  0.01925000 -0.35034977E+02  0.13028395E+02      0.00000000      0.00000000
  0.01946875 -0.26027061E+02  0.13074198E+02      0.00000000      0.00000000
  0.01968750 -0.16791792E+02  0.14186089E+02      0.00000000      0.00000000
  0.01990625 -0.67627444E+01  0.16984833E+02      0.00000000      0.00000000
  0.02012500  0.45692940E+01  0.23239704E+02      0.00000000      0.00000000
  0.02034375  0.15891426E+02  0.37790768E+02      0.00000000      0.00000000
  0.02056250  0.12335196E+02  0.66905785E+02      0.00000000      0.00000000
  0.02078125 -0.25148304E+02  0.71770905E+02      0.00000000      0.00000000
  0.02100000 -0.33075375E+02  0.43309139E+02      0.00000000      0.00000000
  0.02121875 -0.20424677E+02  0.28732069E+02      0.00000000      0.00000000
  0.02143750 -0.56324005E+01  0.24443672E+02      0.00000000      0.00000000
  0.02165625  0.96469002E+01  0.25892796E+02      0.00000000      0.00000000
  0.02187500  0.26294201E+02  0.33392685E+02      0.00000000      0.00000000
  0.02209375  0.42876511E+02  0.52290077E+02      0.00000000      0.00000000
  0.02231250  0.41359978E+02  0.87318802E+02      0.00000000      0.00000000
  0.02253125  0.14445345E+02  0.94540283E+02      0.00000000      0.00000000
  0.02275000  0.22044891E+02  0.93294067E+02      0.00000000      0.00000000
  0.02296875  0.19049114E+02  0.13018365E+03      0.00000000      0.00000000
  0.02318750 -0.35890701E+02  0.14490665E+03      0.00000000      0.00000000
  0.02340625 -0.66339630E+02  0.10027377E+03      0.00000000      0.00000000
  0.02362500 -0.46925343E+02  0.68641602E+02      0.00000000      0.00000000
  0.02384375 -0.18251289E+02  0.67865753E+02      0.00000000      0.00000000
  0.02406250 -0.50905895E+00  0.95616928E+02      0.00000000      0.00000000
  0.02428125 -0.21283644E+02  0.12574872E+03      0.00000000      0.00000000
  0.02450000 -0.46726204E+02  0.13294266E+03      0.00000000      0.00000000
  0.02471875 -0.71934357E+02  0.12352478E+03      0.00000000      0.00000000
  0.02493750 -0.89344147E+02  0.11893581E+03      0.00000000      0.00000000
  0.02515625 -0.10805037E+03  0.89502045E+02      0.00000000      0.00000000
  0.02537500 -0.92957710E+02  0.70302872E+02      0.00000000      0.00000000
  0.02559375 -0.87847389E+02  0.82475388E+02      0.00000000      0.00000000
  0.02581250 -0.11817971E+03  0.77207230E+02      0.00000000      0.00000000
  0.02603125 -0.12200755E+03  0.44119701E+02      0.00000000      0.00000000
  0.02625000 -0.10951517E+03  0.25833710E+02      0.00000000      0.00000000
  0.02646875 -0.97772461E+02  0.17194513E+02      0.00000000      0.00000000
  0.02668750 -0.88444122E+02  0.12576494E+02      0.00000000      0.00000000
  0.02690625 -0.81000885E+02  0.97987623E+01      0.00000000      0.00000000
  0.02712500 -0.74904053E+02  0.79744720E+01      0.00000000      0.00000000
  0.02734375 -0.69780930E+02  0.66969647E+01      0.00000000      0.00000000
  0.02756250 -0.65383659E+02  0.57590451E+01      0.00000000      0.00000000
  0.02778125 -0.61542500E+02  0.50450058E+01      0.00000000      0.00000000
  0.02800000 -0.58136047E+02  0.44854932E+01      0.00000000      0.00000000
  0.02821875 -0.55078701E+02  0.40371342E+01      0.00000000      0.00000000
  0.02843750 -0.52306057E+02  0.36711752E+01      0.00000000      0.00000000
  0.02865625 -0.49768173E+02  0.33678203E+01      0.00000000      0.00000000
  0.02887500 -0.47427597E+02  0.31132326E+01      0.00000000      0.00000000
  0.02909375 -0.45254776E+02  0.28974028E+01      0.00000000      0.00000000
  0.02931250 -0.43223385E+02  0.27126212E+01      0.00000000      0.00000000
  0.02953125 -0.41315765E+02  0.25534568E+01      0.00000000      0.00000000
  0.02975000 -0.39514721E+02  0.24154634E+01      0.00000000      0.00000000
  0.02996875 -0.37805405E+02  0.22951739E+01      0.00000000      0.00000000
  0.03018750 -0.36177425E+02  0.21900091E+01      0.00000000      0.00000000
  0.03040625 -0.34620686E+02  0.20978093E+01      0.00000000      0.00000000
  0.03062500 -0.33125553E+02  0.20168076E+01      0.00000000      0.00000000
  0.03084375 -0.31685917E+02  0.19456762E+01      0.00000000      0.00000000
  0.03106250 -0.30294144E+02  0.18832254E+01      0.00000000      0.00000000
  0.03128125 -0.28945004E+02  0.18285561E+01      0.00000000      0.00000000
  0.03150000 -0.27632387E+02  0.17808712E+01      0.00000000      0.00000000
  0.03171875 -0.26352371E+02  0.17395769E+01      0.00000000      0.00000000
  0.03193750 -0.25099197E+02  0.17041249E+01      0.00000000      0.00000000
  0.03215625 -0.23870476E+02  0.16741490E+01      0.00000000      0.00000000
  0.03237500 -0.22661673E+02  0.16492975E+01      0.00000000      0.00000000
  0.03259375 -0.21468479E+02  0.16293133E+01      0.00000000      0.00000000
  0.03281250 -0.20288488E+02  0.16140267E+01      0.00000000      0.00000000
  0.03303125 -0.19117907E+02  0.16033162E+01      0.00000000      0.00000000
  0.03325000 -0.17953369E+02  0.15971136E+01      0.00000000      0.00000000
  0.03346875 -0.16791861E+02  0.15954263E+01      0.00000000      0.00000000
  0.03368750 -0.15629910E+02  0.15983082E+01      0.00000000      0.00000000
  0.03390625 -0.14464065E+02  0.16058867E+01      0.00000000      0.00000000
  0.03412500 -0.13291178E+02  0.16183522E+01      0.00000000      0.00000000
  0.03434375 -0.12107529E+02  0.16359708E+01      0.00000000      0.00000000
  0.03456250 -0.10909150E+02  0.16591027E+01      0.00000000      0.00000000
  0.03478125 -0.96921329E+01  0.16882017E+01      0.00000000      0.00000000
  0.03500000 -0.84516869E+01  0.17238588E+01      0.00000000      0.00000000
  0.03521875 -0.71832108E+01  0.17667954E+01      0.00000000      0.00000000
  0.03543750 -0.58805690E+01  0.18179631E+01      0.00000000      0.00000000
  0.03565625 -0.45382609E+01  0.18784863E+01      0.00000000      0.00000000
  0.03587500 -0.31487484E+01  0.19498565E+01      0.00000000      0.00000000
  0.03609375 -0.17031174E+01  0.20339789E+01      0.00000000      0.00000000
  0.03631250 -0.19259644E+00  0.21332269E+01      0.00000000      0.00000000
  0.03653125  0.13949556E+01  0.22507801E+01      0.00000000      0.00000000
  0.03675000  0.30740585E+01  0.23908691E+01      0.00000000      0.00000000
  0.03696875  0.48621988E+01  0.25591888E+01      0.00000000      0.00000000
  0.03718750  0.67815895E+01  0.27636356E+01      0.00000000      0.00000000
  0.03740625  0.88599787E+01  0.30153382E+01      0.00000000      0.00000000
  0.03762500  0.11134272E+02  0.33306386E+01      0.00000000      0.00000000
  0.03784375  0.13655025E+02  0.37344913E+01      0.00000000      0.00000000
  0.03806250  0.16489769E+02  0.42660236E+01      0.00000000      0.00000000
  0.03828125  0.19735943E+02  0.49906344E+01      0.00000000      0.00000000
  0.03850000  0.23536299E+02  0.60243378E+01      0.00000000      0.00000000
  0.03871875  0.28107956E+02  0.75899563E+01      0.00000000      0.00000000
  0.03893750  0.33779995E+02  0.10158849E+02      0.00000000      0.00000000
  0.03915625  0.40980057E+02  0.14842855E+02      0.00000000      0.00000000
  0.03937500  0.49682781E+02  0.24570744E+02      0.00000000      0.00000000
  0.03959375  0.54418667E+02  0.46141132E+02      0.00000000      0.00000000
  0.03981250  0.29784882E+02  0.70678749E+02      0.00000000      0.00000000
  0.04003125  0.32910461E+01  0.51894073E+02      0.00000000      0.00000000
  0.04025000  0.99390926E+01  0.33963375E+02      0.00000000      0.00000000
  0.04046875  0.23773689E+02  0.32100796E+02      0.00000000      0.00000000
  0.04068750  0.35222221E+02  0.45184242E+02      0.00000000      0.00000000
  0.04090625  0.23342855E+02  0.70897690E+02      0.00000000      0.00000000
  0.04112500 -0.93430729E+01  0.60037224E+02      0.00000000      0.00000000
  0.04134375 -0.79806347E+01  0.35062439E+02      0.00000000      0.00000000
  0.04156250  0.46585011E+01  0.24356976E+02      0.00000000      0.00000000
  0.04178125  0.17923651E+02  0.21558283E+02      0.00000000      0.00000000
  0.04200000  0.31602142E+02  0.23609566E+02      0.00000000      0.00000000
  0.04221875  0.46582012E+02  0.31525637E+02      0.00000000      0.00000000
  0.04243750  0.60742619E+02  0.51091293E+02      0.00000000      0.00000000
  0.04265625  0.54206497E+02  0.84781433E+02      0.00000000      0.00000000
  0.04287500  0.27636696E+02  0.88269440E+02      0.00000000      0.00000000
  0.04309375  0.27244186E+02  0.90855377E+02      0.00000000      0.00000000
  0.04331250  0.62543402E+01  0.99508461E+02      0.00000000      0.00000000
  0.04353125  0.14483232E+01  0.85811897E+02      0.00000000      0.00000000
  0.04375000 -0.60209846E+00  0.96946075E+02      0.00000000      0.00000000
  0.04396875 -0.23672176E+02  0.86560287E+02      0.00000000      0.00000000
  0.04418750 -0.14173367E+02  0.69728813E+02      0.00000000      0.00000000
  0.04440625 -0.63137064E+01  0.82449265E+02      0.00000000      0.00000000
  0.04462500 -0.30662378E+02  0.83303001E+02      0.00000000      0.00000000
  0.04484375 -0.29664856E+02  0.57358910E+02      0.00000000      0.00000000
  0.04506250 -0.91081619E+01  0.50006943E+02      0.00000000      0.00000000
  0.04528125  0.94237576E+01  0.64156052E+02      0.00000000      0.00000000
  0.04550000  0.56616068E+00  0.90611443E+02      0.00000000      0.00000000
  0.04571875 -0.17169630E+02  0.82036438E+02      0.00000000      0.00000000
  0.04593750 -0.58684592E+01  0.82157501E+02      0.00000000      0.00000000
  0.04615625 -0.15792344E+02  0.10138536E+03      0.00000000      0.00000000
  0.04637500 -0.27291271E+02  0.91179558E+02      0.00000000      0.00000000
  0.04659375 -0.14325399E+02  0.10353085E+03      0.00000000      0.00000000
  0.04681250 -0.48586319E+02  0.14405948E+03      0.00000000      0.00000000
  0.04703125 -0.11073535E+03  0.10785356E+03      0.00000000      0.00000000
  0.04725000 -0.10761226E+03  0.57545464E+02      0.00000000      0.00000000
  0.04746875 -0.89238495E+02  0.34344894E+02      0.00000000      0.00000000
  0.04768750 -0.72966339E+02  0.23870575E+02      0.00000000      0.00000000
  0.04790625 -0.59509712E+02  0.18815193E+02      0.00000000      0.00000000
  0.04812500 -0.47806133E+02  0.16522291E+02      0.00000000      0.00000000
  0.04834375 -0.36866730E+02  0.16091629E+02      0.00000000      0.00000000
  0.04856250 -0.25808741E+02  0.17516716E+02      0.00000000      0.00000000
  0.04878125 -0.13801327E+02  0.21756800E+02      0.00000000      0.00000000
  0.04900000 -0.56079054E+00  0.31864048E+02      0.00000000      0.00000000
  0.04921875  0.83947048E+01  0.55054543E+02      0.00000000      0.00000000
  0.04943750 -0.12483947E+02  0.81934013E+02      0.00000000      0.00000000
  0.04965625 -0.33029495E+02  0.69331894E+02      0.00000000      0.00000000
  0.04987500 -0.26329811E+02  0.69128044E+02      0.00000000      0.00000000
  0.05009375 -0.44277069E+02  0.84026093E+02      0.00000000      0.00000000
  0.05031250 -0.65530258E+02  0.60165390E+02      0.00000000      0.00000000
  0.05053125 -0.54713058E+02  0.38760117E+02      0.00000000      0.00000000
  0.05075000 -0.37383434E+02  0.33185211E+02      0.00000000      0.00000000
  0.05096875 -0.20078859E+02  0.39500786E+02      0.00000000      0.00000000
  0.05118750 -0.10061541E+02  0.61686356E+02      0.00000000      0.00000000
  0.05140625 -0.32024170E+02  0.82839867E+02      0.00000000      0.00000000
  0.05162500 -0.44956223E+02  0.67130882E+02      0.00000000      0.00000000
  0.05184375 -0.33403206E+02  0.68736572E+02      0.00000000      0.00000000
  0.05206250 -0.45015854E+02  0.88433525E+02      0.00000000      0.00000000
  0.05228125 -0.64317093E+02  0.74627884E+02      0.00000000      0.00000000
  0.05250000 -0.54241020E+02  0.69219666E+02      0.00000000      0.00000000
  0.05271875 -0.61823627E+02  0.87109085E+02      0.00000000      0.00000000
  0.05293750 -0.85115219E+02  0.74912903E+02      0.00000000      0.00000000
  0.05315625 -0.78429520E+02  0.64257538E+02      0.00000000      0.00000000
  0.05337500 -0.85752350E+02  0.78189011E+02      0.00000000      0.00000000
  0.05359375 -0.11567252E+03  0.62581490E+02      0.00000000      0.00000000
  0.05381250 -0.11447680E+03  0.34037289E+02      0.00000000      0.00000000
  0.05403125 -0.10381618E+03  0.19986454E+02      0.00000000      0.00000000
  0.05425000 -0.94569496E+02  0.13292257E+02      0.00000000      0.00000000
  0.05446875 -0.87361847E+02  0.96631346E+01      0.00000000      0.00000000
  0.05468750 -0.81674088E+02  0.74638062E+01      0.00000000      0.00000000
  0.05490625 -0.77060715E+02  0.60149202E+01      0.00000000      0.00000000
  0.05512500 -0.73225479E+02  0.50004025E+01      0.00000000      0.00000000
  0.05534375 -0.69965340E+02  0.42552366E+01      0.00000000      0.00000000
  0.05556250 -0.67146622E+02  0.36879177E+01      0.00000000      0.00000000
  0.05578125 -0.64673653E+02  0.32431617E+01      0.00000000      0.00000000
  0.05600000 -0.62478146E+02  0.28862314E+01      0.00000000      0.00000000
  0.05621875 -0.60509674E+02  0.25941799E+01      0.00000000      0.00000000
  0.05643750 -0.58729156E+02  0.23512042E+01      0.00000000      0.00000000
  0.05665625 -0.57106754E+02  0.21462233E+01      0.00000000      0.00000000
  0.05687500 -0.55619644E+02  0.19712650E+01      0.00000000      0.00000000
  0.05709375 -0.54248756E+02  0.18203374E+01      0.00000000      0.00000000
  0.05731250 -0.52978222E+02  0.16888906E+01      0.00000000      0.00000000
  0.05753125 -0.51796413E+02  0.15735551E+01      0.00000000      0.00000000
  0.05775000 -0.50692566E+02  0.14715898E+01      0.00000000      0.00000000
  0.05796875 -0.49658062E+02  0.13808783E+01      0.00000000      0.00000000
  0.05818750 -0.48685406E+02  0.12996919E+01      0.00000000      0.00000000
  0.05840625 -0.47767864E+02  0.12266154E+01      0.00000000      0.00000000
  0.05862500 -0.46901215E+02  0.11606097E+01      0.00000000      0.00000000
  0.05884375 -0.46079845E+02  0.11006641E+01      0.00000000      0.00000000
  0.05906250 -0.45299637E+02  0.10460026E+01      0.00000000      0.00000000
  0.05928125 -0.44557362E+02  0.99599445E+00      0.00000000      0.00000000
  0.05950000 -0.43849941E+02  0.95009136E+00      0.00000000      0.00000000
  0.05971875 -0.43174343E+02  0.90780890E+00      0.00000000      0.00000000
  0.05993750 -0.42528214E+02  0.86875343E+00      0.00000000      0.00000000
  0.06015625 -0.41909275E+02  0.83257228E+00      0.00000000      0.00000000
  0.06037500 -0.41315643E+02  0.79897988E+00      0.00000000      0.00000000
  0.06059375 -0.40745789E+02  0.76772678E+00      0.00000000      0.00000000
  0.06081250 -0.40197598E+02  0.73855543E+00      0.00000000      0.00000000
  0.06103125 -0.39669884E+02  0.71128637E+00      0.00000000      0.00000000
  0.06125000 -0.39161381E+02  0.68574882E+00      0.00000000      0.00000000
  0.06146875 -0.38670975E+02  0.66178811E+00      0.00000000      0.00000000
  0.06168750 -0.38197319E+02  0.63925874E+00      0.00000000      0.00000000
  0.06190625 -0.37739670E+02  0.61804652E+00      0.00000000      0.00000000
  0.06212500 -0.37296749E+02  0.59803200E+00      0.00000000      0.00000000
  0.06234375 -0.36868156E+02  0.57913786E+00      0.00000000      0.00000000
  0.06256250 -0.36452953E+02  0.56126606E+00      0.00000000      0.00000000
  0.06278125 -0.36050297E+02  0.54433572E+00      0.00000000      0.00000000
  0.06300000 -0.35659683E+02  0.52828109E+00      0.00000000      0.00000000
  0.06321875 -0.35280376E+02  0.51303464E+00      0.00000000      0.00000000
  0.06343750 -0.34912033E+02  0.49854842E+00      0.00000000      0.00000000
  0.06365625 -0.34553894E+02  0.48475671E+00      0.00000000      0.00000000
  0.06387500 -0.34205559E+02  0.47161758E+00      0.00000000      0.00000000
  0.06409375 -0.33866539E+02  0.45908841E+00      0.00000000      0.00000000
  0.06431250 -0.33536453E+02  0.44712877E+00      0.00000000      0.00000000
  0.06453125 -0.33214851E+02  0.43569958E+00      0.00000000      0.00000000
  0.06475000 -0.32901360E+02  0.42476827E+00      0.00000000      0.00000000
  0.06496875 -0.32595707E+02  0.41430861E+00      0.00000000      0.00000000
  0.06518750 -0.32297462E+02  0.40428427E+00      0.00000000      0.00000000
  0.06540625 -0.32006371E+02  0.39467657E+00      0.00000000      0.00000000
  0.06562500 -0.31722164E+02  0.38545591E+00      0.00000000      0.00000000
  0.06584375 -0.31444500E+02  0.37660259E+00      0.00000000      0.00000000
  0.06606250 -0.31173185E+02  0.36809683E+00      0.00000000      0.00000000
  0.06628125 -0.30907909E+02  0.35991663E+00      0.00000000      0.00000000
  0.06650000 -0.30648520E+02  0.35204571E+00      0.00000000      0.00000000
  0.06671875 -0.30394703E+02  0.34446841E+00      0.00000000      0.00000000
  0.06693751 -0.30146301E+02  0.33716646E+00      0.00000000      0.00000000
  0.06715626 -0.29903126E+02  0.33012557E+00      0.00000000      0.00000000
  0.06737500 -0.29665108E+02  0.32334137E+00      0.00000000      0.00000000
  0.06759375 -0.29431698E+02  0.31678495E+00      0.00000000      0.00000000
  0.06781250 -0.29203259E+02  0.31046212E+00      0.00000000      0.00000000
  0.06803125 -0.28979063E+02  0.30434489E+00      0.00000000      0.00000000
  0.06825000 -0.28759531E+02  0.29843882E+00      0.00000000      0.00000000
  0.06846875 -0.28544043E+02  0.29272288E+00      0.00000000      0.00000000
  0.06868750 -0.28332796E+02  0.28719398E+00      0.00000000      0.00000000
  0.06890625 -0.28125315E+02  0.28183866E+00      0.00000000      0.00000000
  0.06912500 -0.27921852E+02  0.27665624E+00      0.00000000      0.00000000
  0.06934375 -0.27722000E+02  0.27163339E+00      0.00000000      0.00000000
  0.06956250 -0.27525803E+02  0.26676399E+00      0.00000000      0.00000000
  0.06978125 -0.27333038E+02  0.26204097E+00      0.00000000      0.00000000
