  0.00000000  0.10806770E+04  0.30591156E+02      0.00000000      0.00000000
  0.00021875  0.96558313E+03  0.55193597E+03      0.00000000      0.00000000
  0.00043750  0.34547043E+03  0.85426733E+03      0.00000000      0.00000000
  0.00065625 -0.35806641E+02  0.49524976E+03      0.00000000      0.00000000
  0.00087500 -0.16848709E+02  0.24277373E+03      0.00000000      0.00000000
  0.00109375  0.54641018E+02  0.14245935E+03      0.00000000      0.00000000
  0.00131250  0.11814153E+03  0.10801128E+03      0.00000000      0.00000000
  0.00153125  0.17372395E+03  0.11235479E+03      0.00000000      0.00000000
  0.00175000  0.21287360E+03  0.16351958E+03      0.00000000      0.00000000
  0.00196875  0.16066995E+03  0.24954343E+03      0.00000000      0.00000000
  0.00218750  0.54482769E+02  0.19812720E+03      0.00000000      0.00000000
  0.00240625  0.65746132E+02  0.11561369E+03      0.00000000      0.00000000
  0.00262500  0.10935461E+03  0.82013725E+02      0.00000000      0.00000000
  0.00284375  0.15458084E+03  0.74909309E+02      0.00000000      0.00000000
  0.00306250  0.20198090E+03  0.85816406E+02      0.00000000      0.00000000
  0.00328125  0.25430119E+03  0.12130379E+03      0.00000000      0.00000000
  0.00350000  0.29730453E+03  0.20522353E+03      0.00000000      0.00000000
  0.00371875  0.26036563E+03  0.32266916E+03      0.00000000      0.00000000
  0.00393750  0.17948157E+03  0.39675543E+03      0.00000000      0.00000000
  0.00415625  0.26759197E+02  0.41903088E+03      0.00000000      0.00000000
  0.00437500 -0.72411858E+02  0.32955548E+03      0.00000000      0.00000000
  0.00459375 -0.82503670E+02  0.22462358E+03      0.00000000      0.00000000
  0.00481250 -0.43016708E+02  0.18990096E+03      0.00000000      0.00000000
  0.00503125 -0.57155003E+02  0.18198322E+03      0.00000000      0.00000000
  0.00525000 -0.51823143E+02  0.12592679E+03      0.00000000      0.00000000
  0.00546875 -0.65951147E+01  0.97918961E+02      0.00000000      0.00000000
  0.00568750  0.42490265E+02  0.10549072E+03      0.00000000      0.00000000
  0.00590625  0.76255127E+02  0.15476477E+03      0.00000000      0.00000000
  0.00612500  0.37668774E+02  0.22168707E+03      0.00000000      0.00000000
  0.00634375 -0.42121605E+02  0.21484872E+03      0.00000000      0.00000000
  0.00656250 -0.70422043E+02  0.14267825E+03      0.00000000      0.00000000
  0.00678125 -0.35651604E+02  0.97988441E+02      0.00000000      0.00000000
  0.00700000  0.74751434E+01  0.94638496E+02      0.00000000      0.00000000
  0.00721875  0.34290951E+02  0.12820819E+03      0.00000000      0.00000000
  0.00743750  0.78598065E+01  0.16115872E+03      0.00000000      0.00000000
  0.00765625 -0.13625276E+02  0.16009760E+03      0.00000000      0.00000000
  0.00787500 -0.52905880E+02  0.14768668E+03      0.00000000      0.00000000
  0.00809375 -0.52569218E+02  0.96427116E+02      0.00000000      0.00000000
  0.00831250 -0.18730175E+02  0.73596252E+02      0.00000000      0.00000000
  0.00853125  0.18334124E+02  0.78566154E+02      0.00000000      0.00000000
  0.00875000  0.46250637E+02  0.11604268E+03      0.00000000      0.00000000
  0.00896875  0.11676480E+02  0.17786958E+03      0.00000000      0.00000000
  0.00918750 -0.61979710E+02  0.14499797E+03      0.00000000      0.00000000
  0.00940625 -0.53159843E+02  0.88244858E+02      0.00000000      0.00000000
  0.00962500 -0.20107725E+02  0.69032494E+02      0.00000000      0.00000000
  0.00984375  0.11011678E+02  0.77541298E+02      0.00000000      0.00000000
  0.01006250  0.16449249E+02  0.11199038E+03      0.00000000      0.00000000
  0.01028125 -0.22942331E+02  0.11141673E+03      0.00000000      0.00000000
  0.01050000 -0.19165874E+02  0.73649475E+02      0.00000000      0.00000000
  0.01071875  0.10252426E+02  0.58121048E+02      0.00000000      0.00000000
  0.01093750  0.44031036E+02  0.60031040E+02      0.00000000      0.00000000
  0.01115625  0.81352531E+02  0.78360626E+02      0.00000000      0.00000000
  0.01137500  0.11790970E+03  0.12599281E+03      0.00000000      0.00000000
  0.01159375  0.11021315E+03  0.21282796E+03      0.00000000      0.00000000
  0.01181250  0.48183777E+02  0.24949811E+03      0.00000000      0.00000000
  0.01203125  0.10293638E+02  0.29434381E+03      0.00000000      0.00000000
  0.01225000 -0.12070742E+03  0.30621216E+03      0.00000000      0.00000000
  0.01246875 -0.19028897E+03  0.19026816E+03      0.00000000      0.00000000
  0.01268750 -0.16038254E+03  0.10710743E+03      0.00000000      0.00000000
  0.01290625 -0.11783834E+03  0.72338562E+02      0.00000000      0.00000000
  0.01312500 -0.79291580E+02  0.60487469E+02      0.00000000      0.00000000
  0.01334375 -0.42698151E+02  0.63205093E+02      0.00000000      0.00000000
  0.01356250 -0.53213158E+01  0.83996979E+02      0.00000000      0.00000000
  0.01378125  0.24176437E+02  0.14055736E+03      0.00000000      0.00000000
  0.01400000 -0.14698481E+02  0.23427220E+03      0.00000000      0.00000000
  0.01421875 -0.13557317E+03  0.25301653E+03      0.00000000      0.00000000
  0.01443750 -0.21419957E+03  0.16555508E+03      0.00000000      0.00000000
  0.01465625 -0.20221568E+03  0.87023506E+02      0.00000000      0.00000000
  0.01487500 -0.17383185E+03  0.50631355E+02      0.00000000      0.00000000
  0.01509375 -0.15053523E+03  0.33238770E+02      0.00000000      0.00000000
  0.01531250 -0.13274510E+03  0.23823269E+02      0.00000000      0.00000000
  0.01553125 -0.11890054E+03  0.18161110E+02      0.00000000      0.00000000
  0.01575000 -0.10779498E+03  0.14472275E+02      0.00000000      0.00000000
  0.01596875 -0.98641747E+02  0.11920390E+02      0.00000000      0.00000000
  0.01618750 -0.90919853E+02  0.10070336E+02      0.00000000      0.00000000
  0.01640625 -0.84284241E+02  0.86796799E+01      0.00000000      0.00000000
  0.01662500 -0.78484276E+02  0.76017613E+01      0.00000000      0.00000000
  0.01684375 -0.73353256E+02  0.67469025E+01      0.00000000      0.00000000
  0.01706250 -0.68758621E+02  0.60546885E+01      0.00000000      0.00000000
  0.01728125 -0.64607735E+02  0.54851971E+01      0.00000000      0.00000000
  0.01750000 -0.60824669E+02  0.50098467E+01      0.00000000      0.00000000
  0.01771875 -0.57353004E+02  0.46084723E+01      0.00000000      0.00000000
  0.01793750 -0.54144466E+02  0.42658958E+01      0.00000000      0.00000000
  0.01815625 -0.51163799E+02  0.39711342E+01      0.00000000      0.00000000
  0.01837500 -0.48380619E+02  0.37156224E+01      0.00000000      0.00000000
  0.01859375 -0.45767479E+02  0.34925609E+01      0.00000000      0.00000000
  0.01881250 -0.43305168E+02  0.32969089E+01      0.00000000      0.00000000
  0.01903125 -0.40975338E+02  0.31244903E+01      0.00000000      0.00000000
  0.01925000 -0.38762421E+02  0.29719596E+01      0.00000000      0.00000000
  0.01946875 -0.36653034E+02  0.28366046E+01      0.00000000      0.00000000
  0.01968750 -0.34635891E+02  0.27162306E+01      0.00000000      0.00000000
  0.01990625 -0.32700916E+02  0.26090117E+01      0.00000000      0.00000000
  0.02012500 -0.30839066E+02  0.25134296E+01      0.00000000      0.00000000
  0.02034375 -0.29042250E+02  0.24282155E+01      0.00000000      0.00000000
  0.02056250 -0.27304003E+02  0.23523390E+01      0.00000000      0.00000000
  0.02078125 -0.25617535E+02  0.22848959E+01      0.00000000      0.00000000
  0.02100000 -0.23977114E+02  0.22251391E+01      0.00000000      0.00000000
  0.02121875 -0.22377110E+02  0.21724339E+01      0.00000000      0.00000000
  0.02143750 -0.20813513E+02  0.21262803E+01      0.00000000      0.00000000
  0.02165625 -0.19280575E+02  0.20861995E+01      0.00000000      0.00000000
  0.02187500 -0.17774780E+02  0.20518501E+01      0.00000000      0.00000000
  0.02209375 -0.16292051E+02  0.20229278E+01      0.00000000      0.00000000
  0.02231250 -0.14827713E+02  0.19991834E+01      0.00000000      0.00000000
  0.02253125 -0.13379725E+02  0.19804549E+01      0.00000000      0.00000000
  0.02275000 -0.11943342E+02  0.19665875E+01      0.00000000      0.00000000
  0.02296875 -0.10515240E+02  0.19574989E+01      0.00000000      0.00000000
  0.02318750 -0.90916576E+01  0.19531447E+01      0.00000000      0.00000000
  0.02340625 -0.76698399E+01  0.19535301E+01      0.00000000      0.00000000
  0.02362500 -0.62461424E+01  0.19586993E+01      0.00000000      0.00000000
  0.02384375 -0.48170223E+01  0.19687470E+01      0.00000000      0.00000000
  0.02406250 -0.33784609E+01  0.19838164E+01      0.00000000      0.00000000
  0.02428125 -0.19275074E+01  0.20040956E+01      0.00000000      0.00000000
  0.02450000 -0.45990944E+00  0.20298355E+01      0.00000000      0.00000000
  0.02471875  0.10292225E+01  0.20613699E+01      0.00000000      0.00000000
  0.02493750  0.25425024E+01  0.20990422E+01      0.00000000      0.00000000
  0.02515625  0.40855989E+01  0.21433377E+01      0.00000000      0.00000000
  0.02537500  0.56632843E+01  0.21948085E+01      0.00000000      0.00000000
  0.02559375  0.72809415E+01  0.22541144E+01      0.00000000      0.00000000
  0.02581250  0.89446812E+01  0.23220558E+01      0.00000000      0.00000000
  0.02603125  0.10661097E+02  0.23995793E+01      0.00000000      0.00000000
  0.02625000  0.12436695E+02  0.24877753E+01      0.00000000      0.00000000
  0.02646875  0.14280880E+02  0.25880625E+01      0.00000000      0.00000000
  0.02668750  0.16202070E+02  0.27020278E+01      0.00000000      0.00000000
  0.02690625  0.18210346E+02  0.28316178E+01      0.00000000      0.00000000
  0.02712500  0.20318645E+02  0.29792986E+01      0.00000000      0.00000000
  0.02734375  0.22541073E+02  0.31480482E+01      0.00000000      0.00000000
  0.02756250  0.24893253E+02  0.33414989E+01      0.00000000      0.00000000
  0.02778125  0.27394447E+02  0.35642638E+01      0.00000000      0.00000000
  0.02800000  0.30067608E+02  0.38222077E+01      0.00000000      0.00000000
  0.02821875  0.32939339E+02  0.41227627E+01      0.00000000      0.00000000
  0.02843750  0.36044083E+02  0.44758606E+01      0.00000000      0.00000000
  0.02865625  0.39421841E+02  0.48944283E+01      0.00000000      0.00000000
  0.02887500  0.43124149E+02  0.53961735E+01      0.00000000      0.00000000
  0.02909375  0.47216583E+02  0.60057335E+01      0.00000000      0.00000000
  0.02931250  0.51783493E+02  0.67581816E+01      0.00000000      0.00000000
  0.02953125  0.56936687E+02  0.77053680E+01      0.00000000      0.00000000
  0.02975000  0.62825195E+02  0.89263039E+01      0.00000000      0.00000000
  0.02996875  0.69664444E+02  0.10549948E+02      0.00000000      0.00000000
  0.03018750  0.77754395E+02  0.12794209E+02      0.00000000      0.00000000
  0.03040625  0.87547020E+02  0.16061312E+02      0.00000000      0.00000000
  0.03062500  0.99716980E+02  0.21158504E+02      0.00000000      0.00000000
  0.03084375  0.11522375E+03  0.29899549E+02      0.00000000      0.00000000
  0.03106250  0.13479297E+03  0.46866863E+02      0.00000000      0.00000000
  0.03128125  0.15335753E+03  0.83755600E+02      0.00000000      0.00000000
  0.03150000  0.13149251E+03  0.14479303E+03      0.00000000      0.00000000
  0.03171875  0.67963158E+02  0.13705652E+03      0.00000000      0.00000000
  0.03193750  0.76404388E+02  0.10291391E+03      0.00000000      0.00000000
  0.03215625  0.10751530E+03  0.11616023E+03      0.00000000      0.00000000
  0.03237500  0.10326435E+03  0.16382706E+03      0.00000000      0.00000000
  0.03259375  0.63869637E+02  0.17639362E+03      0.00000000      0.00000000
  0.03281250  0.58192581E+02  0.17494894E+03      0.00000000      0.00000000
  0.03303125  0.23928293E+02  0.19601521E+03      0.00000000      0.00000000
  0.03325000  0.37801361E+00  0.15456827E+03      0.00000000      0.00000000
  0.03346875  0.37706299E+02  0.14357072E+03      0.00000000      0.00000000
  0.03368750  0.56156139E+02  0.19769006E+03      0.00000000      0.00000000
  0.03390625 -0.50512691E+01  0.23949823E+03      0.00000000      0.00000000
  0.03412500 -0.63402061E+02  0.21921571E+03      0.00000000      0.00000000
  0.03434375 -0.87213158E+02  0.16540308E+03      0.00000000      0.00000000
  0.03456250 -0.53400906E+02  0.12928290E+03      0.00000000      0.00000000
  0.03478125 -0.92540207E+01  0.15186781E+03      0.00000000      0.00000000
  0.03500000 -0.18097574E+02  0.22796890E+03      0.00000000      0.00000000
  0.03521875 -0.12806845E+03  0.26221106E+03      0.00000000      0.00000000
  0.03543750 -0.20166167E+03  0.16760559E+03      0.00000000      0.00000000
  0.03565625 -0.17958850E+03  0.92939621E+02      0.00000000      0.00000000
  0.03587500 -0.14423596E+03  0.61545486E+02      0.00000000      0.00000000
  0.03609375 -0.11261726E+03  0.51079884E+02      0.00000000      0.00000000
  0.03631250 -0.84141052E+02  0.55211365E+02      0.00000000      0.00000000
  0.03653125 -0.62405163E+02  0.79948135E+02      0.00000000      0.00000000
  0.03675000 -0.79095840E+02  0.12477148E+03      0.00000000      0.00000000
  0.03696875 -0.13953102E+03  0.12244026E+03      0.00000000      0.00000000
  0.03718750 -0.16017867E+03  0.71991806E+02      0.00000000      0.00000000
  0.03740625 -0.14597882E+03  0.39893032E+02      0.00000000      0.00000000
  0.03762500 -0.12984631E+03  0.25194912E+02      0.00000000      0.00000000
  0.03784375 -0.11693201E+03  0.17747881E+02      0.00000000      0.00000000
  0.03806250 -0.10676036E+03  0.13468088E+02      0.00000000      0.00000000
  0.03828125 -0.98548744E+02  0.10753797E+02      0.00000000      0.00000000
  0.03850000 -0.91736275E+02  0.89015408E+01      0.00000000      0.00000000
  0.03871875 -0.85949440E+02  0.75661316E+01      0.00000000      0.00000000
  0.03893750 -0.80940765E+02  0.65628800E+01      0.00000000      0.00000000
  0.03915625 -0.76537437E+02  0.57846160E+01      0.00000000      0.00000000
  0.03937500 -0.72616653E+02  0.51655312E+01      0.00000000      0.00000000
  0.03959375 -0.69085854E+02  0.46628437E+01      0.00000000      0.00000000
  0.03981250 -0.65876892E+02  0.42480273E+01      0.00000000      0.00000000
  0.04003125 -0.62937447E+02  0.39012735E+01      0.00000000      0.00000000
  0.04025000 -0.60225193E+02  0.36082458E+01      0.00000000      0.00000000
  0.04046875 -0.57705078E+02  0.33583391E+01      0.00000000      0.00000000
  0.04068750 -0.55350288E+02  0.31437812E+01      0.00000000      0.00000000
  0.04090625 -0.53140175E+02  0.29587791E+01      0.00000000      0.00000000
  0.04112500 -0.51052452E+02  0.27984397E+01      0.00000000      0.00000000
  0.04134375 -0.49074013E+02  0.26593814E+01      0.00000000      0.00000000
  0.04156250 -0.47186935E+02  0.25384851E+01      0.00000000      0.00000000
  0.04178125 -0.45382080E+02  0.24336920E+01      0.00000000      0.00000000
  0.04200000 -0.43647537E+02  0.23431399E+01      0.00000000      0.00000000
  0.04221875 -0.41973709E+02  0.22654076E+01      0.00000000      0.00000000
  0.04243750 -0.40351383E+02  0.21993706E+01      0.00000000      0.00000000
  0.04265625 -0.38773392E+02  0.21442177E+01      0.00000000      0.00000000
  0.04287500 -0.37231186E+02  0.20992980E+01      0.00000000      0.00000000
  0.04309375 -0.35718586E+02  0.20642300E+01      0.00000000      0.00000000
  0.04331250 -0.34227592E+02  0.20387788E+01      0.00000000      0.00000000
  0.04353125 -0.32751549E+02  0.20229428E+01      0.00000000      0.00000000
  0.04375000 -0.31284126E+02  0.20169191E+01      0.00000000      0.00000000
  0.04396875 -0.29817518E+02  0.20211248E+01      0.00000000      0.00000000
  0.04418750 -0.28344076E+02  0.20362453E+01      0.00000000      0.00000000
  0.04440625 -0.26855999E+02  0.20632730E+01      0.00000000      0.00000000
  0.04462500 -0.25344160E+02  0.21035881E+01      0.00000000      0.00000000
  0.04484375 -0.23798704E+02  0.21590524E+01      0.00000000      0.00000000
  0.04506250 -0.22207891E+02  0.22321885E+01      0.00000000      0.00000000
  0.04528125 -0.20557547E+02  0.23264296E+01      0.00000000      0.00000000
  0.04550000 -0.18832365E+02  0.24463110E+01      0.00000000      0.00000000
  0.04571875 -0.17012093E+02  0.25981607E+01      0.00000000      0.00000000
  0.04593750 -0.15071516E+02  0.27907939E+01      0.00000000      0.00000000
  0.04615625 -0.12978829E+02  0.30367327E+01      0.00000000      0.00000000
  0.04637500 -0.10692600E+02  0.33541937E+01      0.00000000      0.00000000
  0.04659375 -0.81570797E+01  0.37705402E+01      0.00000000      0.00000000
  0.04681250 -0.52950873E+01  0.43284431E+01      0.00000000      0.00000000
  0.04703125 -0.19970245E+01  0.50972643E+01      0.00000000      0.00000000
  0.04725000  0.18975782E+01  0.61955013E+01      0.00000000      0.00000000
  0.04746875  0.66286712E+01  0.78379512E+01      0.00000000      0.00000000
  0.04768750  0.12572196E+02  0.10447869E+02      0.00000000      0.00000000
  0.04790625  0.20298143E+02  0.14934175E+02      0.00000000      0.00000000
  0.04812500  0.30546982E+02  0.23490776E+02      0.00000000      0.00000000
  0.04834375  0.43007202E+02  0.41957695E+02      0.00000000      0.00000000
  0.04856250  0.45876717E+02  0.83528503E+02      0.00000000      0.00000000
  0.04878125 -0.10411499E+02  0.12785675E+03      0.00000000      0.00000000
  0.04900000 -0.70630806E+02  0.87159286E+02      0.00000000      0.00000000
  0.04921875 -0.69171829E+02  0.44211731E+02      0.00000000      0.00000000
  0.04943750 -0.56133785E+02  0.25189579E+02      0.00000000      0.00000000
  0.04965625 -0.44886669E+02  0.16683636E+02      0.00000000      0.00000000
  0.04987500 -0.35888470E+02  0.12524672E+02      0.00000000      0.00000000
  0.05009375 -0.28345652E+02  0.10438771E+02      0.00000000      0.00000000
  0.05031250 -0.21579414E+02  0.95308456E+01      0.00000000      0.00000000
  0.05053125 -0.15069598E+02  0.94598656E+01      0.00000000      0.00000000
  0.05075000 -0.83660784E+01  0.10176428E+02      0.00000000      0.00000000
  0.05096875 -0.98577833E+00  0.11887377E+02      0.00000000      0.00000000
  0.05118750  0.76794910E+01  0.15205677E+02      0.00000000      0.00000000
  0.05140625  0.18402828E+02  0.21664021E+02      0.00000000      0.00000000
  0.05162500  0.31605652E+02  0.35304367E+02      0.00000000      0.00000000
  0.05184375  0.41971245E+02  0.66312027E+02      0.00000000      0.00000000
  0.05206250  0.15486589E+02  0.11581788E+03      0.00000000      0.00000000
  0.05228125 -0.53051373E+02  0.11280942E+03      0.00000000      0.00000000
  0.05250000 -0.74223122E+02  0.63666512E+02      0.00000000      0.00000000
  0.05271875 -0.62135120E+02  0.35239464E+02      0.00000000      0.00000000
  0.05293750 -0.47807892E+02  0.23225435E+02      0.00000000      0.00000000
  0.05315625 -0.35409279E+02  0.18119015E+02      0.00000000      0.00000000
  0.05337500 -0.24252867E+02  0.16340462E+02      0.00000000      0.00000000
  0.05359375 -0.13281723E+02  0.16723253E+02      0.00000000      0.00000000
  0.05381250 -0.14633799E+01  0.19195168E+02      0.00000000      0.00000000
  0.05403125  0.12377758E+02  0.24596170E+02      0.00000000      0.00000000
  0.05425000  0.29761044E+02  0.35376869E+02      0.00000000      0.00000000
  0.05446875  0.51988426E+02  0.58043892E+02      0.00000000      0.00000000
  0.05468750  0.73623596E+02  0.11013879E+03      0.00000000      0.00000000
  0.05490625  0.40402916E+02  0.21273532E+03      0.00000000      0.00000000
  0.05512500 -0.11337227E+03  0.23016699E+03      0.00000000      0.00000000
  0.05534375 -0.17002513E+03  0.12439084E+03      0.00000000      0.00000000
  0.05556250 -0.15209851E+03  0.63254570E+02      0.00000000      0.00000000
  0.05578125 -0.13013257E+03  0.36454376E+02      0.00000000      0.00000000
  0.05600000 -0.11345134E+03  0.23452694E+02      0.00000000      0.00000000
  0.05621875 -0.10117303E+03  0.16349091E+02      0.00000000      0.00000000
  0.05643750 -0.91915344E+02  0.12083871E+02      0.00000000      0.00000000
  0.05665625 -0.84716980E+02  0.93311615E+01      0.00000000      0.00000000
  0.05687500 -0.78957382E+02  0.74517117E+01      0.00000000      0.00000000
  0.05709375 -0.74240356E+02  0.61116924E+01      0.00000000      0.00000000
  0.05731250 -0.70296478E+02  0.51213336E+01      0.00000000      0.00000000
  0.05753125 -0.66939919E+02  0.43672571E+01      0.00000000      0.00000000
  0.05775000 -0.64042938E+02  0.37792840E+01      0.00000000      0.00000000
  0.05796875 -0.61511814E+02  0.33113651E+01      0.00000000      0.00000000
  0.05818750 -0.59275967E+02  0.29322693E+01      0.00000000      0.00000000
  0.05840625 -0.57282265E+02  0.26203966E+01      0.00000000      0.00000000
  0.05862500 -0.55489601E+02  0.23603482E+01      0.00000000      0.00000000
  0.05884375 -0.53867889E+02  0.21411972E+01      0.00000000      0.00000000
  0.05906250 -0.52389690E+02  0.19543597E+01      0.00000000      0.00000000
  0.05928125 -0.51035488E+02  0.17936928E+01      0.00000000      0.00000000
  0.05950000 -0.49788681E+02  0.16543918E+01      0.00000000      0.00000000
  0.05971875 -0.48635040E+02  0.15326614E+01      0.00000000      0.00000000
  0.05993750 -0.47563316E+02  0.14255741E+01      0.00000000      0.00000000
  0.06015625 -0.46564472E+02  0.13308332E+01      0.00000000      0.00000000
  0.06037500 -0.45629639E+02  0.12464824E+01      0.00000000      0.00000000
  0.06059375 -0.44752621E+02  0.11710436E+01      0.00000000      0.00000000
  0.06081250 -0.43927128E+02  0.11032254E+01      0.00000000      0.00000000
  0.06103125 -0.43147919E+02  0.10419780E+01      0.00000000      0.00000000
  0.06125000 -0.42411392E+02  0.98649681E+00      0.00000000      0.00000000
  0.06146875 -0.41712868E+02  0.93599284E+00      0.00000000      0.00000000
  0.06168750 -0.41049339E+02  0.88988221E+00      0.00000000      0.00000000
  0.06190625 -0.40417728E+02  0.84763747E+00      0.00000000      0.00000000
  0.06212500 -0.39815514E+02  0.80882335E+00      0.00000000      0.00000000
  0.06234375 -0.39240376E+02  0.77305913E+00      0.00000000      0.00000000
  0.06256250 -0.38690041E+02  0.74000221E+00      0.00000000      0.00000000
  0.06278125 -0.38162743E+02  0.70937908E+00      0.00000000      0.00000000
  0.06300000 -0.37657005E+02  0.68095237E+00      0.00000000      0.00000000
  0.06321875 -0.37171043E+02  0.65448797E+00      0.00000000      0.00000000
  0.06343750 -0.36703732E+02  0.62981319E+00      0.00000000      0.00000000
  0.06365625 -0.36253582E+02  0.60674459E+00      0.00000000      0.00000000
  0.06387500 -0.35819756E+02  0.58515275E+00      0.00000000      0.00000000
  0.06409375 -0.35401237E+02  0.56490391E+00      0.00000000      0.00000000
  0.06431250 -0.34996719E+02  0.54586601E+00      0.00000000      0.00000000
  0.06453125 -0.34605869E+02  0.52795947E+00      0.00000000      0.00000000
  0.06475000 -0.34227623E+02  0.51107919E+00      0.00000000      0.00000000
  0.06496875 -0.33861324E+02  0.49514461E+00      0.00000000      0.00000000
  0.06518750 -0.33506126E+02  0.48007408E+00      0.00000000      0.00000000
  0.06540625 -0.33161716E+02  0.46581322E+00      0.00000000      0.00000000
  0.06562500 -0.32827255E+02  0.45228988E+00      0.00000000      0.00000000
  0.06584375 -0.32502525E+02  0.43946081E+00      0.00000000      0.00000000
  0.06606250 -0.32186882E+02  0.42727143E+00      0.00000000      0.00000000
  0.06628125 -0.31879761E+02  0.41567099E+00      0.00000000      0.00000000
  0.06650000 -0.31581072E+02  0.40463167E+00      0.00000000      0.00000000
  0.06671875 -0.31290085E+02  0.39410335E+00      0.00000000      0.00000000
  0.06693751 -0.31006651E+02  0.38405871E+00      0.00000000      0.00000000
  0.06715626 -0.30730196E+02  0.37445879E+00      0.00000000      0.00000000
  0.06737500 -0.30460833E+02  0.36529019E+00      0.00000000      0.00000000
  0.06759375 -0.30197802E+02  0.35651007E+00      0.00000000      0.00000000
  0.06781250 -0.29941189E+02  0.34810644E+00      0.00000000      0.00000000
  0.06803125 -0.29690313E+02  0.34004351E+00      0.00000000      0.00000000
  0.06825000 -0.29445421E+02  0.33231598E+00      0.00000000      0.00000000
  0.06846875 -0.29205954E+02  0.32489467E+00      0.00000000      0.00000000
  0.06868750 -0.28971897E+02  0.31776798E+00      0.00000000      0.00000000
  0.06890625 -0.28742693E+02  0.31090885E+00      0.00000000      0.00000000
  0.06912500 -0.28518633E+02  0.30431685E+00      0.00000000      0.00000000
  0.06934375 -0.28299074E+02  0.29796457E+00      0.00000000      0.00000000
  0.06956250 -0.28084208E+02  0.29184902E+00      0.00000000      0.00000000
  0.06978125 -0.27873646E+02  0.28595185E+00      0.00000000      0.00000000
