  0.00000000  0.72677490E+02  0.29257753E+01      0.00000000      0.00000000
  0.00021875  0.77111938E+02  0.97291546E+01      0.00000000      0.00000000
  0.00043750  0.86399971E+02  0.16994328E+02      0.00000000      0.00000000
  0.00065625  0.10071559E+03  0.25475933E+02      0.00000000      0.00000000
  0.00087500  0.12026837E+03  0.37511570E+02      0.00000000      0.00000000
  0.00109375  0.14540431E+03  0.59197617E+02      0.00000000      0.00000000
  0.00131250  0.17105255E+03  0.10667303E+03      0.00000000      0.00000000
  0.00153125  0.14836322E+03  0.20134148E+03      0.00000000      0.00000000
  0.00175000  0.10732893E+02  0.21785516E+03      0.00000000      0.00000000
  0.00196875 -0.33346973E+02  0.11976536E+03      0.00000000      0.00000000
  0.00218750 -0.10661955E+02  0.64798050E+02      0.00000000      0.00000000
  0.00240625  0.15041353E+02  0.40898270E+02      0.00000000      0.00000000
  0.00262500  0.36006233E+02  0.29463566E+02      0.00000000      0.00000000
  0.00284375  0.53210022E+02  0.23476519E+02      0.00000000      0.00000000
  0.00306250  0.68038559E+02  0.20238689E+02      0.00000000      0.00000000
  0.00328125  0.81507339E+02  0.18611368E+02      0.00000000      0.00000000
  0.00350000  0.94367706E+02  0.18090527E+02      0.00000000      0.00000000
  0.00371875  0.10723123E+03  0.18484896E+02      0.00000000      0.00000000
  0.00393750  0.12067185E+03  0.19802755E+02      0.00000000      0.00000000
  0.00415625  0.13529738E+03  0.22245932E+02      0.00000000      0.00000000
  0.00437500  0.15191019E+03  0.26303677E+02      0.00000000      0.00000000
  0.00459375  0.17157748E+03  0.33016384E+02      0.00000000      0.00000000
  0.00481250  0.19583600E+03  0.44723362E+02      0.00000000      0.00000000
  0.00503125  0.22625378E+03  0.67176651E+02      0.00000000      0.00000000
  0.00525000  0.25925235E+03  0.11531817E+03      0.00000000      0.00000000
  0.00546875  0.25327292E+03  0.20668266E+03      0.00000000      0.00000000
  0.00568750  0.16291321E+03  0.24294991E+03      0.00000000      0.00000000
  0.00590625  0.14699539E+03  0.21141777E+03      0.00000000      0.00000000
  0.00612500  0.14775079E+03  0.26019983E+03      0.00000000      0.00000000
  0.00634375  0.51680332E+02  0.27394507E+03      0.00000000      0.00000000
  0.00656250  0.25171053E+02  0.21556000E+03      0.00000000      0.00000000
  0.00678125  0.80351772E+01  0.19018350E+03      0.00000000      0.00000000
  0.00700000  0.16380411E+02  0.13471878E+03      0.00000000      0.00000000
  0.00721875  0.65386688E+02  0.11335120E+03      0.00000000      0.00000000
  0.00743750  0.11503589E+03  0.13651811E+03      0.00000000      0.00000000
  0.00765625  0.12636213E+03  0.19551274E+03      0.00000000      0.00000000
  0.00787500  0.10333511E+03  0.23507368E+03      0.00000000      0.00000000
  0.00809375  0.52164268E+02  0.26484900E+03      0.00000000      0.00000000
  0.00831250  0.19211031E+02  0.23466414E+03      0.00000000      0.00000000
  0.00853125  0.31796898E+02  0.25202173E+03      0.00000000      0.00000000
  0.00875000 -0.35534672E+02  0.28281876E+03      0.00000000      0.00000000
  0.00896875 -0.97299744E+02  0.23732376E+03      0.00000000      0.00000000
  0.00918750 -0.11507770E+03  0.16084731E+03      0.00000000      0.00000000
  0.00940625 -0.75605370E+02  0.10706616E+03      0.00000000      0.00000000
  0.00962500 -0.25326597E+02  0.93210419E+02      0.00000000      0.00000000
  0.00984375  0.22337507E+02  0.11168429E+03      0.00000000      0.00000000
  0.01006250  0.44021217E+02  0.17173619E+03      0.00000000      0.00000000
  0.01028125 -0.11898658E+02  0.21784613E+03      0.00000000      0.00000000
  0.01050000 -0.41935120E+02  0.19100221E+03      0.00000000      0.00000000
  0.01071875 -0.50224640E+02  0.20856227E+03      0.00000000      0.00000000
  0.01093750 -0.11041695E+03  0.18706348E+03      0.00000000      0.00000000
  0.01115625 -0.10293972E+03  0.13335886E+03      0.00000000      0.00000000
  0.01137500 -0.82522644E+02  0.13185031E+03      0.00000000      0.00000000
  0.01159375 -0.99116730E+02  0.12300896E+03      0.00000000      0.00000000
  0.01181250 -0.84750473E+02  0.96211044E+02      0.00000000      0.00000000
  0.01203125 -0.64662392E+02  0.10511331E+03      0.00000000      0.00000000
  0.01225000 -0.84379272E+02  0.11191643E+03      0.00000000      0.00000000
  0.01246875 -0.83205322E+02  0.84052231E+02      0.00000000      0.00000000
  0.01268750 -0.59949661E+02  0.82279465E+02      0.00000000      0.00000000
  0.01290625 -0.64150627E+02  0.10377522E+03      0.00000000      0.00000000
  0.01312500 -0.88301643E+02  0.84905487E+02      0.00000000      0.00000000
  0.01334375 -0.73472008E+02  0.58444595E+02      0.00000000      0.00000000
  0.01356250 -0.47433121E+02  0.53760986E+02      0.00000000      0.00000000
  0.01378125 -0.24243628E+02  0.69608582E+02      0.00000000      0.00000000
  0.01400000 -0.28074627E+02  0.10209547E+03      0.00000000      0.00000000
  0.01421875 -0.50622623E+02  0.10047148E+03      0.00000000      0.00000000
  0.01443750 -0.47548481E+02  0.10348495E+03      0.00000000      0.00000000
  0.01465625 -0.70007172E+02  0.10814220E+03      0.00000000      0.00000000
  0.01487500 -0.69545807E+02  0.87864258E+02      0.00000000      0.00000000
  0.01509375 -0.57558712E+02  0.99570633E+02      0.00000000      0.00000000
  0.01531250 -0.81633301E+02  0.11248817E+03      0.00000000      0.00000000
  0.01553125 -0.95056076E+02  0.10414858E+03      0.00000000      0.00000000
  0.01575000 -0.12368375E+03  0.97287216E+02      0.00000000      0.00000000
  0.01596875 -0.13382954E+03  0.58017540E+02      0.00000000      0.00000000
  0.01618750 -0.11977299E+03  0.33337254E+02      0.00000000      0.00000000
  0.01640625 -0.10530744E+03  0.21797630E+02      0.00000000      0.00000000
  0.01662500 -0.93702103E+02  0.15796417E+02      0.00000000      0.00000000
  0.01684375 -0.84423050E+02  0.12274719E+02      0.00000000      0.00000000
  0.01706250 -0.76798706E+02  0.10008219E+02      0.00000000      0.00000000
  0.01728125 -0.70360809E+02  0.84480362E+01      0.00000000      0.00000000
  0.01750000 -0.64794991E+02  0.73186245E+01      0.00000000      0.00000000
  0.01771875 -0.59888638E+02  0.64694023E+01      0.00000000      0.00000000
  0.01793750 -0.55496021E+02  0.58124380E+01      0.00000000      0.00000000
  0.01815625 -0.51508575E+02  0.52925892E+01      0.00000000      0.00000000
  0.01837500 -0.47848446E+02  0.48743720E+01      0.00000000      0.00000000
  0.01859375 -0.44453472E+02  0.45335636E+01      0.00000000      0.00000000
  0.01881250 -0.41278122E+02  0.42536507E+01      0.00000000      0.00000000
  0.01903125 -0.38284115E+02  0.40226698E+01      0.00000000      0.00000000
  0.01925000 -0.35439655E+02  0.38319392E+01      0.00000000      0.00000000
  0.01946875 -0.32718674E+02  0.36751530E+01      0.00000000      0.00000000
  0.01968750 -0.30099934E+02  0.35477099E+01      0.00000000      0.00000000
  0.01990625 -0.27563038E+02  0.34461565E+01      0.00000000      0.00000000
  0.02012500 -0.25090378E+02  0.33680768E+01      0.00000000      0.00000000
  0.02034375 -0.22666000E+02  0.33118482E+01      0.00000000      0.00000000
  0.02056250 -0.20274286E+02  0.32765255E+01      0.00000000      0.00000000
  0.02078125 -0.17902092E+02  0.32618043E+01      0.00000000      0.00000000
  0.02100000 -0.15531485E+02  0.32679939E+01      0.00000000      0.00000000
  0.02121875 -0.13150409E+02  0.32960458E+01      0.00000000      0.00000000
  0.02143750 -0.10741262E+02  0.33476839E+01      0.00000000      0.00000000
  0.02165625 -0.82861481E+01  0.34255414E+01      0.00000000      0.00000000
  0.02187500 -0.57664189E+01  0.35333486E+01      0.00000000      0.00000000
  0.02209375 -0.31582041E+01  0.36764822E+01      0.00000000      0.00000000
  0.02231250 -0.43371677E+00  0.38625073E+01      0.00000000      0.00000000
  0.02253125  0.24381828E+01  0.41019220E+01      0.00000000      0.00000000
  0.02275000  0.54996424E+01  0.44101458E+01      0.00000000      0.00000000
  0.02296875  0.88059397E+01  0.48102221E+01      0.00000000      0.00000000
  0.02318750  0.12425762E+02  0.53369951E+01      0.00000000      0.00000000
  0.02340625  0.16457355E+02  0.60469866E+01      0.00000000      0.00000000
  0.02362500  0.21039522E+02  0.70361052E+01      0.00000000      0.00000000
  0.02384375  0.26376560E+02  0.84793854E+01      0.00000000      0.00000000
  0.02406250  0.32772545E+02  0.10724042E+02      0.00000000      0.00000000
  0.02428125  0.40669029E+02  0.14538578E+02      0.00000000      0.00000000
  0.02450000  0.50490219E+02  0.21836134E+02      0.00000000      0.00000000
  0.02471875  0.60760780E+02  0.37664589E+02      0.00000000      0.00000000
  0.02493750  0.55944794E+02  0.67710144E+02      0.00000000      0.00000000
  0.02515625  0.20690088E+02  0.71879066E+02      0.00000000      0.00000000
  0.02537500  0.17467354E+02  0.48370602E+02      0.00000000      0.00000000
  0.02559375  0.33960423E+02  0.42845818E+02      0.00000000      0.00000000
  0.02581250  0.49950012E+02  0.57000481E+02      0.00000000      0.00000000
  0.02603125  0.41317654E+02  0.85367493E+02      0.00000000      0.00000000
  0.02625000  0.16848698E+02  0.77313309E+02      0.00000000      0.00000000
  0.02646875  0.28783499E+02  0.65838417E+02      0.00000000      0.00000000
  0.02668750  0.42576550E+02  0.83988342E+02      0.00000000      0.00000000
  0.02690625  0.23456640E+02  0.10151634E+03      0.00000000      0.00000000
  0.02712500  0.23821714E+02  0.89124329E+02      0.00000000      0.00000000
  0.02734375  0.48520966E+02  0.10962437E+03      0.00000000      0.00000000
  0.02756250  0.34528034E+02  0.17870450E+03      0.00000000      0.00000000
  0.02778125 -0.69930328E+02  0.19608221E+03      0.00000000      0.00000000
  0.02800000 -0.11536124E+03  0.11616864E+03      0.00000000      0.00000000
  0.02821875 -0.95705032E+02  0.65346069E+02      0.00000000      0.00000000
  0.02843750 -0.69445999E+02  0.45368801E+02      0.00000000      0.00000000
  0.02865625 -0.45518150E+02  0.40701450E+02      0.00000000      0.00000000
  0.02887500 -0.23384857E+02  0.48780903E+02      0.00000000      0.00000000
  0.02909375 -0.98466606E+01  0.76496964E+02      0.00000000      0.00000000
  0.02931250 -0.34245312E+02  0.11036647E+03      0.00000000      0.00000000
  0.02953125 -0.73934830E+02  0.11143389E+03      0.00000000      0.00000000
  0.02975000 -0.10789787E+03  0.79644363E+02      0.00000000      0.00000000
  0.02996875 -0.10351426E+03  0.43079254E+02      0.00000000      0.00000000
  0.03018750 -0.89415558E+02  0.25510990E+02      0.00000000      0.00000000
  0.03040625 -0.77436562E+02  0.17124866E+02      0.00000000      0.00000000
  0.03062500 -0.68063293E+02  0.12593164E+02      0.00000000      0.00000000
  0.03084375 -0.60578136E+02  0.98689880E+01      0.00000000      0.00000000
  0.03106250 -0.54411442E+02  0.80997868E+01      0.00000000      0.00000000
  0.03128125 -0.49177990E+02  0.68839645E+01      0.00000000      0.00000000
  0.03150000 -0.44624058E+02  0.60143437E+01      0.00000000      0.00000000
  0.03171875 -0.40572094E+02  0.53742847E+01      0.00000000      0.00000000
  0.03193750 -0.36899372E+02  0.48950558E+01      0.00000000      0.00000000
  0.03215625 -0.33516125E+02  0.45339341E+01      0.00000000      0.00000000
  0.03237500 -0.30350367E+02  0.42631078E+01      0.00000000      0.00000000
  0.03259375 -0.27348732E+02  0.40647469E+01      0.00000000      0.00000000
  0.03281250 -0.24464222E+02  0.39271569E+01      0.00000000      0.00000000
  0.03303125 -0.21658594E+02  0.38432772E+01      0.00000000      0.00000000
  0.03325000 -0.18894615E+02  0.38095236E+01      0.00000000      0.00000000
  0.03346875 -0.16137375E+02  0.38254838E+01      0.00000000      0.00000000
  0.03368750 -0.13351636E+02  0.38939705E+01      0.00000000      0.00000000
  0.03390625 -0.10498599E+02  0.40215912E+01      0.00000000      0.00000000
  0.03412500 -0.75357547E+01  0.42199249E+01      0.00000000      0.00000000
  0.03434375 -0.44083214E+01  0.45082750E+01      0.00000000      0.00000000
  0.03456250 -0.10459309E+01  0.49183636E+01      0.00000000      0.00000000
  0.03478125  0.26396360E+01  0.55024691E+01      0.00000000      0.00000000
  0.03500000  0.67813435E+01  0.63535471E+01      0.00000000      0.00000000
  0.03521875  0.11570389E+02  0.76453552E+01      0.00000000      0.00000000
  0.03543750  0.17293514E+02  0.97325935E+01      0.00000000      0.00000000
  0.03565625  0.24357471E+02  0.13421232E+02      0.00000000      0.00000000
  0.03587500  0.33071651E+02  0.20773254E+02      0.00000000      0.00000000
  0.03609375  0.41205498E+02  0.37155334E+02      0.00000000      0.00000000
  0.03631250  0.30462925E+02  0.65829407E+02      0.00000000      0.00000000
  0.03653125 -0.51937790E+01  0.61735527E+02      0.00000000      0.00000000
  0.03675000 -0.70532794E+01  0.37479729E+02      0.00000000      0.00000000
  0.03696875  0.58035274E+01  0.28423388E+02      0.00000000      0.00000000
  0.03718750  0.20371180E+02  0.30636776E+02      0.00000000      0.00000000
  0.03740625  0.32897957E+02  0.45402496E+02      0.00000000      0.00000000
  0.03762500  0.24110344E+02  0.73224792E+02      0.00000000      0.00000000
  0.03784375 -0.71790361E+01  0.66577805E+02      0.00000000      0.00000000
  0.03806250 -0.33649173E+01  0.44169392E+02      0.00000000      0.00000000
  0.03828125  0.14630842E+02  0.39119125E+02      0.00000000      0.00000000
  0.03850000  0.34898018E+02  0.49706093E+02      0.00000000      0.00000000
  0.03871875  0.48529594E+02  0.83312729E+02      0.00000000      0.00000000
  0.03893750  0.15393026E+02  0.13129279E+03      0.00000000      0.00000000
  0.03915625 -0.46557358E+02  0.11239738E+03      0.00000000      0.00000000
  0.03937500 -0.49308384E+02  0.66821609E+02      0.00000000      0.00000000
  0.03959375 -0.27524441E+02  0.48600212E+02      0.00000000      0.00000000
  0.03981250 -0.35057135E+01  0.50582092E+02      0.00000000      0.00000000
  0.04003125  0.16967199E+02  0.74414276E+02      0.00000000      0.00000000
  0.04025000  0.35143337E+01  0.12480921E+03      0.00000000      0.00000000
  0.04046875 -0.65157394E+02  0.12702327E+03      0.00000000      0.00000000
  0.04068750 -0.82171112E+02  0.76504959E+02      0.00000000      0.00000000
  0.04090625 -0.63376572E+02  0.52712234E+02      0.00000000      0.00000000
  0.04112500 -0.44211136E+02  0.54891167E+02      0.00000000      0.00000000
  0.04134375 -0.47307400E+02  0.76024689E+02      0.00000000      0.00000000
  0.04156250 -0.77883247E+02  0.67067596E+02      0.00000000      0.00000000
  0.04178125 -0.76949371E+02  0.39347721E+02      0.00000000      0.00000000
  0.04200000 -0.63414303E+02  0.26600147E+02      0.00000000      0.00000000
  0.04221875 -0.49726540E+02  0.23167389E+02      0.00000000      0.00000000
  0.04243750 -0.36668274E+02  0.26633026E+02      0.00000000      0.00000000
  0.04265625 -0.26432949E+02  0.40797005E+02      0.00000000      0.00000000
  0.04287500 -0.38254791E+02  0.66907455E+02      0.00000000      0.00000000
  0.04309375 -0.73801025E+02  0.57726673E+02      0.00000000      0.00000000
  0.04331250 -0.76397934E+02  0.31073341E+02      0.00000000      0.00000000
  0.04353125 -0.67581665E+02  0.18060684E+02      0.00000000      0.00000000
  0.04375000 -0.59362633E+02  0.12146641E+02      0.00000000      0.00000000
  0.04396875 -0.52695961E+02  0.91170950E+01      0.00000000      0.00000000
  0.04418750 -0.47182632E+02  0.73945236E+01      0.00000000      0.00000000
  0.04440625 -0.42445869E+02  0.63483143E+01      0.00000000      0.00000000
  0.04462500 -0.38221519E+02  0.56964183E+01      0.00000000      0.00000000
  0.04484375 -0.34326111E+02  0.53020821E+01      0.00000000      0.00000000
  0.04506250 -0.30623653E+02  0.50971651E+01      0.00000000      0.00000000
  0.04528125 -0.27003424E+02  0.50509253E+01      0.00000000      0.00000000
  0.04550000 -0.23365156E+02  0.51576452E+01      0.00000000      0.00000000
  0.04571875 -0.19602873E+02  0.54341545E+01      0.00000000      0.00000000
  0.04593750 -0.15593349E+02  0.59252801E+01      0.00000000      0.00000000
  0.04615625 -0.11182019E+02  0.67192421E+01      0.00000000      0.00000000
  0.04637500 -0.61495008E+01  0.79861197E+01      0.00000000      0.00000000
  0.04659375 -0.17352009E+00  0.10068069E+02      0.00000000      0.00000000
  0.04681250  0.72155323E+01  0.13713080E+02      0.00000000      0.00000000
  0.04703125  0.16554607E+02  0.20749731E+02      0.00000000      0.00000000
  0.04725000  0.27012865E+02  0.35978828E+02      0.00000000      0.00000000
  0.04746875  0.26189831E+02  0.66853073E+02      0.00000000      0.00000000
  0.04768750 -0.64180541E+01  0.83653900E+02      0.00000000      0.00000000
  0.04790625 -0.21275106E+02  0.79231583E+02      0.00000000      0.00000000
  0.04812500 -0.49157280E+02  0.81827492E+02      0.00000000      0.00000000
  0.04834375 -0.67363205E+02  0.50354092E+02      0.00000000      0.00000000
  0.04856250 -0.58867050E+02  0.27906265E+02      0.00000000      0.00000000
  0.04878125 -0.47793839E+02  0.18007137E+02      0.00000000      0.00000000
  0.04900000 -0.38376717E+02  0.13473310E+02      0.00000000      0.00000000
  0.04921875 -0.30292110E+02  0.11377478E+02      0.00000000      0.00000000
  0.04943750 -0.22873798E+02  0.10647142E+02      0.00000000      0.00000000
  0.04965625 -0.15546996E+02  0.10944565E+02      0.00000000      0.00000000
  0.04987500 -0.77603254E+01  0.12348698E+02      0.00000000      0.00000000
  0.05009375  0.11019249E+01  0.15416809E+02      0.00000000      0.00000000
  0.05031250  0.11730526E+02  0.21718704E+02      0.00000000      0.00000000
  0.05053125  0.23856274E+02  0.35488514E+02      0.00000000      0.00000000
  0.05075000  0.28122309E+02  0.64964424E+02      0.00000000      0.00000000
  0.05096875 -0.86476851E+00  0.89295372E+02      0.00000000      0.00000000
  0.05118750 -0.20118603E+02  0.85644371E+02      0.00000000      0.00000000
  0.05140625 -0.47288029E+02  0.87311020E+02      0.00000000      0.00000000
  0.05162500 -0.64558739E+02  0.55442146E+02      0.00000000      0.00000000
  0.05184375 -0.53650887E+02  0.32875549E+02      0.00000000      0.00000000
  0.05206250 -0.39257820E+02  0.23901554E+02      0.00000000      0.00000000
  0.05228125 -0.25575811E+02  0.21465555E+02      0.00000000      0.00000000
  0.05250000 -0.11765706E+02  0.23389225E+02      0.00000000      0.00000000
  0.05271875  0.33497400E+01  0.30792908E+02      0.00000000      0.00000000
  0.05293750  0.18666332E+02  0.49110638E+02      0.00000000      0.00000000
  0.05315625  0.17922361E+02  0.84124657E+02      0.00000000      0.00000000
  0.05337500 -0.87411432E+01  0.98769623E+02      0.00000000      0.00000000
  0.05359375 -0.18915394E+02  0.10815495E+03      0.00000000      0.00000000
  0.05381250 -0.44993980E+02  0.11395898E+03      0.00000000      0.00000000
  0.05403125 -0.63266235E+02  0.11453429E+03      0.00000000      0.00000000
  0.05425000 -0.86706863E+02  0.10134703E+03      0.00000000      0.00000000
  0.05446875 -0.97799568E+02  0.96075653E+02      0.00000000      0.00000000
  0.05468750 -0.12481715E+03  0.73328018E+02      0.00000000      0.00000000
  0.05490625 -0.12142481E+03  0.40189537E+02      0.00000000      0.00000000
  0.05512500 -0.10847189E+03  0.23640984E+02      0.00000000      0.00000000
  0.05534375 -0.97511703E+02  0.15635790E+02      0.00000000      0.00000000
  0.05556250 -0.89086342E+02  0.11254483E+02      0.00000000      0.00000000
  0.05578125 -0.82521584E+02  0.85874052E+01      0.00000000      0.00000000
  0.05600000 -0.77267021E+02  0.68310847E+01      0.00000000      0.00000000
  0.05621875 -0.72953796E+02  0.56052074E+01      0.00000000      0.00000000
  0.05643750 -0.69334183E+02  0.47101083E+01      0.00000000      0.00000000
  0.05665625 -0.66240570E+02  0.40331602E+01      0.00000000      0.00000000
  0.05687500 -0.63558182E+02  0.35069456E+01      0.00000000      0.00000000
  0.05709375 -0.61202065E+02  0.30882399E+01      0.00000000      0.00000000
  0.05731250 -0.59109627E+02  0.27485201E+01      0.00000000      0.00000000
  0.05753125 -0.57234634E+02  0.24684582E+01      0.00000000      0.00000000
  0.05775000 -0.55541237E+02  0.22343304E+01      0.00000000      0.00000000
  0.05796875 -0.54001232E+02  0.20362320E+01      0.00000000      0.00000000
  0.05818750 -0.52591576E+02  0.18667580E+01      0.00000000      0.00000000
  0.05840625 -0.51294682E+02  0.17204590E+01      0.00000000      0.00000000
  0.05862500 -0.50095406E+02  0.15930725E+01      0.00000000      0.00000000
  0.05884375 -0.48982052E+02  0.14813619E+01      0.00000000      0.00000000
  0.05906250 -0.47944054E+02  0.13827031E+01      0.00000000      0.00000000
  0.05928125 -0.46972836E+02  0.12950308E+01      0.00000000      0.00000000
  0.05950000 -0.46061806E+02  0.12167523E+01      0.00000000      0.00000000
  0.05971875 -0.45204071E+02  0.11464403E+01      0.00000000      0.00000000
  0.05993750 -0.44394615E+02  0.10830127E+01      0.00000000      0.00000000
  0.06015625 -0.43628601E+02  0.10255358E+01      0.00000000      0.00000000
  0.06037500 -0.42902420E+02  0.97326589E+00      0.00000000      0.00000000
  0.06059375 -0.42212341E+02  0.92554808E+00      0.00000000      0.00000000
  0.06081250 -0.41555405E+02  0.88184041E+00      0.00000000      0.00000000
  0.06103125 -0.40928589E+02  0.84166139E+00      0.00000000      0.00000000
  0.06125000 -0.40329952E+02  0.80464244E+00      0.00000000      0.00000000
  0.06146875 -0.39757195E+02  0.77043664E+00      0.00000000      0.00000000
  0.06168750 -0.39208267E+02  0.73873794E+00      0.00000000      0.00000000
  0.06190625 -0.38681404E+02  0.70928788E+00      0.00000000      0.00000000
  0.06212500 -0.38175159E+02  0.68187118E+00      0.00000000      0.00000000
  0.06234375 -0.37688148E+02  0.65629077E+00      0.00000000      0.00000000
  0.06256250 -0.37219265E+02  0.63238519E+00      0.00000000      0.00000000
  0.06278125 -0.36766979E+02  0.60998237E+00      0.00000000      0.00000000
  0.06300000 -0.36330654E+02  0.58896887E+00      0.00000000      0.00000000
  0.06321875 -0.35908978E+02  0.56920862E+00      0.00000000      0.00000000
  0.06343750 -0.35501274E+02  0.55060446E+00      0.00000000      0.00000000
  0.06365625 -0.35106693E+02  0.53305787E+00      0.00000000      0.00000000
  0.06387500 -0.34724495E+02  0.51648831E+00      0.00000000      0.00000000
  0.06409375 -0.34354134E+02  0.50081944E+00      0.00000000      0.00000000
  0.06431250 -0.33994720E+02  0.48597705E+00      0.00000000      0.00000000
  0.06453125 -0.33645939E+02  0.47190502E+00      0.00000000      0.00000000
  0.06475000 -0.33307068E+02  0.45854223E+00      0.00000000      0.00000000
  0.06496875 -0.32977646E+02  0.44583714E+00      0.00000000      0.00000000
  0.06518750 -0.32657280E+02  0.43375000E+00      0.00000000      0.00000000
  0.06540625 -0.32345436E+02  0.42223242E+00      0.00000000      0.00000000
  0.06562500 -0.32041870E+02  0.41125333E+00      0.00000000      0.00000000
  0.06584375 -0.31746086E+02  0.40076986E+00      0.00000000      0.00000000
  0.06606250 -0.31457731E+02  0.39075190E+00      0.00000000      0.00000000
  0.06628125 -0.31176569E+02  0.38117185E+00      0.00000000      0.00000000
  0.06650000 -0.30902119E+02  0.37199929E+00      0.00000000      0.00000000
  0.06671875 -0.30634293E+02  0.36321649E+00      0.00000000      0.00000000
  0.06693751 -0.30372700E+02  0.35479081E+00      0.00000000      0.00000000
  0.06715626 -0.30117025E+02  0.34670329E+00      0.00000000      0.00000000
  0.06737500 -0.29867271E+02  0.33894244E+00      0.00000000      0.00000000
  0.06759375 -0.29622917E+02  0.33147913E+00      0.00000000      0.00000000
  0.06781250 -0.29384100E+02  0.32430804E+00      0.00000000      0.00000000
  0.06803125 -0.29150143E+02  0.31739956E+00      0.00000000      0.00000000
  0.06825000 -0.28921427E+02  0.31075415E+00      0.00000000      0.00000000
  0.06846875 -0.28697178E+02  0.30434376E+00      0.00000000      0.00000000
  0.06868750 -0.28477730E+02  0.29816753E+00      0.00000000      0.00000000
  0.06890625 -0.28262476E+02  0.29220283E+00      0.00000000      0.00000000
  0.06912500 -0.28051695E+02  0.28645271E+00      0.00000000      0.00000000
  0.06934375 -0.27844904E+02  0.28089294E+00      0.00000000      0.00000000
  0.06956250 -0.27642099E+02  0.27552134E+00      0.00000000      0.00000000
  0.06978125 -0.27443222E+02  0.27032876E+00      0.00000000      0.00000000
