0.0000 0.0000
0.0000 0.00195
0.0000 0.00390
0.0000 0.004877
0.0000 0.00617
0.0000 0.00747
0.0000 0.008899
0.0000 0.100677
0.0000 0.01156
0.0000 0.01207
0.0000 0.01409
0.1667 0.000659
0.1667 0.005396
0.1667 0.0061098
0.1667 0.008251
0.1667 0.008899
0.1667 0.010522
0.1667 0.0111707
0.1667 0.0117547
0.1667 0.01266
0.1667 0.013311
0.1667 0.014025
0.1667 0.015388
0.3333 0.0034495
0.3333 0.00422819
0.3333 0.00675
0.3333 0.007407
0.3333 0.007926
0.3333 0.0088349
0.3333 0.00974
0.3333 0.010327
0.3333 0.0110409
0.3333 0.011495
0.3333 0.0122737
0.3333 0.0134416
0.3333 0.016361
0.3333 0.01681
0.3333 0.0172698
0.3333 0.0176591
0.3333 0.0205788
0.3333 0.02233
0.3333 0.0231741
0.3333 0.0242772
0.5000 0.00630
0.5000 0.0081212
0.5000 0.008965
0.5000 0.009808
0.5000 0.0116898
0.5000 0.01493
0.5000 0.0164912
0.5000 0.01752
0.5000 0.01915
0.5000 0.01967
0.5000 0.0209681
0.2000 0.001677
0.2000 0.00560
0.2000 0.00618
0.2000 0.00668
0.2000 0.008034
0.2000 0.008694
0.2000 0.01025
0.2000 0.010753
0.2000 0.011368
0.2000 0.012099
0.2000 0.0124827
0.2000 0.0131906
0.2000 0.0143456
0.2000 0.0144573
0.2000 0.0148299
0.2000 0.0155378
0.2000 0.0159104
0.4000 0.00447
0.4000 0.00468
0.4000 0.00774
0.4000 0.00872
0.4000 0.00969
0.4000 0.010568
0.4000 0.0114344
0.4000 0.011634
0.4000 0.0121949
0.4000 0.013195
0.4000 0.0143563
0.4000 0.015677
0.4000 0.01767
0.4000 0.01803
0.4000 0.018799
0.4000 0.0199599
