 -0.03000000  0.10153085E+03  0.52126732E+01      0.00000000      0.00000000
 -0.02990000  0.10258379E+03  0.53444138E+01      0.00000000      0.00000000
 -0.02980000  0.10365466E+03  0.54806843E+01      0.00000000      0.00000000
 -0.02970000  0.10476010E+03  0.56237984E+01      0.00000000      0.00000000
 -0.02960000  0.10590240E+03  0.57742796E+01      0.00000000      0.00000000
 -0.02950000  0.10705846E+03  0.59293418E+01      0.00000000      0.00000000
 -0.02940000  0.10822968E+03  0.60893297E+01      0.00000000      0.00000000
 -0.02930000  0.10945571E+03  0.62598381E+01      0.00000000      0.00000000
 -0.02920000  0.11069982E+03  0.64361444E+01      0.00000000      0.00000000
 -0.02910000  0.11199710E+03  0.66235003E+01      0.00000000      0.00000000
 -0.02900000  0.11332406E+03  0.68188872E+01      0.00000000      0.00000000
 -0.02890000  0.11469605E+03  0.70249701E+01      0.00000000      0.00000000
 -0.02880000  0.11608708E+03  0.72381611E+01      0.00000000      0.00000000
 -0.02870000  0.11752234E+03  0.74626274E+01      0.00000000      0.00000000
 -0.02860000  0.11903053E+03  0.77034440E+01      0.00000000      0.00000000
 -0.02850000  0.12058443E+03  0.79570017E+01      0.00000000      0.00000000
 -0.02840000  0.12218269E+03  0.82235098E+01      0.00000000      0.00000000
 -0.02830000  0.12379941E+03  0.84992065E+01      0.00000000      0.00000000
 -0.02820000  0.12551201E+03  0.87978134E+01      0.00000000      0.00000000
 -0.02810000  0.12728546E+03  0.91143484E+01      0.00000000      0.00000000
 -0.02800000  0.12910974E+03  0.94478111E+01      0.00000000      0.00000000
 -0.02790000  0.13100314E+03  0.98023758E+01      0.00000000      0.00000000
 -0.02780000  0.13296730E+03  0.10179420E+02      0.00000000      0.00000000
 -0.02770000  0.13500388E+03  0.10580433E+02      0.00000000      0.00000000
 -0.02760000  0.13708717E+03  0.11001378E+02      0.00000000      0.00000000
 -0.02750000  0.13927188E+03  0.11454488E+02      0.00000000      0.00000000
 -0.02740000  0.14154706E+03  0.11939355E+02      0.00000000      0.00000000
 -0.02730000  0.14394710E+03  0.12465216E+02      0.00000000      0.00000000
 -0.02720000  0.14643982E+03  0.13027347E+02      0.00000000      0.00000000
 -0.02710000  0.14902850E+03  0.13628531E+02      0.00000000      0.00000000
 -0.02700000  0.15172141E+03  0.14272876E+02      0.00000000      0.00000000
 -0.02690000  0.15459589E+03  0.14982317E+02      0.00000000      0.00000000
 -0.02680000  0.15758801E+03  0.15744907E+02      0.00000000      0.00000000
 -0.02670000  0.16067384E+03  0.16557583E+02      0.00000000      0.00000000
 -0.02660000  0.16393660E+03  0.17446045E+02      0.00000000      0.00000000
 -0.02650000  0.16733467E+03  0.18403864E+02      0.00000000      0.00000000
 -0.02640000  0.17094705E+03  0.19458858E+02      0.00000000      0.00000000
 -0.02630000  0.17475693E+03  0.20613277E+02      0.00000000      0.00000000
 -0.02620000  0.17878635E+03  0.21881760E+02      0.00000000      0.00000000
 -0.02610000  0.18303030E+03  0.23271296E+02      0.00000000      0.00000000
 -0.02600000  0.18756427E+03  0.24817890E+02      0.00000000      0.00000000
 -0.02590000  0.19239447E+03  0.26537249E+02      0.00000000      0.00000000
 -0.02580000  0.19751663E+03  0.28443266E+02      0.00000000      0.00000000
 -0.02570000  0.20299606E+03  0.30578648E+02      0.00000000      0.00000000
 -0.02560000  0.20887161E+03  0.32981888E+02      0.00000000      0.00000000
 -0.02550000  0.21522375E+03  0.35715942E+02      0.00000000      0.00000000
 -0.02540000  0.22198279E+03  0.38784927E+02      0.00000000      0.00000000
 -0.02530000  0.22921152E+03  0.42255932E+02      0.00000000      0.00000000
 -0.02520000  0.23708890E+03  0.46268578E+02      0.00000000      0.00000000
 -0.02510000  0.24551779E+03  0.50840111E+02      0.00000000      0.00000000
 -0.02500000  0.25467342E+03  0.56147808E+02      0.00000000      0.00000000
 -0.02490000  0.26473535E+03  0.62414925E+02      0.00000000      0.00000000
 -0.02480000  0.27568286E+03  0.69786919E+02      0.00000000      0.00000000
 -0.02470000  0.28739749E+03  0.78367630E+02      0.00000000      0.00000000
 -0.02460000  0.30038870E+03  0.88804703E+02      0.00000000      0.00000000
 -0.02450000  0.31450452E+03  0.10138319E+03      0.00000000      0.00000000
 -0.02440000  0.32978357E+03  0.11668879E+03      0.00000000      0.00000000
 -0.02430000  0.34627017E+03  0.13559903E+03      0.00000000      0.00000000
 -0.02420000  0.36349234E+03  0.15878616E+03      0.00000000      0.00000000
 -0.02410000  0.38111368E+03  0.18767255E+03      0.00000000      0.00000000
 -0.02400000  0.39849939E+03  0.22469298E+03      0.00000000      0.00000000
 -0.02390000  0.41332886E+03  0.27129208E+03      0.00000000      0.00000000
 -0.02380000  0.42217606E+03  0.32968701E+03      0.00000000      0.00000000
 -0.02370000  0.41907861E+03  0.40241022E+03      0.00000000      0.00000000
 -0.02360000  0.39548450E+03  0.48566107E+03      0.00000000      0.00000000
 -0.02350000  0.34018823E+03  0.57445862E+03      0.00000000      0.00000000
 -0.02340000  0.24578046E+03  0.65094733E+03      0.00000000      0.00000000
 -0.02330000  0.11834599E+03  0.69101306E+03      0.00000000      0.00000000
 -0.02320000 -0.17580717E+02  0.67814209E+03      0.00000000      0.00000000
 -0.02310000 -0.13109369E+03  0.61818298E+03      0.00000000      0.00000000
 -0.02300000 -0.20599820E+03  0.53431384E+03      0.00000000      0.00000000
 -0.02290000 -0.24546532E+03  0.44592682E+03      0.00000000      0.00000000
 -0.02280000 -0.25810468E+03  0.36726758E+03      0.00000000      0.00000000
 -0.02270000 -0.25448633E+03  0.30180899E+03      0.00000000      0.00000000
 -0.02260000 -0.24207692E+03  0.24929054E+03      0.00000000      0.00000000
 -0.02250000 -0.22536923E+03  0.20732690E+03      0.00000000      0.00000000
 -0.02240000 -0.20745067E+03  0.17463226E+03      0.00000000      0.00000000
 -0.02230000 -0.18949742E+03  0.14861273E+03      0.00000000      0.00000000
 -0.02220000 -0.17220956E+03  0.12774168E+03      0.00000000      0.00000000
 -0.02210000 -0.15616690E+03  0.11110258E+03      0.00000000      0.00000000
 -0.02200000 -0.14100385E+03  0.97317604E+02      0.00000000      0.00000000
 -0.02190000 -0.12714133E+03  0.86115601E+02      0.00000000      0.00000000
 -0.02180000 -0.11416659E+03  0.76697922E+02      0.00000000      0.00000000
 -0.02170000 -0.10221285E+03  0.68846146E+02      0.00000000      0.00000000
 -0.02160000 -0.91118881E+02  0.62213558E+02      0.00000000      0.00000000
 -0.02150000 -0.80934219E+02  0.56644203E+02      0.00000000      0.00000000
 -0.02140000 -0.71468712E+02  0.51892925E+02      0.00000000      0.00000000
 -0.02130000 -0.62546696E+02  0.47773819E+02      0.00000000      0.00000000
 -0.02120000 -0.54269238E+02  0.44253807E+02      0.00000000      0.00000000
 -0.02110000 -0.46525295E+02  0.41217243E+02      0.00000000      0.00000000
 -0.02100000 -0.39213760E+02  0.38572945E+02      0.00000000      0.00000000
 -0.02090000 -0.32380611E+02  0.36294052E+02      0.00000000      0.00000000
 -0.02080000 -0.25797855E+02  0.34272720E+02      0.00000000      0.00000000
 -0.02070000 -0.19575787E+02  0.32517105E+02      0.00000000      0.00000000
 -0.02060000 -0.13652641E+02  0.30984711E+02      0.00000000      0.00000000
 -0.02050000 -0.79006691E+01  0.29625168E+02      0.00000000      0.00000000
 -0.02040000 -0.23235989E+01  0.28428766E+02      0.00000000      0.00000000
 -0.02030000  0.30944328E+01  0.27379833E+02      0.00000000      0.00000000
 -0.02020000  0.82371235E+01  0.26487305E+02      0.00000000      0.00000000
 -0.02010000  0.13244532E+02  0.25714975E+02      0.00000000      0.00000000
 -0.02000000  0.18205862E+02  0.25043049E+02      0.00000000      0.00000000
 -0.01990000  0.23017612E+02  0.24480232E+02      0.00000000      0.00000000
 -0.01980000  0.27722488E+02  0.24013479E+02      0.00000000      0.00000000
 -0.01970000  0.32297390E+02  0.23639263E+02      0.00000000      0.00000000
 -0.01960000  0.36915443E+02  0.23340889E+02      0.00000000      0.00000000
 -0.01950000  0.41490643E+02  0.23123081E+02      0.00000000      0.00000000
 -0.01940000  0.45908611E+02  0.22985615E+02      0.00000000      0.00000000
 -0.01930000  0.50362617E+02  0.22919916E+02      0.00000000      0.00000000
 -0.01920000  0.54779320E+02  0.22926189E+02      0.00000000      0.00000000
 -0.01910000  0.59228210E+02  0.23003403E+02      0.00000000      0.00000000
 -0.01900000  0.63672112E+02  0.23151138E+02      0.00000000      0.00000000
 -0.01890000  0.68227310E+02  0.23375668E+02      0.00000000      0.00000000
 -0.01880000  0.72805481E+02  0.23674622E+02      0.00000000      0.00000000
 -0.01870000  0.77512924E+02  0.24058643E+02      0.00000000      0.00000000
 -0.01860000  0.82275459E+02  0.24525171E+02      0.00000000      0.00000000
 -0.01850000  0.87066910E+02  0.25072720E+02      0.00000000      0.00000000
 -0.01840000  0.91899666E+02  0.25704124E+02      0.00000000      0.00000000
 -0.01830000  0.96948486E+02  0.26447517E+02      0.00000000      0.00000000
 -0.01820000  0.10211517E+03  0.27296883E+02      0.00000000      0.00000000
 -0.01810000  0.10740491E+03  0.28259310E+02      0.00000000      0.00000000
 -0.01800000  0.11296038E+03  0.29369442E+02      0.00000000      0.00000000
 -0.01790000  0.11869812E+03  0.30624172E+02      0.00000000      0.00000000
 -0.01780000  0.12459471E+03  0.32026096E+02      0.00000000      0.00000000
 -0.01770000  0.13084799E+03  0.33639648E+02      0.00000000      0.00000000
 -0.01760000  0.13730753E+03  0.35443123E+02      0.00000000      0.00000000
 -0.01750000  0.14424460E+03  0.37535683E+02      0.00000000      0.00000000
 -0.01740000  0.15147183E+03  0.39889572E+02      0.00000000      0.00000000
 -0.01730000  0.15908533E+03  0.42565163E+02      0.00000000      0.00000000
 -0.01720000  0.16711978E+03  0.45609184E+02      0.00000000      0.00000000
 -0.01710000  0.17584534E+03  0.49177120E+02      0.00000000      0.00000000
 -0.01700000  0.18503021E+03  0.53238369E+02      0.00000000      0.00000000
 -0.01690000  0.19486275E+03  0.57944565E+02      0.00000000      0.00000000
 -0.01680000  0.20532620E+03  0.63376781E+02      0.00000000      0.00000000
 -0.01670000  0.21666443E+03  0.69786804E+02      0.00000000      0.00000000
 -0.01660000  0.22894307E+03  0.77380661E+02      0.00000000      0.00000000
 -0.01650000  0.24223718E+03  0.86430649E+02      0.00000000      0.00000000
 -0.01640000  0.25647314E+03  0.97166290E+02      0.00000000      0.00000000
 -0.01630000  0.27195407E+03  0.11022924E+03      0.00000000      0.00000000
 -0.01620000  0.28846576E+03  0.12601189E+03      0.00000000      0.00000000
 -0.01610000  0.30622742E+03  0.14558295E+03      0.00000000      0.00000000
 -0.01600000  0.32485181E+03  0.16985114E+03      0.00000000      0.00000000
 -0.01590000  0.34416034E+03  0.20083423E+03      0.00000000      0.00000000
 -0.01580000  0.36247305E+03  0.23950888E+03      0.00000000      0.00000000
 -0.01570000  0.37810284E+03  0.28935083E+03      0.00000000      0.00000000
 -0.01560000  0.38657031E+03  0.35050940E+03      0.00000000      0.00000000
 -0.01550000  0.38175488E+03  0.42609235E+03      0.00000000      0.00000000
 -0.01540000  0.35418262E+03  0.51272394E+03      0.00000000      0.00000000
 -0.01530000  0.29315588E+03  0.60179205E+03      0.00000000      0.00000000
 -0.01520000  0.19271222E+03  0.67466992E+03      0.00000000      0.00000000
 -0.01510000  0.61106083E+02  0.70735138E+03      0.00000000      0.00000000
 -0.01500000 -0.72396767E+02  0.68606299E+03      0.00000000      0.00000000
 -0.01490000 -0.18091843E+03  0.61989331E+03      0.00000000      0.00000000
 -0.01480000 -0.25017444E+03  0.53216223E+03      0.00000000      0.00000000
 -0.01470000 -0.28348135E+03  0.44421515E+03      0.00000000      0.00000000
 -0.01460000 -0.29171246E+03  0.36769220E+03      0.00000000      0.00000000
 -0.01450000 -0.28499554E+03  0.30356018E+03      0.00000000      0.00000000
 -0.01440000 -0.27002020E+03  0.25187187E+03      0.00000000      0.00000000
 -0.01430000 -0.25153764E+03  0.21160445E+03      0.00000000      0.00000000
 -0.01420000 -0.23159082E+03  0.17946829E+03      0.00000000      0.00000000
 -0.01410000 -0.21212399E+03  0.15450363E+03      0.00000000      0.00000000
 -0.01400000 -0.19320996E+03  0.13439331E+03      0.00000000      0.00000000
 -0.01390000 -0.17524065E+03  0.11817624E+03      0.00000000      0.00000000
 -0.01380000 -0.15855090E+03  0.10519038E+03      0.00000000      0.00000000
 -0.01370000 -0.14295526E+03  0.94626701E+02      0.00000000      0.00000000
 -0.01360000 -0.12844467E+03  0.86006104E+02      0.00000000      0.00000000
 -0.01350000 -0.11459513E+03  0.78797592E+02      0.00000000      0.00000000
 -0.01340000 -0.10156999E+03  0.72856247E+02      0.00000000      0.00000000
 -0.01330000 -0.89147003E+02  0.67921272E+02      0.00000000      0.00000000
 -0.01320000 -0.77462639E+02  0.63918999E+02      0.00000000      0.00000000
 -0.01310000 -0.66205894E+02  0.60625004E+02      0.00000000      0.00000000
 -0.01300000 -0.55364685E+02  0.57965607E+02      0.00000000      0.00000000
 -0.01290000 -0.44924244E+02  0.55883083E+02      0.00000000      0.00000000
 -0.01280000 -0.34750202E+02  0.54302128E+02      0.00000000      0.00000000
 -0.01270000 -0.24811722E+02  0.53175621E+02      0.00000000      0.00000000
 -0.01260000 -0.14997955E+02  0.52478966E+02      0.00000000      0.00000000
 -0.01250000 -0.53591824E+01  0.52183792E+02      0.00000000      0.00000000
 -0.01240000  0.44108276E+01  0.52291981E+02      0.00000000      0.00000000
 -0.01230000  0.14359205E+02  0.52807938E+02      0.00000000      0.00000000
 -0.01220000  0.24066780E+02  0.53717884E+02      0.00000000      0.00000000
 -0.01210000  0.34187111E+02  0.55084774E+02      0.00000000      0.00000000
 -0.01200000  0.44480415E+02  0.56920723E+02      0.00000000      0.00000000
 -0.01190000  0.55084053E+02  0.59281887E+02      0.00000000      0.00000000
 -0.01180000  0.66128815E+02  0.62257545E+02      0.00000000      0.00000000
 -0.01170000  0.77758141E+02  0.65953880E+02      0.00000000      0.00000000
 -0.01160000  0.89601051E+02  0.70337250E+02      0.00000000      0.00000000
 -0.01150000  0.10224546E+03  0.75716873E+02      0.00000000      0.00000000
 -0.01140000  0.11541664E+03  0.82122238E+02      0.00000000      0.00000000
 -0.01130000  0.12975732E+03  0.90074219E+02      0.00000000      0.00000000
 -0.01120000  0.14491435E+03  0.99670273E+02      0.00000000      0.00000000
 -0.01110000  0.16100525E+03  0.11131587E+03      0.00000000      0.00000000
 -0.01100000  0.17848967E+03  0.12589204E+03      0.00000000      0.00000000
 -0.01090000  0.19712631E+03  0.14404575E+03      0.00000000      0.00000000
 -0.01080000  0.21652991E+03  0.16654544E+03      0.00000000      0.00000000
 -0.01070000  0.23656458E+03  0.19504510E+03      0.00000000      0.00000000
 -0.01060000  0.25602930E+03  0.23082564E+03      0.00000000      0.00000000
 -0.01050000  0.27349084E+03  0.27676993E+03      0.00000000      0.00000000
 -0.01040000  0.28517767E+03  0.33334363E+03      0.00000000      0.00000000
 -0.01030000  0.28604333E+03  0.40474756E+03      0.00000000      0.00000000
 -0.01020000  0.26675647E+03  0.48998645E+03      0.00000000      0.00000000
 -0.01010000  0.21682541E+03  0.58059680E+03      0.00000000      0.00000000
 -0.01000000  0.12819833E+03  0.66130792E+03      0.00000000      0.00000000
 -0.00990000  0.47409363E+01  0.70893732E+03      0.00000000      0.00000000
 -0.00980000 -0.13153059E+03  0.70539233E+03      0.00000000      0.00000000
 -0.00970000 -0.25156364E+03  0.65206537E+03      0.00000000      0.00000000
 -0.00960000 -0.33552539E+03  0.56850073E+03      0.00000000      0.00000000
 -0.00950000 -0.38156454E+03  0.47695563E+03      0.00000000      0.00000000
 -0.00940000 -0.39788605E+03  0.39403040E+03      0.00000000      0.00000000
 -0.00930000 -0.39584125E+03  0.32412488E+03      0.00000000      0.00000000
 -0.00920000 -0.38345114E+03  0.26719714E+03      0.00000000      0.00000000
 -0.00910000 -0.36617371E+03  0.22230043E+03      0.00000000      0.00000000
 -0.00900000 -0.34724350E+03  0.18712775E+03      0.00000000      0.00000000
 -0.00890000 -0.32814737E+03  0.15917343E+03      0.00000000      0.00000000
 -0.00880000 -0.30958350E+03  0.13664775E+03      0.00000000      0.00000000
 -0.00870000 -0.29219257E+03  0.11857931E+03      0.00000000      0.00000000
 -0.00860000 -0.27639484E+03  0.10419005E+03      0.00000000      0.00000000
 -0.00850000 -0.26147638E+03  0.92089836E+02      0.00000000      0.00000000
 -0.00840000 -0.24778973E+03  0.82098557E+02      0.00000000      0.00000000
 -0.00830000 -0.23520267E+03  0.73749710E+02      0.00000000      0.00000000
 -0.00820000 -0.22329257E+03  0.66528397E+02      0.00000000      0.00000000
 -0.00810000 -0.21222531E+03  0.60370392E+02      0.00000000      0.00000000
 -0.00800000 -0.20208868E+03  0.55165489E+02      0.00000000      0.00000000
 -0.00790000 -0.19258691E+03  0.50645699E+02      0.00000000      0.00000000
 -0.00780000 -0.18392407E+03  0.46817726E+02      0.00000000      0.00000000
 -0.00770000 -0.17565091E+03  0.43410629E+02      0.00000000      0.00000000
 -0.00760000 -0.16796902E+03  0.40459351E+02      0.00000000      0.00000000
 -0.00750000 -0.16075229E+03  0.37867493E+02      0.00000000      0.00000000
 -0.00740000 -0.15393932E+03  0.35578323E+02      0.00000000      0.00000000
 -0.00730000 -0.14749841E+03  0.33552380E+02      0.00000000      0.00000000
 -0.00720000 -0.14128444E+03  0.31723757E+02      0.00000000      0.00000000
 -0.00710000 -0.13537602E+03  0.30098289E+02      0.00000000      0.00000000
 -0.00700000 -0.12973032E+03  0.28646912E+02      0.00000000      0.00000000
 -0.00690000 -0.12445443E+03  0.27379715E+02      0.00000000      0.00000000
 -0.00680000 -0.11930699E+03  0.26226559E+02      0.00000000      0.00000000
 -0.00670000 -0.11436108E+03  0.25194996E+02      0.00000000      0.00000000
 -0.00660000 -0.10957008E+03  0.24267460E+02      0.00000000      0.00000000
 -0.00650000 -0.10496310E+03  0.23442102E+02      0.00000000      0.00000000
 -0.00640000 -0.10050188E+03  0.22704918E+02      0.00000000      0.00000000
 -0.00630000 -0.96172592E+02  0.22048122E+02      0.00000000      0.00000000
 -0.00620000 -0.91917641E+02  0.21459763E+02      0.00000000      0.00000000
 -0.00610000 -0.87792336E+02  0.20942799E+02      0.00000000      0.00000000
 -0.00600000 -0.83761856E+02  0.20488766E+02      0.00000000      0.00000000
 -0.00590000 -0.79816444E+02  0.20093521E+02      0.00000000      0.00000000
 -0.00580000 -0.75905228E+02  0.19750664E+02      0.00000000      0.00000000
 -0.00570000 -0.72054543E+02  0.19460278E+02      0.00000000      0.00000000
 -0.00560000 -0.68232132E+02  0.19218987E+02      0.00000000      0.00000000
 -0.00550000 -0.64482399E+02  0.19027508E+02      0.00000000      0.00000000
 -0.00540000 -0.60782654E+02  0.18882771E+02      0.00000000      0.00000000
 -0.00530000 -0.57075832E+02  0.18782707E+02      0.00000000      0.00000000
 -0.00520000 -0.53426941E+02  0.18727276E+02      0.00000000      0.00000000
 -0.00510000 -0.49759052E+02  0.18715670E+02      0.00000000      0.00000000
 -0.00500000 -0.46049332E+02  0.18748949E+02      0.00000000      0.00000000
 -0.00490000 -0.42446556E+02  0.18823690E+02      0.00000000      0.00000000
 -0.00480000 -0.38795975E+02  0.18942339E+02      0.00000000      0.00000000
 -0.00470000 -0.35048264E+02  0.19110571E+02      0.00000000      0.00000000
 -0.00460000 -0.31259968E+02  0.19327408E+02      0.00000000      0.00000000
 -0.00450000 -0.27452110E+02  0.19592148E+02      0.00000000      0.00000000
 -0.00440000 -0.23587891E+02  0.19909515E+02      0.00000000      0.00000000
 -0.00430000 -0.19647121E+02  0.20283115E+02      0.00000000      0.00000000
 -0.00420000 -0.15678913E+02  0.20709644E+02      0.00000000      0.00000000
 -0.00410000 -0.11579697E+02  0.21203104E+02      0.00000000      0.00000000
 -0.00400000 -0.74006729E+01  0.21761185E+02      0.00000000      0.00000000
 -0.00390000 -0.31398392E+01  0.22387047E+02      0.00000000      0.00000000
 -0.00380000  0.12603073E+01  0.23092766E+02      0.00000000      0.00000000
 -0.00370000  0.57479248E+01  0.23871967E+02      0.00000000      0.00000000
 -0.00360000  0.10498322E+02  0.24766375E+02      0.00000000      0.00000000
 -0.00350000  0.15405300E+02  0.25763437E+02      0.00000000      0.00000000
 -0.00340000  0.20401543E+02  0.26850105E+02      0.00000000      0.00000000
 -0.00330000  0.25716927E+02  0.28089191E+02      0.00000000      0.00000000
 -0.00320000  0.31228188E+02  0.29461258E+02      0.00000000      0.00000000
 -0.00310000  0.36939934E+02  0.30972488E+02      0.00000000      0.00000000
 -0.00300000  0.42984188E+02  0.32675129E+02      0.00000000      0.00000000
 -0.00290000  0.49330708E+02  0.34571365E+02      0.00000000      0.00000000
 -0.00280000  0.56166286E+02  0.36742126E+02      0.00000000      0.00000000
 -0.00270000  0.63182255E+02  0.39098137E+02      0.00000000      0.00000000
 -0.00260000  0.70660896E+02  0.41754211E+02      0.00000000      0.00000000
 -0.00250000  0.78614304E+02  0.44739376E+02      0.00000000      0.00000000
 -0.00240000  0.87027527E+02  0.48077805E+02      0.00000000      0.00000000
 -0.00230000  0.96229469E+02  0.51949394E+02      0.00000000      0.00000000
 -0.00220000  0.10610561E+03  0.56343063E+02      0.00000000      0.00000000
 -0.00210000  0.11668222E+03  0.61317760E+02      0.00000000      0.00000000
 -0.00200000  0.12816940E+03  0.67053764E+02      0.00000000      0.00000000
 -0.00190000  0.14066763E+03  0.73666092E+02      0.00000000      0.00000000
 -0.00180000  0.15422627E+03  0.81244690E+02      0.00000000      0.00000000
 -0.00170000  0.16896481E+03  0.89979752E+02      0.00000000      0.00000000
 -0.00160000  0.18514615E+03  0.10015132E+03      0.00000000      0.00000000
 -0.00150000  0.20318660E+03  0.11224554E+03      0.00000000      0.00000000
 -0.00140000  0.22298425E+03  0.12628982E+03      0.00000000      0.00000000
 -0.00130000  0.24510492E+03  0.14293866E+03      0.00000000      0.00000000
 -0.00120000  0.26961267E+03  0.16250374E+03      0.00000000      0.00000000
 -0.00110000  0.29741483E+03  0.18594905E+03      0.00000000      0.00000000
 -0.00100000  0.32897919E+03  0.21406552E+03      0.00000000      0.00000000
 -0.00090000  0.36497528E+03  0.24711050E+03      0.00000000      0.00000000
 -0.00080000  0.40792633E+03  0.28797385E+03      0.00000000      0.00000000
 -0.00070000  0.45976733E+03  0.33823853E+03      0.00000000      0.00000000
 -0.00060000  0.52586682E+03  0.39912888E+03      0.00000000      0.00000000
 -0.00050000  0.61571368E+03  0.47630756E+03      0.00000000      0.00000000
 -0.00040000  0.74825629E+03  0.57347711E+03      0.00000000      0.00000000
 -0.00030000  0.97012689E+03  0.69599640E+03      0.00000000      0.00000000
 -0.00020000  0.14036130E+04  0.80415320E+03      0.00000000      0.00000000
 -0.00010000  0.23592888E+04  0.57660693E+03      0.00000000      0.00000000
  0.00000000  0.28401250E+04 -0.16362839E+04      0.00000000      0.00000000
  0.00010000  0.52187225E+03 -0.20621675E+04      0.00000000      0.00000000
  0.00020000 -0.98781555E+02 -0.12071190E+04      0.00000000      0.00000000
  0.00030000 -0.18745612E+03 -0.74146124E+03      0.00000000      0.00000000
  0.00040000 -0.19502975E+03 -0.49070547E+03      0.00000000      0.00000000
  0.00050000 -0.18956271E+03 -0.33805475E+03      0.00000000      0.00000000
  0.00060000 -0.18414230E+03 -0.23946364E+03      0.00000000      0.00000000
  0.00070000 -0.18047066E+03 -0.17156758E+03      0.00000000      0.00000000
  0.00080000 -0.17827408E+03 -0.12378206E+03      0.00000000      0.00000000
  0.00090000 -0.17706966E+03 -0.89198563E+02      0.00000000      0.00000000
  0.00100000 -0.17635315E+03 -0.63802032E+02      0.00000000      0.00000000
  0.00110000 -0.17576474E+03 -0.45398605E+02      0.00000000      0.00000000
  0.00120000 -0.17512418E+03 -0.31640671E+02      0.00000000      0.00000000
  0.00130000 -0.17438351E+03 -0.21362659E+02      0.00000000      0.00000000
  0.00140000 -0.17337637E+03 -0.13651630E+02      0.00000000      0.00000000
  0.00150000 -0.17213129E+03 -0.77415276E+01      0.00000000      0.00000000
  0.00160000 -0.17071579E+03 -0.33108063E+01      0.00000000      0.00000000
  0.00170000 -0.16917603E+03  0.95657349E-01      0.00000000      0.00000000
  0.00180000 -0.16748215E+03  0.26478767E+01      0.00000000      0.00000000
  0.00190000 -0.16565781E+03  0.45722275E+01      0.00000000      0.00000000
  0.00200000 -0.16377512E+03  0.60029297E+01      0.00000000      0.00000000
  0.00210000 -0.16183951E+03  0.70745087E+01      0.00000000      0.00000000
  0.00220000 -0.15984207E+03  0.78452549E+01      0.00000000      0.00000000
  0.00230000 -0.15783376E+03  0.84067001E+01      0.00000000      0.00000000
  0.00240000 -0.15583029E+03  0.87864914E+01      0.00000000      0.00000000
  0.00250000 -0.15384874E+03  0.90433922E+01      0.00000000      0.00000000
  0.00260000 -0.15186455E+03  0.91851406E+01      0.00000000      0.00000000
  0.00270000 -0.14987422E+03  0.92473469E+01      0.00000000      0.00000000
  0.00280000 -0.14792319E+03  0.92469158E+01      0.00000000      0.00000000
  0.00290000 -0.14600275E+03  0.91990929E+01      0.00000000      0.00000000
  0.00300000 -0.14411588E+03  0.91134214E+01      0.00000000      0.00000000
  0.00310000 -0.14223799E+03  0.89916019E+01      0.00000000      0.00000000
  0.00320000 -0.14043353E+03  0.88560715E+01      0.00000000      0.00000000
  0.00330000 -0.13865533E+03  0.87033281E+01      0.00000000      0.00000000
  0.00340000 -0.13689334E+03  0.85370026E+01      0.00000000      0.00000000
  0.00350000 -0.13518103E+03  0.83642244E+01      0.00000000      0.00000000
  0.00360000 -0.13351099E+03  0.81852703E+01      0.00000000      0.00000000
  0.00370000 -0.13187617E+03  0.80057125E+01      0.00000000      0.00000000
  0.00380000 -0.13030731E+03  0.78277330E+01      0.00000000      0.00000000
  0.00390000 -0.12877371E+03  0.76501203E+01      0.00000000      0.00000000
  0.00400000 -0.12727314E+03  0.74736481E+01      0.00000000      0.00000000
  0.00410000 -0.12579255E+03  0.72965755E+01      0.00000000      0.00000000
  0.00420000 -0.12435019E+03  0.71227255E+01      0.00000000      0.00000000
  0.00430000 -0.12294872E+03  0.69533830E+01      0.00000000      0.00000000
  0.00440000 -0.12158030E+03  0.67872968E+01      0.00000000      0.00000000
  0.00450000 -0.12026797E+03  0.66286125E+01      0.00000000      0.00000000
  0.00460000 -0.11893821E+03  0.64670486E+01      0.00000000      0.00000000
  0.00470000 -0.11767110E+03  0.63144169E+01      0.00000000      0.00000000
  0.00480000 -0.11643971E+03  0.61666560E+01      0.00000000      0.00000000
  0.00490000 -0.11523415E+03  0.60224838E+01      0.00000000      0.00000000
  0.00500000 -0.11404793E+03  0.58814492E+01      0.00000000      0.00000000
  0.00510000 -0.11290349E+03  0.57464905E+01      0.00000000      0.00000000
  0.00520000 -0.11176301E+03  0.56127262E+01      0.00000000      0.00000000
  0.00530000 -0.11065759E+03  0.54841080E+01      0.00000000      0.00000000
  0.00540000 -0.10957985E+03  0.53600359E+01      0.00000000      0.00000000
  0.00550000 -0.10851893E+03  0.52387271E+01      0.00000000      0.00000000
  0.00560000 -0.10749319E+03  0.51225696E+01      0.00000000      0.00000000
  0.00570000 -0.10649332E+03  0.50103407E+01      0.00000000      0.00000000
  0.00580000 -0.10549158E+03  0.48988023E+01      0.00000000      0.00000000
  0.00590000 -0.10453320E+03  0.47932796E+01      0.00000000      0.00000000
  0.00600000 -0.10358659E+03  0.46900253E+01      0.00000000      0.00000000
  0.00610000 -0.10266042E+03  0.45899982E+01      0.00000000      0.00000000
  0.00620000 -0.10175737E+03  0.44934425E+01      0.00000000      0.00000000
  0.00630000 -0.10086937E+03  0.43993196E+01      0.00000000      0.00000000
  0.00640000 -0.10000853E+03  0.43090324E+01      0.00000000      0.00000000
  0.00650000 -0.99164803E+02  0.42213545E+01      0.00000000      0.00000000
  0.00660000 -0.98335884E+02  0.41360207E+01      0.00000000      0.00000000
  0.00670000 -0.97518974E+02  0.40526276E+01      0.00000000      0.00000000
  0.00680000 -0.96716339E+02  0.39714279E+01      0.00000000      0.00000000
  0.00690000 -0.95933319E+02  0.38928642E+01      0.00000000      0.00000000
  0.00700000 -0.95170662E+02  0.38169594E+01      0.00000000      0.00000000
  0.00710000 -0.94419540E+02  0.37427807E+01      0.00000000      0.00000000
  0.00720000 -0.93687233E+02  0.36709633E+01      0.00000000      0.00000000
  0.00730000 -0.92959778E+02  0.36001110E+01      0.00000000      0.00000000
  0.00740000 -0.92241982E+02  0.35306129E+01      0.00000000      0.00000000
  0.00750000 -0.91544159E+02  0.34633751E+01      0.00000000      0.00000000
  0.00760000 -0.90860611E+02  0.33977394E+01      0.00000000      0.00000000
  0.00770000 -0.90192551E+02  0.33337803E+01      0.00000000      0.00000000
  0.00780000 -0.89537369E+02  0.32711868E+01      0.00000000      0.00000000
  0.00790000 -0.88893951E+02  0.32095833E+01      0.00000000      0.00000000
  0.00800000 -0.88256134E+02  0.31483498E+01      0.00000000      0.00000000
  0.00810000 -0.87632996E+02  0.30881557E+01      0.00000000      0.00000000
  0.00820000 -0.87025078E+02  0.30287571E+01      0.00000000      0.00000000
  0.00830000 -0.86419662E+02  0.29690895E+01      0.00000000      0.00000000
  0.00840000 -0.85835098E+02  0.29101562E+01      0.00000000      0.00000000
  0.00850000 -0.85261795E+02  0.28508224E+01      0.00000000      0.00000000
  0.00860000 -0.84690414E+02  0.27897568E+01      0.00000000      0.00000000
  0.00870000 -0.84136765E+02  0.27279129E+01      0.00000000      0.00000000
  0.00880000 -0.83596054E+02  0.26639252E+01      0.00000000      0.00000000
  0.00890000 -0.83058578E+02  0.25958710E+01      0.00000000      0.00000000
  0.00900000 -0.82537216E+02  0.25234375E+01      0.00000000      0.00000000
  0.00910000 -0.82015793E+02  0.24432907E+01      0.00000000      0.00000000
  0.00920000 -0.81503464E+02  0.23550873E+01      0.00000000      0.00000000
  0.00930000 -0.80992813E+02  0.22555542E+01      0.00000000      0.00000000
  0.00940000 -0.80483459E+02  0.21430511E+01      0.00000000      0.00000000
  0.00950000 -0.79955475E+02  0.20162506E+01      0.00000000      0.00000000
  0.00960000 -0.79408112E+02  0.18835449E+01      0.00000000      0.00000000
  0.00970000 -0.78823608E+02  0.17586670E+01      0.00000000      0.00000000
  0.00980000 -0.78212273E+02  0.16675110E+01      0.00000000      0.00000000
  0.00990000 -0.77597046E+02  0.16295166E+01      0.00000000      0.00000000
