 -0.03000000  0.77761383E+02  0.24141946E+01      0.00000000      0.00000000
 -0.02990000  0.78249481E+02  0.24450371E+01      0.00000000      0.00000000
 -0.02980000  0.78740974E+02  0.24763169E+01      0.00000000      0.00000000
 -0.02970000  0.79238586E+02  0.25082078E+01      0.00000000      0.00000000
 -0.02960000  0.79743774E+02  0.25408239E+01      0.00000000      0.00000000
 -0.02950000  0.80253807E+02  0.25739961E+01      0.00000000      0.00000000
 -0.02940000  0.80767120E+02  0.26076241E+01      0.00000000      0.00000000
 -0.02930000  0.81290466E+02  0.26421528E+01      0.00000000      0.00000000
 -0.02920000  0.81822815E+02  0.26775396E+01      0.00000000      0.00000000
 -0.02910000  0.82365685E+02  0.27139130E+01      0.00000000      0.00000000
 -0.02900000  0.82902374E+02  0.27501330E+01      0.00000000      0.00000000
 -0.02890000  0.83455002E+02  0.27877207E+01      0.00000000      0.00000000
 -0.02880000  0.84011887E+02  0.28258929E+01      0.00000000      0.00000000
 -0.02870000  0.84581734E+02  0.28652616E+01      0.00000000      0.00000000
 -0.02860000  0.85154800E+02  0.29051561E+01      0.00000000      0.00000000
 -0.02850000  0.85745056E+02  0.29465590E+01      0.00000000      0.00000000
 -0.02840000  0.86345749E+02  0.29890521E+01      0.00000000      0.00000000
 -0.02830000  0.86949135E+02  0.30320799E+01      0.00000000      0.00000000
 -0.02820000  0.87563805E+02  0.30762744E+01      0.00000000      0.00000000
 -0.02810000  0.88177750E+02  0.31207829E+01      0.00000000      0.00000000
 -0.02800000  0.88794434E+02  0.31658635E+01      0.00000000      0.00000000
 -0.02790000  0.89435913E+02  0.32131457E+01      0.00000000      0.00000000
 -0.02780000  0.90077812E+02  0.32608690E+01      0.00000000      0.00000000
 -0.02770000  0.90736916E+02  0.33102708E+01      0.00000000      0.00000000
 -0.02760000  0.91400215E+02  0.33604302E+01      0.00000000      0.00000000
 -0.02750000  0.92068558E+02  0.34114125E+01      0.00000000      0.00000000
 -0.02740000  0.92759552E+02  0.34645910E+01      0.00000000      0.00000000
 -0.02730000  0.93448647E+02  0.35180855E+01      0.00000000      0.00000000
 -0.02720000  0.94154251E+02  0.35733495E+01      0.00000000      0.00000000
 -0.02710000  0.94869766E+02  0.36299219E+01      0.00000000      0.00000000
 -0.02700000  0.95603912E+02  0.36884749E+01      0.00000000      0.00000000
 -0.02690000  0.96354752E+02  0.37489443E+01      0.00000000      0.00000000
 -0.02680000  0.97100372E+02  0.38095477E+01      0.00000000      0.00000000
 -0.02670000  0.97864906E+02  0.38722651E+01      0.00000000      0.00000000
 -0.02660000  0.98642380E+02  0.39366777E+01      0.00000000      0.00000000
 -0.02650000  0.99434258E+02  0.40029058E+01      0.00000000      0.00000000
 -0.02640000  0.10023489E+03  0.40705414E+01      0.00000000      0.00000000
 -0.02630000  0.10106049E+03  0.41409664E+01      0.00000000      0.00000000
 -0.02620000  0.10189870E+03  0.42131925E+01      0.00000000      0.00000000
 -0.02610000  0.10274552E+03  0.42869043E+01      0.00000000      0.00000000
 -0.02600000  0.10360744E+03  0.43627081E+01      0.00000000      0.00000000
 -0.02590000  0.10448611E+03  0.44407797E+01      0.00000000      0.00000000
 -0.02580000  0.10537297E+03  0.45204253E+01      0.00000000      0.00000000
 -0.02570000  0.10628259E+03  0.46029997E+01      0.00000000      0.00000000
 -0.02560000  0.10720355E+03  0.46874847E+01      0.00000000      0.00000000
 -0.02550000  0.10813996E+03  0.47743149E+01      0.00000000      0.00000000
 -0.02540000  0.10910106E+03  0.48644309E+01      0.00000000      0.00000000
 -0.02530000  0.11007036E+03  0.49563413E+01      0.00000000      0.00000000
 -0.02520000  0.11105493E+03  0.50507383E+01      0.00000000      0.00000000
 -0.02510000  0.11206512E+03  0.51486988E+01      0.00000000      0.00000000
 -0.02500000  0.11308658E+03  0.52489138E+01      0.00000000      0.00000000
 -0.02490000  0.11416721E+03  0.53561230E+01      0.00000000      0.00000000
 -0.02480000  0.11524710E+03  0.54646187E+01      0.00000000      0.00000000
 -0.02470000  0.11633040E+03  0.55747948E+01      0.00000000      0.00000000
 -0.02460000  0.11744322E+03  0.56893110E+01      0.00000000      0.00000000
 -0.02450000  0.11861511E+03  0.58114200E+01      0.00000000      0.00000000
 -0.02440000  0.11978703E+03  0.59351325E+01      0.00000000      0.00000000
 -0.02430000  0.12095859E+03  0.60603695E+01      0.00000000      0.00000000
 -0.02420000  0.12219639E+03  0.61944418E+01      0.00000000      0.00000000
 -0.02410000  0.12344761E+03  0.63317547E+01      0.00000000      0.00000000
 -0.02400000  0.12473208E+03  0.64746571E+01      0.00000000      0.00000000
 -0.02390000  0.12602971E+03  0.66209726E+01      0.00000000      0.00000000
 -0.02380000  0.12737547E+03  0.67748485E+01      0.00000000      0.00000000
 -0.02370000  0.12873672E+03  0.69327116E+01      0.00000000      0.00000000
 -0.02360000  0.13014339E+03  0.70981894E+01      0.00000000      0.00000000
 -0.02350000  0.13155298E+03  0.72664003E+01      0.00000000      0.00000000
 -0.02340000  0.13302005E+03  0.74440999E+01      0.00000000      0.00000000
 -0.02330000  0.13453972E+03  0.76309633E+01      0.00000000      0.00000000
 -0.02320000  0.13607144E+03  0.78222160E+01      0.00000000      0.00000000
 -0.02310000  0.13763977E+03  0.80210962E+01      0.00000000      0.00000000
 -0.02300000  0.13925842E+03  0.82296486E+01      0.00000000      0.00000000
 -0.02290000  0.14090007E+03  0.84445553E+01      0.00000000      0.00000000
 -0.02280000  0.14258789E+03  0.86691113E+01      0.00000000      0.00000000
 -0.02270000  0.14432927E+03  0.89047031E+01      0.00000000      0.00000000
 -0.02260000  0.14610114E+03  0.91484966E+01      0.00000000      0.00000000
 -0.02250000  0.14793390E+03  0.94050655E+01      0.00000000      0.00000000
 -0.02240000  0.14983797E+03  0.96763420E+01      0.00000000      0.00000000
 -0.02230000  0.15177557E+03  0.99574203E+01      0.00000000      0.00000000
 -0.02220000  0.15377757E+03  0.10253256E+02      0.00000000      0.00000000
 -0.02210000  0.15583142E+03  0.10562460E+02      0.00000000      0.00000000
 -0.02200000  0.15795062E+03  0.10887741E+02      0.00000000      0.00000000
 -0.02190000  0.16010446E+03  0.11224770E+02      0.00000000      0.00000000
 -0.02180000  0.16234064E+03  0.11581692E+02      0.00000000      0.00000000
 -0.02170000  0.16465894E+03  0.11959269E+02      0.00000000      0.00000000
 -0.02160000  0.16705615E+03  0.12358055E+02      0.00000000      0.00000000
 -0.02150000  0.16957086E+03  0.12785448E+02      0.00000000      0.00000000
 -0.02140000  0.17211984E+03  0.13228293E+02      0.00000000      0.00000000
 -0.02130000  0.17480911E+03  0.13706200E+02      0.00000000      0.00000000
 -0.02120000  0.17755803E+03  0.14206161E+02      0.00000000      0.00000000
 -0.02110000  0.18039713E+03  0.14734951E+02      0.00000000      0.00000000
 -0.02100000  0.18330533E+03  0.15289825E+02      0.00000000      0.00000000
 -0.02090000  0.18635184E+03  0.15885571E+02      0.00000000      0.00000000
 -0.02080000  0.18950435E+03  0.16517860E+02      0.00000000      0.00000000
 -0.02070000  0.19278909E+03  0.17194187E+02      0.00000000      0.00000000
 -0.02060000  0.19619753E+03  0.17915064E+02      0.00000000      0.00000000
 -0.02050000  0.19978688E+03  0.18695763E+02      0.00000000      0.00000000
 -0.02040000  0.20343648E+03  0.19512321E+02      0.00000000      0.00000000
 -0.02030000  0.20729358E+03  0.20400974E+02      0.00000000      0.00000000
 -0.02020000  0.21135217E+03  0.21364922E+02      0.00000000      0.00000000
 -0.02010000  0.21567130E+03  0.22423988E+02      0.00000000      0.00000000
 -0.02000000  0.22009966E+03  0.23545954E+02      0.00000000      0.00000000
 -0.01990000  0.22475522E+03  0.24766218E+02      0.00000000      0.00000000
 -0.01980000  0.22965117E+03  0.26094913E+02      0.00000000      0.00000000
 -0.01970000  0.23477670E+03  0.27537445E+02      0.00000000      0.00000000
 -0.01960000  0.24022330E+03  0.29129261E+02      0.00000000      0.00000000
 -0.01950000  0.24589465E+03  0.30853022E+02      0.00000000      0.00000000
 -0.01940000  0.25198993E+03  0.32783127E+02      0.00000000      0.00000000
 -0.01930000  0.25836087E+03  0.34888687E+02      0.00000000      0.00000000
 -0.01920000  0.26508075E+03  0.37209953E+02      0.00000000      0.00000000
 -0.01910000  0.27218384E+03  0.39780178E+02      0.00000000      0.00000000
 -0.01900000  0.27995618E+03  0.42733593E+02      0.00000000      0.00000000
 -0.01890000  0.28820615E+03  0.46036667E+02      0.00000000      0.00000000
 -0.01880000  0.29685199E+03  0.49691219E+02      0.00000000      0.00000000
 -0.01870000  0.30627768E+03  0.53911148E+02      0.00000000      0.00000000
 -0.01860000  0.31636249E+03  0.58711464E+02      0.00000000      0.00000000
 -0.01850000  0.32714233E+03  0.64187393E+02      0.00000000      0.00000000
 -0.01840000  0.33873901E+03  0.70500168E+02      0.00000000      0.00000000
 -0.01830000  0.35142676E+03  0.77944672E+02      0.00000000      0.00000000
 -0.01820000  0.36513553E+03  0.86670929E+02      0.00000000      0.00000000
 -0.01810000  0.37992929E+03  0.96964310E+02      0.00000000      0.00000000
 -0.01800000  0.39583215E+03  0.10915955E+03      0.00000000      0.00000000
 -0.01790000  0.41326920E+03  0.12407378E+03      0.00000000      0.00000000
 -0.01780000  0.43211285E+03  0.14233801E+03      0.00000000      0.00000000
 -0.01770000  0.45209058E+03  0.16472534E+03      0.00000000      0.00000000
 -0.01760000  0.47321777E+03  0.19292375E+03      0.00000000      0.00000000
 -0.01750000  0.49426212E+03  0.22791119E+03      0.00000000      0.00000000
 -0.01740000  0.51388855E+03  0.27176477E+03      0.00000000      0.00000000
 -0.01730000  0.52942987E+03  0.32666245E+03      0.00000000      0.00000000
 -0.01720000  0.53627637E+03  0.39593304E+03      0.00000000      0.00000000
 -0.01710000  0.52632385E+03  0.47898395E+03      0.00000000      0.00000000
 -0.01700000  0.48920126E+03  0.57112341E+03      0.00000000      0.00000000
 -0.01690000  0.41548761E+03  0.65934460E+03      0.00000000      0.00000000
 -0.01680000  0.30311542E+03  0.72271265E+03      0.00000000      0.00000000
 -0.01670000  0.16841513E+03  0.73845728E+03      0.00000000      0.00000000
 -0.01660000  0.42602016E+02  0.70098132E+03      0.00000000      0.00000000
 -0.01650000 -0.51943497E+02  0.62457190E+03      0.00000000      0.00000000
 -0.01640000 -0.10546027E+03  0.53432397E+03      0.00000000      0.00000000
 -0.01630000 -0.12504066E+03  0.44931509E+03      0.00000000      0.00000000
 -0.01620000 -0.12226440E+03  0.37693555E+03      0.00000000      0.00000000
 -0.01610000 -0.10677524E+03  0.31989990E+03      0.00000000      0.00000000
 -0.01600000 -0.84345604E+02  0.27500696E+03      0.00000000      0.00000000
 -0.01590000 -0.58355377E+02  0.24034517E+03      0.00000000      0.00000000
 -0.01580000 -0.31799742E+02  0.21497758E+03      0.00000000      0.00000000
 -0.01570000 -0.49638577E+01  0.19626080E+03      0.00000000      0.00000000
 -0.01560000  0.22012848E+02  0.18287491E+03      0.00000000      0.00000000
 -0.01550000  0.48985394E+02  0.17410696E+03      0.00000000      0.00000000
 -0.01540000  0.75413612E+02  0.16956805E+03      0.00000000      0.00000000
 -0.01530000  0.10195113E+03  0.16882800E+03      0.00000000      0.00000000
 -0.01520000  0.12853703E+03  0.17187004E+03      0.00000000      0.00000000
 -0.01510000  0.15525449E+03  0.17883266E+03      0.00000000      0.00000000
 -0.01500000  0.18199306E+03  0.19000212E+03      0.00000000      0.00000000
 -0.01490000  0.20919781E+03  0.20623236E+03      0.00000000      0.00000000
 -0.01480000  0.23684160E+03  0.22885587E+03      0.00000000      0.00000000
 -0.01470000  0.26370074E+03  0.25894766E+03      0.00000000      0.00000000
 -0.01460000  0.28841803E+03  0.29831805E+03      0.00000000      0.00000000
 -0.01450000  0.30860583E+03  0.34973502E+03      0.00000000      0.00000000
 -0.01440000  0.31919116E+03  0.41461212E+03      0.00000000      0.00000000
 -0.01430000  0.31267303E+03  0.49279114E+03      0.00000000      0.00000000
 -0.01420000  0.27875894E+03  0.58048340E+03      0.00000000      0.00000000
 -0.01410000  0.20828857E+03  0.66409277E+03      0.00000000      0.00000000
 -0.01400000  0.97107597E+02  0.72360095E+03      0.00000000      0.00000000
 -0.01390000 -0.34393749E+02  0.73409851E+03      0.00000000      0.00000000
 -0.01380000 -0.15574513E+03  0.69215118E+03      0.00000000      0.00000000
 -0.01370000 -0.24461749E+03  0.61398553E+03      0.00000000      0.00000000
 -0.01360000 -0.29424414E+03  0.52373944E+03      0.00000000      0.00000000
 -0.01350000 -0.31212244E+03  0.43777927E+03      0.00000000      0.00000000
 -0.01340000 -0.30891101E+03  0.36546399E+03      0.00000000      0.00000000
 -0.01330000 -0.29368823E+03  0.30638177E+03      0.00000000      0.00000000
 -0.01320000 -0.27222870E+03  0.25940405E+03      0.00000000      0.00000000
 -0.01310000 -0.24863712E+03  0.22322488E+03      0.00000000      0.00000000
 -0.01300000 -0.22409525E+03  0.19450288E+03      0.00000000      0.00000000
 -0.01290000 -0.19997148E+03  0.17207666E+03      0.00000000      0.00000000
 -0.01280000 -0.17654565E+03  0.15442856E+03      0.00000000      0.00000000
 -0.01270000 -0.15389233E+03  0.14053104E+03      0.00000000      0.00000000
 -0.01260000 -0.13243881E+03  0.12985716E+03      0.00000000      0.00000000
 -0.01250000 -0.11170706E+03  0.12163428E+03      0.00000000      0.00000000
 -0.01240000 -0.91431763E+02  0.11545244E+03      0.00000000      0.00000000
 -0.01230000 -0.71844856E+02  0.11115297E+03      0.00000000      0.00000000
 -0.01220000 -0.52799522E+02  0.10851250E+03      0.00000000      0.00000000
 -0.01210000 -0.33578259E+02  0.10737398E+03      0.00000000      0.00000000
 -0.01200000 -0.14837780E+02  0.10774033E+03      0.00000000      0.00000000
 -0.01190000  0.39859486E+01  0.10959552E+03      0.00000000      0.00000000
 -0.01180000  0.22918938E+02  0.11299922E+03      0.00000000      0.00000000
 -0.01170000  0.42543221E+02  0.11821405E+03      0.00000000      0.00000000
 -0.01160000  0.62841656E+02  0.12550882E+03      0.00000000      0.00000000
 -0.01150000  0.83443283E+02  0.13502377E+03      0.00000000      0.00000000
 -0.01140000  0.10530956E+03  0.14769382E+03      0.00000000      0.00000000
 -0.01130000  0.12784772E+03  0.16392239E+03      0.00000000      0.00000000
 -0.01120000  0.15116383E+03  0.18480862E+03      0.00000000      0.00000000
 -0.01110000  0.17447250E+03  0.21114749E+03      0.00000000      0.00000000
 -0.01100000  0.19760660E+03  0.24530295E+03      0.00000000      0.00000000
 -0.01090000  0.21843344E+03  0.28856796E+03      0.00000000      0.00000000
 -0.01080000  0.23435799E+03  0.34420605E+03      0.00000000      0.00000000
 -0.01070000  0.23979701E+03  0.41345337E+03      0.00000000      0.00000000
 -0.01060000  0.22634503E+03  0.49682657E+03      0.00000000      0.00000000
 -0.01050000  0.18271373E+03  0.58843896E+03      0.00000000      0.00000000
 -0.01040000  0.10094494E+03  0.67184253E+03      0.00000000      0.00000000
 -0.01030000 -0.18584412E+02  0.72551562E+03      0.00000000      0.00000000
 -0.01020000 -0.15600070E+03  0.72827771E+03      0.00000000      0.00000000
 -0.01010000 -0.27850140E+03  0.67922607E+03      0.00000000      0.00000000
 -0.01000000 -0.36702881E+03  0.59575916E+03      0.00000000      0.00000000
 -0.00990000 -0.41540204E+03  0.50358389E+03      0.00000000      0.00000000
 -0.00980000 -0.43310565E+03  0.41812326E+03      0.00000000      0.00000000
 -0.00970000 -0.43097766E+03  0.34434973E+03      0.00000000      0.00000000
 -0.00960000 -0.41761725E+03  0.28514645E+03      0.00000000      0.00000000
 -0.00950000 -0.39883438E+03  0.23816800E+03      0.00000000      0.00000000
 -0.00940000 -0.37824603E+03  0.20146588E+03      0.00000000      0.00000000
 -0.00930000 -0.35725970E+03  0.17210693E+03      0.00000000      0.00000000
 -0.00920000 -0.33696078E+03  0.14866240E+03      0.00000000      0.00000000
 -0.00910000 -0.31791785E+03  0.12989828E+03      0.00000000      0.00000000
 -0.00900000 -0.29984360E+03  0.11438776E+03      0.00000000      0.00000000
 -0.00890000 -0.28315082E+03  0.10172257E+03      0.00000000      0.00000000
 -0.00880000 -0.26753717E+03  0.91136353E+02      0.00000000      0.00000000
 -0.00870000 -0.25328230E+03  0.82416061E+02      0.00000000      0.00000000
 -0.00860000 -0.23974446E+03  0.74901779E+02      0.00000000      0.00000000
 -0.00850000 -0.22722763E+03  0.68570999E+02      0.00000000      0.00000000
 -0.00840000 -0.21568488E+03  0.63213493E+02      0.00000000      0.00000000
 -0.00830000 -0.20472478E+03  0.58546848E+02      0.00000000      0.00000000
 -0.00820000 -0.19442563E+03  0.54508667E+02      0.00000000      0.00000000
 -0.00810000 -0.18474614E+03  0.51011559E+02      0.00000000      0.00000000
 -0.00800000 -0.17558127E+03  0.47957611E+02      0.00000000      0.00000000
 -0.00790000 -0.16693210E+03  0.45295662E+02      0.00000000      0.00000000
 -0.00780000 -0.15857338E+03  0.42926121E+02      0.00000000      0.00000000
 -0.00770000 -0.15062663E+03  0.40852318E+02      0.00000000      0.00000000
 -0.00760000 -0.14308858E+03  0.39041103E+02      0.00000000      0.00000000
 -0.00750000 -0.13581546E+03  0.37439655E+02      0.00000000      0.00000000
 -0.00740000 -0.12875734E+03  0.36021263E+02      0.00000000      0.00000000
 -0.00730000 -0.12202014E+03  0.34781582E+02      0.00000000      0.00000000
 -0.00720000 -0.11534399E+03  0.33673637E+02      0.00000000      0.00000000
 -0.00710000 -0.10896940E+03  0.32716526E+02      0.00000000      0.00000000
 -0.00700000 -0.10270409E+03  0.31878120E+02      0.00000000      0.00000000
 -0.00690000 -0.96651581E+02  0.31160151E+02      0.00000000      0.00000000
 -0.00680000 -0.90638168E+02  0.30540394E+02      0.00000000      0.00000000
 -0.00670000 -0.84680664E+02  0.30011488E+02      0.00000000      0.00000000
 -0.00660000 -0.78868790E+02  0.29582029E+02      0.00000000      0.00000000
 -0.00650000 -0.73223709E+02  0.29233356E+02      0.00000000      0.00000000
 -0.00640000 -0.67442635E+02  0.28968800E+02      0.00000000      0.00000000
 -0.00630000 -0.61852325E+02  0.28778427E+02      0.00000000      0.00000000
 -0.00620000 -0.56302689E+02  0.28661812E+02      0.00000000      0.00000000
 -0.00610000 -0.50630878E+02  0.28623940E+02      0.00000000      0.00000000
 -0.00600000 -0.45074974E+02  0.28651577E+02      0.00000000      0.00000000
 -0.00590000 -0.39425426E+02  0.28759579E+02      0.00000000      0.00000000
 -0.00580000 -0.33837685E+02  0.28926056E+02      0.00000000      0.00000000
 -0.00570000 -0.28170107E+02  0.29168058E+02      0.00000000      0.00000000
 -0.00560000 -0.22416969E+02  0.29486774E+02      0.00000000      0.00000000
 -0.00550000 -0.16509165E+02  0.29890106E+02      0.00000000      0.00000000
 -0.00540000 -0.10593046E+02  0.30362249E+02      0.00000000      0.00000000
 -0.00530000 -0.45514774E+01  0.30917686E+02      0.00000000      0.00000000
 -0.00520000  0.15533085E+01  0.31551956E+02      0.00000000      0.00000000
 -0.00510000  0.78318176E+01  0.32283058E+02      0.00000000      0.00000000
 -0.00500000  0.14107725E+02  0.33071526E+02      0.00000000      0.00000000
 -0.00490000  0.20579922E+02  0.33958458E+02      0.00000000      0.00000000
 -0.00480000  0.27290321E+02  0.34967171E+02      0.00000000      0.00000000
 -0.00470000  0.34323452E+02  0.36111687E+02      0.00000000      0.00000000
 -0.00460000  0.41525303E+02  0.37368340E+02      0.00000000      0.00000000
 -0.00450000  0.48847561E+02  0.38717567E+02      0.00000000      0.00000000
 -0.00440000  0.56532806E+02  0.40233273E+02      0.00000000      0.00000000
 -0.00430000  0.64256027E+02  0.41822586E+02      0.00000000      0.00000000
 -0.00420000  0.72366623E+02  0.43587166E+02      0.00000000      0.00000000
 -0.00410000  0.80946487E+02  0.45563046E+02      0.00000000      0.00000000
 -0.00400000  0.90059578E+02  0.47793449E+02      0.00000000      0.00000000
 -0.00390000  0.99464195E+02  0.50181469E+02      0.00000000      0.00000000
 -0.00380000  0.10963324E+03  0.52924393E+02      0.00000000      0.00000000
 -0.00370000  0.11999536E+03  0.55814541E+02      0.00000000      0.00000000
 -0.00360000  0.13091153E+03  0.58980453E+02      0.00000000      0.00000000
 -0.00350000  0.14252737E+03  0.62512089E+02      0.00000000      0.00000000
 -0.00340000  0.15447522E+03  0.66252274E+02      0.00000000      0.00000000
 -0.00330000  0.16742665E+03  0.70488449E+02      0.00000000      0.00000000
 -0.00320000  0.18101707E+03  0.75109238E+02      0.00000000      0.00000000
 -0.00310000  0.19561702E+03  0.80274727E+02      0.00000000      0.00000000
 -0.00300000  0.21113403E+03  0.85952446E+02      0.00000000      0.00000000
 -0.00290000  0.22797394E+03  0.92400085E+02      0.00000000      0.00000000
 -0.00280000  0.24582292E+03  0.99451561E+02      0.00000000      0.00000000
 -0.00270000  0.26496075E+03  0.10727759E+03      0.00000000      0.00000000
 -0.00260000  0.28524243E+03  0.11576556E+03      0.00000000      0.00000000
 -0.00250000  0.30768054E+03  0.12556578E+03      0.00000000      0.00000000
 -0.00240000  0.33230597E+03  0.13682065E+03      0.00000000      0.00000000
 -0.00230000  0.35872867E+03  0.14928748E+03      0.00000000      0.00000000
 -0.00220000  0.38798080E+03  0.16366537E+03      0.00000000      0.00000000
 -0.00210000  0.41880475E+03  0.17897104E+03      0.00000000      0.00000000
 -0.00200000  0.45256122E+03  0.19620752E+03      0.00000000      0.00000000
 -0.00190000  0.48884042E+03  0.21504732E+03      0.00000000      0.00000000
 -0.00180000  0.52961292E+03  0.23702319E+03      0.00000000      0.00000000
 -0.00170000  0.57394965E+03  0.26101901E+03      0.00000000      0.00000000
 -0.00160000  0.62329352E+03  0.28849838E+03      0.00000000      0.00000000
 -0.00150000  0.68019757E+03  0.32101260E+03      0.00000000      0.00000000
 -0.00140000  0.74412939E+03  0.35833255E+03      0.00000000      0.00000000
 -0.00130000  0.81248169E+03  0.39653690E+03      0.00000000      0.00000000
 -0.00120000  0.88831653E+03  0.43682742E+03      0.00000000      0.00000000
 -0.00110000  0.97918726E+03  0.48668985E+03      0.00000000      0.00000000
 -0.00100000  0.10785686E+04  0.53421570E+03      0.00000000      0.00000000
 -0.00090000  0.11901519E+04  0.57947876E+03      0.00000000      0.00000000
 -0.00080000  0.13206125E+04  0.62614581E+03      0.00000000      0.00000000
 -0.00070000  0.14749634E+04  0.67057385E+03      0.00000000      0.00000000
 -0.00060000  0.16523138E+04  0.70107867E+03      0.00000000      0.00000000
 -0.00050000  0.18547770E+04  0.70303223E+03      0.00000000      0.00000000
 -0.00040000  0.20789822E+04  0.66560614E+03      0.00000000      0.00000000
 -0.00030000  0.22819556E+04  0.55138861E+03      0.00000000      0.00000000
 -0.00020000  0.25088892E+04  0.38148227E+03      0.00000000      0.00000000
 -0.00010000  0.26106450E+04  0.11168013E+03      0.00000000      0.00000000
  0.00000000  0.26227783E+04 -0.19219461E+03      0.00000000      0.00000000
  0.00010000  0.25299824E+04 -0.49386139E+03      0.00000000      0.00000000
  0.00020000  0.23033489E+04 -0.71409723E+03      0.00000000      0.00000000
  0.00030000  0.20268644E+04 -0.84150378E+03      0.00000000      0.00000000
  0.00040000  0.17449075E+04 -0.87338373E+03      0.00000000      0.00000000
  0.00050000  0.15104766E+04 -0.87319501E+03      0.00000000      0.00000000
  0.00060000  0.12873931E+04 -0.80952026E+03      0.00000000      0.00000000
  0.00070000  0.11130416E+04 -0.74789716E+03      0.00000000      0.00000000
  0.00080000  0.95908459E+03 -0.66823279E+03      0.00000000      0.00000000
  0.00090000  0.83321503E+03 -0.59611078E+03      0.00000000      0.00000000
  0.00100000  0.72637024E+03 -0.52626501E+03      0.00000000      0.00000000
  0.00110000  0.63562067E+03 -0.46218546E+03      0.00000000      0.00000000
  0.00120000  0.55689954E+03 -0.40337012E+03      0.00000000      0.00000000
  0.00130000  0.49132465E+03 -0.35562924E+03      0.00000000      0.00000000
  0.00140000  0.43520462E+03 -0.31519110E+03      0.00000000      0.00000000
  0.00150000  0.38354385E+03 -0.27592679E+03      0.00000000      0.00000000
  0.00160000  0.33795053E+03 -0.24161562E+03      0.00000000      0.00000000
  0.00170000  0.29968253E+03 -0.21437589E+03      0.00000000      0.00000000
  0.00180000  0.26519135E+03 -0.18982294E+03      0.00000000      0.00000000
  0.00190000  0.23443950E+03 -0.16833830E+03      0.00000000      0.00000000
  0.00200000  0.20630476E+03 -0.14878297E+03      0.00000000      0.00000000
  0.00210000  0.18201077E+03 -0.13266422E+03      0.00000000      0.00000000
  0.00220000  0.16040346E+03 -0.11865770E+03      0.00000000      0.00000000
  0.00230000  0.14072253E+03 -0.10606063E+03      0.00000000      0.00000000
  0.00240000  0.12301979E+03 -0.95096695E+02      0.00000000      0.00000000
  0.00250000  0.10730463E+03 -0.85659325E+02      0.00000000      0.00000000
  0.00260000  0.92920479E+02 -0.77194778E+02      0.00000000      0.00000000
  0.00270000  0.79876328E+02 -0.69697433E+02      0.00000000      0.00000000
  0.00280000  0.67909882E+02 -0.62938358E+02      0.00000000      0.00000000
  0.00290000  0.57105270E+02 -0.56989941E+02      0.00000000      0.00000000
  0.00300000  0.47102295E+02 -0.51565422E+02      0.00000000      0.00000000
  0.00310000  0.38166855E+02 -0.46852127E+02      0.00000000      0.00000000
  0.00320000  0.29904053E+02 -0.42572521E+02      0.00000000      0.00000000
  0.00330000  0.22634750E+02 -0.38920074E+02      0.00000000      0.00000000
  0.00340000  0.15811378E+02 -0.35539421E+02      0.00000000      0.00000000
  0.00350000  0.97180786E+01 -0.32585243E+02      0.00000000      0.00000000
  0.00360000  0.39986572E+01 -0.29847834E+02      0.00000000      0.00000000
  0.00370000 -0.13197556E+01 -0.27344194E+02      0.00000000      0.00000000
  0.00380000 -0.61792717E+01 -0.25095240E+02      0.00000000      0.00000000
  0.00390000 -0.10686256E+02 -0.23040705E+02      0.00000000      0.00000000
  0.00400000 -0.14733250E+02 -0.21230135E+02      0.00000000      0.00000000
  0.00410000 -0.18571709E+02 -0.19534138E+02      0.00000000      0.00000000
  0.00420000 -0.22037895E+02 -0.18026421E+02      0.00000000      0.00000000
  0.00430000 -0.25256325E+02 -0.16645079E+02      0.00000000      0.00000000
  0.00440000 -0.28263435E+02 -0.15370408E+02      0.00000000      0.00000000
  0.00450000 -0.31045052E+02 -0.14206541E+02      0.00000000      0.00000000
  0.00460000 -0.33640572E+02 -0.13133428E+02      0.00000000      0.00000000
  0.00470000 -0.36060871E+02 -0.12144808E+02      0.00000000      0.00000000
  0.00480000 -0.38286804E+02 -0.11246727E+02      0.00000000      0.00000000
  0.00490000 -0.40347710E+02 -0.10424398E+02      0.00000000      0.00000000
  0.00500000 -0.42256161E+02 -0.96711559E+01      0.00000000      0.00000000
  0.00510000 -0.44002605E+02 -0.89880733E+01      0.00000000      0.00000000
  0.00520000 -0.45682198E+02 -0.83392620E+01      0.00000000      0.00000000
  0.00530000 -0.47190842E+02 -0.77601213E+01      0.00000000      0.00000000
  0.00540000 -0.48622066E+02 -0.72171087E+01      0.00000000      0.00000000
  0.00550000 -0.49964333E+02 -0.67123747E+01      0.00000000      0.00000000
  0.00560000 -0.51180817E+02 -0.62568359E+01      0.00000000      0.00000000
  0.00570000 -0.52334438E+02 -0.58309116E+01      0.00000000      0.00000000
  0.00580000 -0.53404213E+02 -0.54402561E+01      0.00000000      0.00000000
  0.00590000 -0.54412052E+02 -0.50760851E+01      0.00000000      0.00000000
  0.00600000 -0.55341030E+02 -0.47428398E+01      0.00000000      0.00000000
  0.00610000 -0.56216320E+02 -0.44312057E+01      0.00000000      0.00000000
  0.00620000 -0.57025394E+02 -0.41461220E+01      0.00000000      0.00000000
  0.00630000 -0.57797340E+02 -0.38795738E+01      0.00000000      0.00000000
  0.00640000 -0.58498085E+02 -0.36389265E+01      0.00000000      0.00000000
  0.00650000 -0.59179520E+02 -0.34122906E+01      0.00000000      0.00000000
  0.00660000 -0.59818722E+02 -0.32029924E+01      0.00000000      0.00000000
  0.00670000 -0.60411324E+02 -0.30122480E+01      0.00000000      0.00000000
  0.00680000 -0.60974228E+02 -0.28366976E+01      0.00000000      0.00000000
  0.00690000 -0.61494156E+02 -0.26783524E+01      0.00000000      0.00000000
  0.00700000 -0.61996986E+02 -0.25322857E+01      0.00000000      0.00000000
  0.00710000 -0.62474136E+02 -0.23990669E+01      0.00000000      0.00000000
  0.00720000 -0.62912064E+02 -0.22823238E+01      0.00000000      0.00000000
  0.00730000 -0.63341381E+02 -0.21777058E+01      0.00000000      0.00000000
  0.00740000 -0.63736656E+02 -0.20864735E+01      0.00000000      0.00000000
  0.00750000 -0.64116577E+02 -0.20078430E+01      0.00000000      0.00000000
  0.00760000 -0.64494545E+02 -0.19408073E+01      0.00000000      0.00000000
  0.00770000 -0.64854630E+02 -0.18875217E+01      0.00000000      0.00000000
  0.00780000 -0.65200790E+02 -0.18475761E+01      0.00000000      0.00000000
  0.00790000 -0.65548531E+02 -0.18217411E+01      0.00000000      0.00000000
  0.00800000 -0.65882477E+02 -0.18105659E+01      0.00000000      0.00000000
  0.00810000 -0.66210983E+02 -0.18154335E+01      0.00000000      0.00000000
  0.00820000 -0.66552002E+02 -0.18383560E+01      0.00000000      0.00000000
  0.00830000 -0.66881638E+02 -0.18800316E+01      0.00000000      0.00000000
  0.00840000 -0.67226517E+02 -0.19445305E+01      0.00000000      0.00000000
  0.00850000 -0.67570618E+02 -0.20335655E+01      0.00000000      0.00000000
  0.00860000 -0.67930283E+02 -0.21527481E+01      0.00000000      0.00000000
  0.00870000 -0.68302719E+02 -0.23065453E+01      0.00000000      0.00000000
  0.00880000 -0.68705917E+02 -0.25086517E+01      0.00000000      0.00000000
  0.00890000 -0.69120102E+02 -0.27589760E+01      0.00000000      0.00000000
  0.00900000 -0.69554031E+02 -0.30723457E+01      0.00000000      0.00000000
  0.00910000 -0.70023270E+02 -0.34701614E+01      0.00000000      0.00000000
  0.00920000 -0.70506073E+02 -0.39644699E+01      0.00000000      0.00000000
  0.00930000 -0.71016251E+02 -0.45884094E+01      0.00000000      0.00000000
  0.00940000 -0.71550339E+02 -0.53965607E+01      0.00000000      0.00000000
  0.00950000 -0.72061859E+02 -0.64240723E+01      0.00000000      0.00000000
  0.00960000 -0.72498260E+02 -0.77247314E+01      0.00000000      0.00000000
  0.00970000 -0.72772064E+02 -0.93733063E+01      0.00000000      0.00000000
  0.00980000 -0.72724396E+02 -0.11434952E+02      0.00000000      0.00000000
  0.00990000 -0.72090820E+02 -0.13870102E+02      0.00000000      0.00000000
