 -0.03000000  0.66309799E+02  0.16415215E+01      0.53830558      0.00170303
 -0.02990000  0.66634262E+02  0.16568847E+01      0.54345310      0.00194623
 -0.02980000  0.66971237E+02  0.16729107E+01      0.54873389      0.00254916
 -0.02970000  0.67306381E+02  0.16889181E+01      0.55401307      0.00242660
 -0.02960000  0.67644508E+02  0.17051508E+01      0.55942154      0.00185361
 -0.02950000  0.67986847E+02  0.17216682E+01      0.56497037      0.00185442
 -0.02940000  0.68333969E+02  0.17384949E+01      0.57055235      0.00254425
 -0.02930000  0.68682579E+02  0.17554770E+01      0.57618910      0.00181097
 -0.02920000  0.69034187E+02  0.17726860E+01      0.58195919      0.00189574
 -0.02910000  0.69391464E+02  0.17902526E+01      0.58777398      0.00290827
 -0.02900000  0.69747772E+02  0.18078716E+01      0.59366018      0.00305979
 -0.02890000  0.70112869E+02  0.18260144E+01      0.59979993      0.00440884
 -0.02880000  0.70478279E+02  0.18442528E+01      0.60588211      0.00353644
 -0.02870000  0.70848427E+02  0.18628355E+01      0.61219764      0.00314152
 -0.02860000  0.71220932E+02  0.18816168E+01      0.61851585      0.00440497
 -0.02850000  0.71598366E+02  0.19007556E+01      0.62503695      0.00349962
 -0.02840000  0.71979340E+02  0.19201636E+01      0.63159871      0.00284243
 -0.02830000  0.72363121E+02  0.19398173E+01      0.63827229      0.00194555
 -0.02820000  0.72754463E+02  0.19599621E+01      0.64506203      0.00221269
 -0.02810000  0.73144341E+02  0.19801358E+01      0.65198803      0.00393821
 -0.02800000  0.73543945E+02  0.20009165E+01      0.65905780      0.00312567
 -0.02790000  0.73942772E+02  0.20217814E+01      0.66619313      0.00337435
 -0.02780000  0.74351921E+02  0.20432792E+01      0.67347682      0.00431306
 -0.02770000  0.74763908E+02  0.20650625E+01      0.68085653      0.00352105
 -0.02760000  0.75173828E+02  0.20868392E+01      0.68834305      0.00404155
 -0.02750000  0.75596260E+02  0.21094122E+01      0.69609410      0.00448559
 -0.02740000  0.76017624E+02  0.21320245E+01      0.70389557      0.00381579
 -0.02730000  0.76445023E+02  0.21551113E+01      0.71187395      0.00423543
 -0.02720000  0.76880997E+02  0.21787910E+01      0.72011161      0.00422723
 -0.02710000  0.77314484E+02  0.22024558E+01      0.72823691      0.00475741
 -0.02700000  0.77751244E+02  0.22264388E+01      0.73658693      0.00510760
 -0.02690000  0.78201248E+02  0.22512825E+01      0.74517041      0.00514573
 -0.02680000  0.78658569E+02  0.22766802E+01      0.75387889      0.00532712
 -0.02670000  0.79119453E+02  0.23024242E+01      0.76281345      0.00391351
 -0.02660000  0.79574799E+02  0.23279939E+01      0.77181339      0.00338874
 -0.02650000  0.80040451E+02  0.23542962E+01      0.78094250      0.00353896
 -0.02640000  0.80516525E+02  0.23813467E+01      0.79036528      0.00415852
 -0.02630000  0.80995728E+02  0.24087510E+01      0.80006164      0.00440686
 -0.02620000  0.81479721E+02  0.24365568E+01      0.80972105      0.00308896
 -0.02610000  0.81964737E+02  0.24646118E+01      0.81952274      0.00266908
 -0.02600000  0.82460770E+02  0.24934568E+01      0.82970166      0.00308214
 -0.02590000  0.82956894E+02  0.25224779E+01      0.83985072      0.00266641
 -0.02580000  0.83461304E+02  0.25521724E+01      0.85036719      0.00285740
 -0.02570000  0.83974640E+02  0.25825672E+01      0.86111522      0.00228115
 -0.02560000  0.84488846E+02  0.26132159E+01      0.87188935      0.00148293
 -0.02550000  0.85017647E+02  0.26449246E+01      0.88321257      0.00266946
 -0.02540000  0.85549866E+02  0.26770139E+01      0.89469254      0.00265135
 -0.02530000  0.86086014E+02  0.27095578E+01      0.90621734      0.00205083
 -0.02520000  0.86628510E+02  0.27427096E+01      0.91811877      0.00311242
 -0.02510000  0.87175720E+02  0.27763474E+01      0.93016857      0.00347083
 -0.02500000  0.87734909E+02  0.28109286E+01      0.94252706      0.00362095
 -0.02490000  0.88306213E+02  0.28465004E+01      0.95529658      0.00289314
 -0.02480000  0.88871658E+02  0.28819304E+01      0.96804720      0.00321784
 -0.02470000  0.89449173E+02  0.29183569E+01      0.98120892      0.00423237
 -0.02460000  0.90042114E+02  0.29560149E+01      0.99490225      0.00397493
 -0.02450000  0.90631500E+02  0.29936867E+01      1.00859284      0.00336393
 -0.02440000  0.91237869E+02  0.30327165E+01      1.02281129      0.00285587
 -0.02430000  0.91840797E+02  0.30717745E+01      1.03698170      0.00366717
 -0.02420000  0.92455246E+02  0.31118276E+01      1.05146313      0.00300375
 -0.02410000  0.93084259E+02  0.31531315E+01      1.06651294      0.00286637
 -0.02400000  0.93723709E+02  0.31954212E+01      1.08211350      0.00217432
 -0.02390000  0.94361572E+02  0.32378812E+01      1.09749627      0.00261211
 -0.02380000  0.95007660E+02  0.32811897E+01      1.11359239      0.00237861
 -0.02370000  0.95662476E+02  0.33253851E+01      1.12982893      0.00233212
 -0.02360000  0.96336380E+02  0.33712234E+01      1.14661813      0.00248399
 -0.02350000  0.97016846E+02  0.34178250E+01      1.16410875      0.00257376
 -0.02340000  0.97696732E+02  0.34647138E+01      1.18151367      0.00252839
 -0.02330000  0.98387680E+02  0.35127268E+01      1.19939864      0.00199329
 -0.02320000  0.99101913E+02  0.35627384E+01      1.21808684      0.00081521
 -0.02310000  0.99819725E+02  0.36133509E+01      1.23713756      0.00122886
 -0.02300000  0.10055165E+03  0.36653717E+01      1.25647771      0.00166588
 -0.02290000  0.10128522E+03  0.37178957E+01      1.27640688      0.00256565
 -0.02280000  0.10202693E+03  0.37714057E+01      1.29652870      0.00180484
 -0.02270000  0.10278934E+03  0.38268270E+01      1.31746614      0.00176210
 -0.02260000  0.10355171E+03  0.38827143E+01      1.33870995      0.00152793
 -0.02250000  0.10432906E+03  0.39400985E+01      1.36054242      0.00209760
 -0.02240000  0.10512087E+03  0.39990444E+01      1.38301706      0.00183390
 -0.02230000  0.10592577E+03  0.40594282E+01      1.40587258      0.00214092
 -0.02220000  0.10673756E+03  0.41208191E+01      1.42987144      0.00201501
 -0.02210000  0.10755993E+03  0.41834960E+01      1.45328128      0.00213591
 -0.02200000  0.10839265E+03  0.42475128E+01      1.47798932      0.00212229
 -0.02190000  0.10924015E+03  0.43131766E+01      1.50324059      0.00208334
 -0.02180000  0.11012408E+03  0.43822832E+01      1.52984679      0.00160824
 -0.02170000  0.11100680E+03  0.44518719E+01      1.55720913      0.00279143
 -0.02160000  0.11189856E+03  0.45227566E+01      1.58467996      0.00257145
 -0.02150000  0.11281026E+03  0.45958710E+01      1.61339986      0.00211914
 -0.02140000  0.11374886E+03  0.46718287E+01      1.64280283      0.00197561
 -0.02130000  0.11468150E+03  0.47479410E+01      1.67329144      0.00194109
 -0.02120000  0.11562992E+03  0.48260269E+01      1.70358384      0.00241570
 -0.02110000  0.11660353E+03  0.49069486E+01      1.73565650      0.00166118
 -0.02100000  0.11759908E+03  0.49904494E+01      1.76915574      0.00211682
 -0.02090000  0.11860313E+03  0.50754204E+01      1.80310678      0.00182675
 -0.02080000  0.11961725E+03  0.51620741E+01      1.83767295      0.00248230
 -0.02070000  0.12065670E+03  0.52517176E+01      1.87371755      0.00161449
 -0.02060000  0.12170592E+03  0.53430519E+01      1.91033804      0.00145317
 -0.02050000  0.12276965E+03  0.54365468E+01      1.94797158      0.00308832
 -0.02040000  0.12386536E+03  0.55337729E+01      1.98698437      0.00324307
 -0.02030000  0.12497168E+03  0.56328793E+01      2.02700925      0.00265642
 -0.02020000  0.12610707E+03  0.57356372E+01      2.06853032      0.00280250
 -0.02010000  0.12726545E+03  0.58415875E+01      2.11204958      0.00316337
 -0.02000000  0.12844864E+03  0.59509110E+01      2.15683508      0.00257163
 -0.01990000  0.12963261E+03  0.60614185E+01      2.20273519      0.00264235
 -0.01980000  0.13086314E+03  0.61774793E+01      2.25010467      0.00308832
 -0.01970000  0.13210049E+03  0.62954645E+01      2.29925227      0.00304024
 -0.01960000  0.13336221E+03  0.64170008E+01      2.34929848      0.00240170
 -0.01950000  0.13465103E+03  0.65425148E+01      2.40162945      0.00194225
 -0.01940000  0.13596423E+03  0.66717958E+01      2.45485306      0.00182200
 -0.01930000  0.13729242E+03  0.68040066E+01      2.50985885      0.00147530
 -0.01920000  0.13865005E+03  0.69407005E+01      2.56741428      0.00111290
 -0.01910000  0.14006245E+03  0.70846028E+01      2.62888956      0.00179719
 -0.01900000  0.14147980E+03  0.72306304E+01      2.69064212      0.00145151
 -0.01890000  0.14293286E+03  0.73821259E+01      2.75543880      0.00145102
 -0.01880000  0.14443782E+03  0.75408983E+01      2.82269883      0.00154994
 -0.01870000  0.14594882E+03  0.77023640E+01      2.89251375      0.00100894
 -0.01860000  0.14747968E+03  0.78678045E+01      2.96364594      0.00126495
 -0.01850000  0.14904346E+03  0.80389891E+01      3.03738761      0.00139820
 -0.01840000  0.15066876E+03  0.82191296E+01      3.11515164      0.00209735
 -0.01830000  0.15233710E+03  0.84064150E+01      3.19666409      0.00193282
 -0.01820000  0.15401633E+03  0.85974483E+01      3.28025317      0.00168671
 -0.01810000  0.15575732E+03  0.87981119E+01      3.36826563      0.00191952
 -0.01800000  0.15754662E+03  0.90071220E+01      3.45972395      0.00246265
 -0.01790000  0.15933548E+03  0.92189369E+01      3.55281448      0.00141920
 -0.01780000  0.16117599E+03  0.94399223E+01      3.65086746      0.00176849
 -0.01770000  0.16307054E+03  0.96705322E+01      3.75307274      0.00233815
 -0.01760000  0.16503607E+03  0.99132957E+01      3.86216474      0.00290428
 -0.01750000  0.16700192E+03  0.10159616E+02      3.97303867      0.00250978
 -0.01740000  0.16901187E+03  0.10415163E+02      4.08801985      0.00246317
 -0.01730000  0.17110419E+03  0.10685123E+02      4.20946932      0.00229638
 -0.01720000  0.17325864E+03  0.10967474E+02      4.33879852      0.00153283
 -0.01710000  0.17550690E+03  0.11266709E+02      4.47483969      0.00144510
 -0.01700000  0.17775975E+03  0.11571347E+02      4.61357355      0.00198152
 -0.01690000  0.18008121E+03  0.11890433E+02      4.76129007      0.00217297
 -0.01680000  0.18244870E+03  0.12221066E+02      4.91320419      0.00222656
 -0.01670000  0.18492810E+03  0.12573316E+02      5.07925081      0.00209953
 -0.01660000  0.18744026E+03  0.12936164E+02      5.24573326      0.00253336
 -0.01650000  0.19003616E+03  0.13317728E+02      5.42502642      0.00259279
 -0.01640000  0.19268979E+03  0.13714562E+02      5.60906029      0.00241169
 -0.01630000  0.19546141E+03  0.14136749E+02      5.80926752      0.00183951
 -0.01620000  0.19827197E+03  0.14572790E+02      6.01732302      0.00126599
 -0.01610000  0.20121503E+03  0.15038003E+02      6.23973656      0.00123270
 -0.01600000  0.20420352E+03  0.15519484E+02      6.47062635      0.00165964
 -0.01590000  0.20730647E+03  0.16029057E+02      6.71426868      0.00160346
 -0.01580000  0.21053831E+03  0.16570566E+02      6.97686768      0.00156854
 -0.01570000  0.21388359E+03  0.17142879E+02      7.25704384      0.00168321
 -0.01560000  0.21733344E+03  0.17745390E+02      7.55096960      0.00215409
 -0.01550000  0.22086292E+03  0.18374893E+02      7.85836124      0.00185766
 -0.01540000  0.22453741E+03  0.19044571E+02      8.18512344      0.00197386
 -0.01530000  0.22833752E+03  0.19752861E+02      8.53546524      0.00236526
 -0.01520000  0.23229263E+03  0.20506954E+02      8.90986633      0.00244476
 -0.01510000  0.23635953E+03  0.21300926E+02      9.30987358      0.00215493
 -0.01500000  0.24061580E+03  0.22151855E+02      9.74130535      0.00134529
 -0.01490000  0.24504150E+03  0.23057972E+02     10.19112206      0.00148275
 -0.01480000  0.24966196E+03  0.24028393E+02     10.68230820      0.00118779
 -0.01470000  0.25446503E+03  0.25063908E+02     11.21358681      0.00151042
 -0.01460000  0.25939020E+03  0.26153934E+02     11.77055359      0.00148103
 -0.01450000  0.26460089E+03  0.27338823E+02     12.38182354      0.00172022
 -0.01440000  0.27005936E+03  0.28615107E+02     13.04178238      0.00161679
 -0.01430000  0.27578256E+03  0.29992344E+02     13.75549221      0.00071825
 -0.01420000  0.28176709E+03  0.31476795E+02     14.53973484      0.00059376
 -0.01410000  0.28807465E+03  0.33089767E+02     15.38811779      0.00116400
 -0.01400000  0.29456290E+03  0.34802353E+02     16.29761887      0.00054619
 -0.01390000  0.30134729E+03  0.36650532E+02     17.27248383      0.00121385
 -0.01380000  0.30858777E+03  0.38690113E+02     18.36089134      0.00054348
 -0.01370000  0.31623392E+03  0.40919670E+02     19.55300140      0.00077374
 -0.01360000  0.32430881E+03  0.43360168E+02     20.86318016      0.00079226
 -0.01350000  0.33297046E+03  0.46078228E+02     22.33131409      0.00070536
 -0.01340000  0.34199854E+03  0.49028297E+02     23.97408104      0.00086121
 -0.01330000  0.35146588E+03  0.52246399E+02     25.75667000      0.00049749
 -0.01320000  0.36164618E+03  0.55848724E+02     27.72560692      0.00019921
 -0.01310000  0.37223621E+03  0.59765995E+02     29.91136169      0.00033497
 -0.01300000  0.38369955E+03  0.64201767E+02     32.41372299      0.00052520
 -0.01290000  0.39610150E+03  0.69228592E+02     35.23186111      0.00024630
 -0.01280000  0.40924451E+03  0.74833008E+02     38.41614914      0.00109153
 -0.01270000  0.42373148E+03  0.81348625E+02     42.17116547      0.00116830
 -0.01260000  0.43875903E+03  0.88493546E+02     46.30402756      0.00066926
 -0.01250000  0.45526178E+03  0.96808380E+02     51.13833618      0.00084493
 -0.01240000  0.47289160E+03  0.10627133E+03     56.73518753      0.00062068
 -0.01230000  0.49185376E+03  0.11712621E+03     63.12318420      0.00014107
 -0.01220000  0.51282355E+03  0.13001631E+03     70.78759003      0.00048957
 -0.01210000  0.53528668E+03  0.14495418E+03     79.85763550      0.00019552
 -0.01200000  0.56005573E+03  0.16283722E+03     90.68763733      0.00020435
 -0.01190000  0.58729132E+03  0.18444826E+03    103.97975159      0.00083186
 -0.01180000  0.61684863E+03  0.21051222E+03    120.22979736      0.00079932
 -0.01170000  0.64850458E+03  0.24186984E+03    139.79608154      0.00028833
 -0.01160000  0.68230457E+03  0.28029099E+03    164.18247986      0.00028917
 -0.01150000  0.71840002E+03  0.32863843E+03    195.25433350      0.00041021
 -0.01140000  0.75494263E+03  0.38845578E+03    233.66311646      0.00078447
 -0.01130000  0.78970929E+03  0.46341013E+03    282.66815186      0.00092279
 -0.01120000  0.81921967E+03  0.55948676E+03    345.60015869      0.00060357
 -0.01110000  0.83512231E+03  0.67861597E+03    422.81524658      0.00104811
 -0.01100000  0.82631897E+03  0.82040405E+03    511.27496338      0.00136685
 -0.01090000  0.77639984E+03  0.98028235E+03    606.21966553      0.00133707
 -0.01080000  0.67067859E+03  0.11444800E+04    688.93737793      0.00146461
 -0.01070000  0.50233151E+03  0.12848741E+04    734.39416504      0.00115862
 -0.01060000  0.29084235E+03  0.13674551E+04    724.42309570      0.00154721
 -0.01050000  0.58000511E+02  0.13819252E+04    707.71234131      0.00346313
 -0.01040000 -0.17041498E+03  0.13202104E+04    737.43334961      0.00436562
 -0.01030000 -0.35508514E+03  0.11975608E+04    709.82769775      0.00383473
 -0.01020000 -0.48176636E+03  0.10388148E+04    636.84979248      0.00370884
 -0.01010000 -0.54892822E+03  0.87493945E+03    543.21691895      0.00318926
 -0.01000000 -0.56958130E+03  0.72379437E+03    448.99142456      0.00359545
 -0.00990000 -0.55988049E+03  0.60060724E+03    369.87057495      0.00300707
 -0.00980000 -0.53331458E+03  0.49785107E+03    302.53497314      0.00264645
 -0.00970000 -0.49861884E+03  0.41611145E+03    248.83370972      0.00350125
 -0.00960000 -0.46097208E+03  0.35147400E+03    206.91296387      0.00331084
 -0.00950000 -0.42390723E+03  0.30070544E+03    174.21350098      0.00346734
 -0.00940000 -0.38752386E+03  0.25906714E+03    147.24264526      0.00285343
 -0.00930000 -0.35406958E+03  0.22619199E+03    126.11733246      0.00369010
 -0.00920000 -0.32285016E+03  0.19936392E+03    108.99487305      0.00402160
 -0.00910000 -0.29366345E+03  0.17710049E+03     94.86247253      0.00357301
 -0.00900000 -0.26667810E+03  0.15869992E+03     83.23301697      0.00344781
 -0.00890000 -0.24197954E+03  0.14349237E+03     73.69063568      0.00262176
 -0.00880000 -0.21879453E+03  0.13056947E+03     65.58644104      0.00325452
 -0.00870000 -0.19705193E+03  0.11954585E+03     58.72940063      0.00310294
 -0.00860000 -0.17684912E+03  0.11021794E+03     52.89335632      0.00320859
 -0.00850000 -0.15767905E+03  0.10213487E+03     47.77847672      0.00314258
 -0.00840000 -0.13991559E+03  0.95283310E+02     43.40486908      0.00423840
 -0.00830000 -0.12325616E+03  0.89398956E+02     39.62617111      0.00364088
 -0.00820000 -0.10736913E+03  0.84298233E+02     36.33927155      0.00354120
 -0.00810000 -0.91864616E+02  0.79769157E+02     33.31911087      0.00283051
 -0.00800000 -0.77442688E+02  0.75941116E+02     30.75493240      0.00334666
 -0.00790000 -0.63401955E+02  0.72576309E+02     28.44604111      0.00318093
 -0.00780000 -0.49910408E+02  0.69684311E+02     26.40013885      0.00316271
 -0.00770000 -0.36940983E+02  0.67181213E+02     24.53540230      0.00483537
 -0.00760000 -0.24189688E+02  0.65022232E+02     22.84522820      0.00553630
 -0.00750000 -0.11907480E+02  0.63195740E+02     21.34786797      0.00532269
 -0.00740000 -0.77185631E-02  0.61644432E+02     19.99452209      0.00646774
 -0.00730000  0.11616316E+02  0.60344429E+02     18.75939751      0.00589967
 -0.00720000  0.23026371E+02  0.59292934E+02     17.65618896      0.00796801
 -0.00710000  0.34504894E+02  0.58450558E+02     16.61837196      0.00917702
 -0.00700000  0.45844902E+02  0.57816196E+02     15.67426777      0.01397205
 -0.00690000  0.57079170E+02  0.57364346E+02     15.88629818      2.27569556
 -0.00680000  0.68257263E+02  0.57104538E+02     16.52978516      2.27589941
 -0.00670000  0.79185593E+02  0.56984142E+02     17.16746712      2.27606678
 -0.00660000  0.90607285E+02  0.57080360E+02     17.90464401      2.27626729
 -0.00650000  0.10148344E+03  0.57274403E+02     18.59722328      2.27641129
 -0.00640000  0.11265581E+03  0.57658577E+02     19.39431190      2.27660465
 -0.00630000  0.12412133E+03  0.58220333E+02     20.23107910      2.27677107
 -0.00620000  0.13551184E+03  0.58904240E+02     21.06563950      2.27689910
 -0.00610000  0.14707617E+03  0.59742958E+02     21.99793625      2.27707171
 -0.00600000  0.15892770E+03  0.60770309E+02     22.99028587      2.27722859
 -0.00590000  0.17111501E+03  0.61976967E+02     24.07345963      2.27739620
 -0.00580000  0.18331064E+03  0.63299412E+02     25.15692902      2.27752852
 -0.00570000  0.19568660E+03  0.64764771E+02     26.30721474      2.27766514
 -0.00560000  0.20849532E+03  0.66459259E+02     27.58171463      2.27781677
 -0.00550000  0.22204720E+03  0.68424942E+02     29.00413322      2.27797771
 -0.00540000  0.23541974E+03  0.70439926E+02     30.39434052      2.27809954
 -0.00530000  0.24909016E+03  0.72641975E+02     31.90491295      2.27823830
 -0.00520000  0.26389917E+03  0.75232574E+02     33.59287262      2.27836728
 -0.00510000  0.27864557E+03  0.77902832E+02     35.29896927      2.27847910
 -0.00500000  0.29390820E+03  0.80814682E+02     37.16011810      2.27860451
 -0.00490000  0.30989050E+03  0.84023003E+02     39.14403534      2.27871108
 -0.00480000  0.32630328E+03  0.87439514E+02     41.24721146      2.27881789
 -0.00470000  0.34387622E+03  0.91337761E+02     43.62496948      2.27893734
 -0.00460000  0.36190112E+03  0.95473206E+02     46.09997177      2.27903605
 -0.00450000  0.38084982E+03  0.99963181E+02     48.72539139      2.27911329
 -0.00440000  0.40079272E+03  0.10489105E+03     51.57550812      2.27918506
 -0.00430000  0.42183240E+03  0.11032973E+03     54.79372406      2.27928948
 -0.00420000  0.44331390E+03  0.11596391E+03     58.04418945      2.27935624
 -0.00410000  0.46613968E+03  0.12220615E+03     61.66489410      2.27943730
 -0.00400000  0.49059235E+03  0.12919095E+03     65.88020325      2.27956486
 -0.00390000  0.51652161E+03  0.13681741E+03     70.48398590      2.27968979
 -0.00380000  0.54390967E+03  0.14512531E+03     75.13321686      2.27972078
 -0.00370000  0.57251611E+03  0.15404506E+03     80.28656769      2.27978492
 -0.00360000  0.60262744E+03  0.16367757E+03     85.89019012      2.27985024
 -0.00350000  0.63486646E+03  0.17433768E+03     92.38439941      2.27996945
 -0.00340000  0.66989087E+03  0.18635646E+03     99.36773682      2.28002787
 -0.00330000  0.70477338E+03  0.19824805E+03    106.10417175      2.28003931
 -0.00320000  0.74410266E+03  0.21239774E+03    114.08387756      2.28004146
 -0.00310000  0.78524023E+03  0.22749150E+03    122.98004150      2.28010345
 -0.00300000  0.82892542E+03  0.24376602E+03    132.50988770      2.28014398
 -0.00290000  0.87763983E+03  0.26283536E+03    143.38102722      2.28014207
 -0.00280000  0.92784271E+03  0.28262326E+03    154.55830383      2.28011274
 -0.00270000  0.98379370E+03  0.30559015E+03    167.88148499      2.28012156
 -0.00260000  0.10429817E+04  0.33019910E+03    182.21954346      2.28012514
 -0.00250000  0.11057949E+04  0.35649066E+03    197.24795532      2.28007579
 -0.00240000  0.11756836E+04  0.38710614E+03    214.21969604      2.27997446
 -0.00230000  0.12519048E+04  0.42124316E+03    234.84852600      2.28001666
 -0.00220000  0.13362465E+04  0.46032516E+03    258.69393921      2.28006697
 -0.00210000  0.14231375E+04  0.49954843E+03    280.76708984      2.27994132
 -0.00200000  0.15177312E+04  0.54263000E+03    304.37609863      2.27974176
 -0.00190000  0.16190520E+04  0.58858459E+03    331.52987671      2.27968454
 -0.00180000  0.17453907E+04  0.65250232E+03    372.93096924      2.27984953
 -0.00170000  0.18665714E+04  0.70700433E+03    404.11083984      2.27967668
 -0.00160000  0.20110259E+04  0.77618304E+03    443.55630493      2.27945232
 -0.00150000  0.21648274E+04  0.84585840E+03    480.79309082      2.27905631
 -0.00140000  0.23313813E+04  0.91845483E+03    521.59869385      2.27875090
 -0.00130000  0.25189878E+04  0.99679681E+03    563.64453125      2.27825236
 -0.00120000  0.27094893E+04  0.10607925E+04    592.45831299      2.27730823
 -0.00110000  0.29331011E+04  0.11336890E+04    630.78228760      2.27658796
 -0.00100000  0.31861460E+04  0.12083779E+04    659.23504639      2.27442765
 -0.00090000  0.34809717E+04  0.12848104E+04    686.99517822      2.27075243
 -0.00080000  0.37763152E+04  0.13181359E+04    698.83435059      2.26760721
 -0.00070000  0.41514170E+04  0.13646627E+04    697.34802246      2.23830533
 -0.00060000  0.45286914E+04  0.13515179E+04    696.41992188      2.24644113
 -0.00050000  0.48781528E+04  0.12518826E+04    693.10150146      2.27076340
 -0.00040000  0.51968960E+04  0.10709703E+04    655.01287842      2.27601552
 -0.00030000  0.54614043E+04  0.81960303E+03    601.25415039      2.27857924
 -0.00020000  0.56789844E+04  0.50813788E+03    507.69726562      2.27928138
 -0.00010000  0.57659126E+04  0.13332385E+03    358.23892212      2.27767777
  0.00000000  0.58410967E+04 -0.24896124E+03    192.58888245      2.26391244
  0.00010000  0.57312476E+04 -0.64470337E+03     19.68998528      1.49205387
  0.00020000  0.54589116E+04 -0.95833606E+03      3.40822601      0.92240310
  0.00030000  0.50709478E+04 -0.11940682E+04      1.77365208      0.89651448
  0.00040000  0.47912251E+04 -0.14160640E+04      1.53995633      0.00822286
  0.00050000  0.43963896E+04 -0.15197120E+04      1.50893342      0.00411733
  0.00060000  0.39812917E+04 -0.15405188E+04      1.47911620      0.00317896
  0.00070000  0.35935757E+04 -0.15106317E+04      1.44981599      0.00175819
  0.00080000  0.32315444E+04 -0.14405428E+04      1.42136765      0.00164187
  0.00090000  0.29031238E+04 -0.13490510E+04      1.39332104      0.00152097
  0.00100000  0.26260369E+04 -0.12592784E+04      1.36584711      0.00130632
  0.00110000  0.23751899E+04 -0.11594255E+04      1.33889055      0.00153289
  0.00120000  0.21528350E+04 -0.10600045E+04      1.31282091      0.00106008
  0.00130000  0.19526769E+04 -0.96327271E+03      1.28671765      0.00115812
  0.00140000  0.17818928E+04 -0.87993408E+03      1.26134086      0.00124546
  0.00150000  0.16202784E+04 -0.79083527E+03      1.23675835      0.00111710
  0.00160000  0.14885632E+04 -0.72399402E+03      1.21230090      0.00104967
  0.00170000  0.13617181E+04 -0.65371729E+03      1.18865395      0.00090512
  0.00180000  0.12528503E+04 -0.59553558E+03      1.16504741      0.00092706
  0.00190000  0.11456300E+04 -0.53427020E+03      1.14195263      0.00083231
  0.00200000  0.10508906E+04 -0.48095605E+03      1.11958957      0.00112690
  0.00210000  0.96974219E+03 -0.43761884E+03      1.09732533      0.00062582
  0.00220000  0.89487427E+03 -0.39785370E+03      1.07503295      0.00080516
  0.00230000  0.82218567E+03 -0.35787360E+03      1.05385971      0.00112002
  0.00240000  0.76092700E+03 -0.32628171E+03      1.03255510      0.00093458
  0.00250000  0.70597235E+03 -0.29884705E+03      1.01147091      0.00081912
  0.00260000  0.65341162E+03 -0.27245068E+03      0.99064136      0.00028840
  0.00270000  0.60602875E+03 -0.24905183E+03      0.97036040      0.00076284
  0.00280000  0.56192981E+03 -0.22764423E+03      0.95026284      0.00080359
  0.00290000  0.52217401E+03 -0.20896574E+03      0.93022811      0.00067069
  0.00300000  0.48528778E+03 -0.19178540E+03      0.91074538      0.00042488
  0.00310000  0.45073822E+03 -0.17595413E+03      0.89113641      0.00062495
  0.00320000  0.41933185E+03 -0.16197878E+03      0.87158334      0.00033167
  0.00330000  0.39047833E+03 -0.14947507E+03      0.85211027      0.00036340
  0.00340000  0.36328131E+03 -0.13781436E+03      0.83296502      0.00044195
  0.00350000  0.33854214E+03 -0.12748553E+03      0.81400800      0.00065587
  0.00360000  0.31505789E+03 -0.11774550E+03      0.79525876      0.00054936
  0.00370000  0.29395810E+03 -0.10932751E+03      0.77637339      0.00091497
  0.00380000  0.27403320E+03 -0.10147815E+03      0.75755823      0.00067332
  0.00390000  0.25566747E+03 -0.94397301E+02      0.73890734      0.00100716
  0.00400000  0.23812059E+03 -0.87725975E+02      0.72012830      0.00071283
  0.00410000  0.22207190E+03 -0.81757690E+02      0.70159054      0.00090450
  0.00420000  0.20703519E+03 -0.76295708E+02      0.68285799      0.00062628
  0.00430000  0.19332608E+03 -0.71434204E+02      0.66423154      0.00066186
  0.00440000  0.18019736E+03 -0.66829025E+02      0.64559501      0.00065206
  0.00450000  0.16765880E+03 -0.62471222E+02      0.62668121      0.00077464
  0.00460000  0.15634961E+03 -0.58665024E+02      0.60800898      0.00082583
  0.00470000  0.14552158E+03 -0.55057259E+02      0.58927345      0.00050928
  0.00480000  0.13543210E+03 -0.51777267E+02      0.57013100      0.00040578
  0.00490000  0.12570164E+03 -0.48638760E+02      0.55117488      0.00061279
  0.00500000  0.11661621E+03 -0.45771336E+02      0.53198004      0.00058050
  0.00510000  0.10805389E+03 -0.43110287E+02      0.51265866      0.00061151
  0.00520000  0.99961105E+02 -0.40639252E+02      0.49323821      0.00052137
  0.00530000  0.92311287E+02 -0.38349373E+02      0.47379398      0.00044198
  0.00540000  0.85144150E+02 -0.36244350E+02      0.45419037      0.00063270
  0.00550000  0.78282669E+02 -0.34263828E+02      0.43433225      0.00063494
  0.00560000  0.71847069E+02 -0.32440430E+02      0.41446885      0.00071165
  0.00570000  0.65830765E+02 -0.30775791E+02      0.39476484      0.00066690
  0.00580000  0.60064350E+02 -0.29207464E+02      0.37469500      0.00061574
  0.00590000  0.54498878E+02 -0.27713554E+02      0.35485840      0.00076863
  0.00600000  0.49238075E+02 -0.26337502E+02      0.33483595      0.00093617
  0.00610000  0.44315437E+02 -0.25078518E+02      0.31527478      0.00067249
  0.00620000  0.39591698E+02 -0.23896835E+02      0.29575843      0.00056148
  0.00630000  0.35009079E+02 -0.22771269E+02      0.27624202      0.00061752
  0.00640000  0.30675922E+02 -0.21734592E+02      0.25756019      0.00080454
  0.00650000  0.26585297E+02 -0.20785677E+02      0.23941265      0.00079495
  0.00660000  0.22678040E+02 -0.19903975E+02      0.22165325      0.00103045
  0.00670000  0.18824913E+02 -0.19056915E+02      0.20452827      0.00087460
  0.00680000  0.15173935E+02 -0.18280687E+02      0.18847507      0.00076977
  0.00690000  0.11711979E+02 -0.17572094E+02      0.17323557      0.00073061
  0.00700000  0.83230934E+01 -0.16906197E+02      0.15874234      0.00091030
  0.00710000  0.50912485E+01 -0.16299604E+02      0.14554480      0.00082980
  0.00720000  0.19669342E+01 -0.15742138E+02      0.13321649      0.00081045
  0.00730000 -0.10433569E+01 -0.15235527E+02      0.12178300      0.00094021
  0.00740000 -0.39868872E+01 -0.14772667E+02      0.11137567      0.00070503
  0.00750000 -0.67848625E+01 -0.14366802E+02      0.10198389      0.00073349
  0.00760000 -0.95489712E+01 -0.14001232E+02      0.09333129      0.00089665
  0.00770000 -0.12207994E+02 -0.13689291E+02      0.08556088      0.00105366
  0.00780000 -0.14825844E+02 -0.13422560E+02      0.07841756      0.00112940
  0.00790000 -0.17405659E+02 -0.13203415E+02      0.07188111      0.00104805
  0.00800000 -0.19970818E+02 -0.13033733E+02      0.06578524      0.00083759
  0.00810000 -0.22448944E+02 -0.12923866E+02      0.06036188      0.00079892
  0.00820000 -0.24908569E+02 -0.12873741E+02      0.05548278      0.00068178
  0.00830000 -0.27397507E+02 -0.12887283E+02      0.05091900      0.00124624
  0.00840000 -0.29812477E+02 -0.12970955E+02      0.04680224      0.00112839
  0.00850000 -0.32246758E+02 -0.13133526E+02      0.04302506      0.00124727
  0.00860000 -0.34711861E+02 -0.13388165E+02      0.03957058      0.00120578
  0.00870000 -0.37203262E+02 -0.13745361E+02      0.03636799      0.00116621
  0.00880000 -0.39771484E+02 -0.14230392E+02      0.03338657      0.00068982
  0.00890000 -0.42414139E+02 -0.14868744E+02      0.03064659      0.00042361
  0.00900000 -0.45086357E+02 -0.15673798E+02      0.02813281      0.00068244
  0.00910000 -0.47850662E+02 -0.16697693E+02      0.02583966      0.00133494
  0.00920000 -0.50685684E+02 -0.17973892E+02      0.02370501      0.00138514
  0.00930000 -0.53690872E+02 -0.19613426E+02      0.02170464      0.00220366
  0.00940000 -0.56768402E+02 -0.21644562E+02      0.01985445      0.00082503
  0.00950000 -0.59980469E+02 -0.24240570E+02      0.01813612      0.00138101
  0.00960000 -0.63226486E+02 -0.27511917E+02      0.01656020      0.00120366
  0.00970000 -0.66484253E+02 -0.31738876E+02      0.01508058      0.00136933
  0.00980000 -0.69457550E+02 -0.37027924E+02      0.01372285      0.00125349
  0.00990000 -0.71886139E+02 -0.43732605E+02      0.01244841      0.00185591
