 -0.03000000  0.84113571E+02  0.29944918E+01      0.00000000      0.00000000
 -0.02990000  0.84718552E+02  0.30408487E+01      0.00000000      0.00000000
 -0.02980000  0.85328728E+02  0.30880537E+01      0.00000000      0.00000000
 -0.02970000  0.85940323E+02  0.31358316E+01      0.00000000      0.00000000
 -0.02960000  0.86567581E+02  0.31853056E+01      0.00000000      0.00000000
 -0.02950000  0.87203362E+02  0.32359359E+01      0.00000000      0.00000000
 -0.02940000  0.87854980E+02  0.32883487E+01      0.00000000      0.00000000
 -0.02930000  0.88517075E+02  0.33421409E+01      0.00000000      0.00000000
 -0.02920000  0.89179237E+02  0.33964882E+01      0.00000000      0.00000000
 -0.02910000  0.89855537E+02  0.34525561E+01      0.00000000      0.00000000
 -0.02900000  0.90553352E+02  0.35110080E+01      0.00000000      0.00000000
 -0.02890000  0.91269394E+02  0.35716224E+01      0.00000000      0.00000000
 -0.02880000  0.91989471E+02  0.36332371E+01      0.00000000      0.00000000
 -0.02870000  0.92723526E+02  0.36967285E+01      0.00000000      0.00000000
 -0.02860000  0.93470001E+02  0.37620199E+01      0.00000000      0.00000000
 -0.02850000  0.94224548E+02  0.38287537E+01      0.00000000      0.00000000
 -0.02840000  0.95000259E+02  0.38981299E+01      0.00000000      0.00000000
 -0.02830000  0.95795685E+02  0.39700739E+01      0.00000000      0.00000000
 -0.02820000  0.96592781E+02  0.40430074E+01      0.00000000      0.00000000
 -0.02810000  0.97400414E+02  0.41177883E+01      0.00000000      0.00000000
 -0.02800000  0.98229309E+02  0.41954236E+01      0.00000000      0.00000000
 -0.02790000  0.99071465E+02  0.42752709E+01      0.00000000      0.00000000
 -0.02780000  0.99930649E+02  0.43577261E+01      0.00000000      0.00000000
 -0.02770000  0.10080856E+03  0.44430180E+01      0.00000000      0.00000000
 -0.02760000  0.10169886E+03  0.45305958E+01      0.00000000      0.00000000
 -0.02750000  0.10259390E+03  0.46197639E+01      0.00000000      0.00000000
 -0.02740000  0.10351797E+03  0.47129908E+01      0.00000000      0.00000000
 -0.02730000  0.10444904E+03  0.48081470E+01      0.00000000      0.00000000
 -0.02720000  0.10543914E+03  0.49106588E+01      0.00000000      0.00000000
 -0.02710000  0.10641971E+03  0.50135856E+01      0.00000000      0.00000000
 -0.02700000  0.10743695E+03  0.51218152E+01      0.00000000      0.00000000
 -0.02690000  0.10847253E+03  0.52335539E+01      0.00000000      0.00000000
 -0.02680000  0.10951378E+03  0.53475027E+01      0.00000000      0.00000000
 -0.02670000  0.11058772E+03  0.54666939E+01      0.00000000      0.00000000
 -0.02660000  0.11168118E+03  0.55898347E+01      0.00000000      0.00000000
 -0.02650000  0.11280777E+03  0.57185631E+01      0.00000000      0.00000000
 -0.02640000  0.11397310E+03  0.58537498E+01      0.00000000      0.00000000
 -0.02630000  0.11515015E+03  0.59924040E+01      0.00000000      0.00000000
 -0.02620000  0.11634045E+03  0.61347966E+01      0.00000000      0.00000000
 -0.02610000  0.11757298E+03  0.62845798E+01      0.00000000      0.00000000
 -0.02600000  0.11883357E+03  0.64402437E+01      0.00000000      0.00000000
 -0.02590000  0.12013023E+03  0.66029682E+01      0.00000000      0.00000000
 -0.02580000  0.12146954E+03  0.67738810E+01      0.00000000      0.00000000
 -0.02570000  0.12283401E+03  0.69510078E+01      0.00000000      0.00000000
 -0.02560000  0.12422569E+03  0.71347990E+01      0.00000000      0.00000000
 -0.02550000  0.12564665E+03  0.73257751E+01      0.00000000      0.00000000
 -0.02540000  0.12713299E+03  0.75291224E+01      0.00000000      0.00000000
 -0.02530000  0.12864320E+03  0.77395649E+01      0.00000000      0.00000000
 -0.02520000  0.13016861E+03  0.79561057E+01      0.00000000      0.00000000
 -0.02510000  0.13177049E+03  0.81877670E+01      0.00000000      0.00000000
 -0.02500000  0.13339612E+03  0.84274693E+01      0.00000000      0.00000000
 -0.02490000  0.13509927E+03  0.86835575E+01      0.00000000      0.00000000
 -0.02480000  0.13685468E+03  0.89529343E+01      0.00000000      0.00000000
 -0.02470000  0.13864326E+03  0.92331324E+01      0.00000000      0.00000000
 -0.02460000  0.14047275E+03  0.95257835E+01      0.00000000      0.00000000
 -0.02450000  0.14238423E+03  0.98381548E+01      0.00000000      0.00000000
 -0.02440000  0.14435681E+03  0.10167656E+02      0.00000000      0.00000000
 -0.02430000  0.14640158E+03  0.10516997E+02      0.00000000      0.00000000
 -0.02420000  0.14849539E+03  0.10883048E+02      0.00000000      0.00000000
 -0.02410000  0.15068698E+03  0.11275316E+02      0.00000000      0.00000000
 -0.02400000  0.15290475E+03  0.11681976E+02      0.00000000      0.00000000
 -0.02390000  0.15525974E+03  0.12124462E+02      0.00000000      0.00000000
 -0.02380000  0.15767963E+03  0.12590874E+02      0.00000000      0.00000000
 -0.02370000  0.16018378E+03  0.13086246E+02      0.00000000      0.00000000
 -0.02360000  0.16278494E+03  0.13614597E+02      0.00000000      0.00000000
 -0.02350000  0.16551987E+03  0.14185602E+02      0.00000000      0.00000000
 -0.02340000  0.16836597E+03  0.14796808E+02      0.00000000      0.00000000
 -0.02330000  0.17133578E+03  0.15453493E+02      0.00000000      0.00000000
 -0.02320000  0.17438039E+03  0.16147043E+02      0.00000000      0.00000000
 -0.02310000  0.17756952E+03  0.16896029E+02      0.00000000      0.00000000
 -0.02300000  0.18086662E+03  0.17694897E+02      0.00000000      0.00000000
 -0.02290000  0.18441121E+03  0.18581993E+02      0.00000000      0.00000000
 -0.02280000  0.18814131E+03  0.19547686E+02      0.00000000      0.00000000
 -0.02270000  0.19199274E+03  0.20580309E+02      0.00000000      0.00000000
 -0.02260000  0.19608853E+03  0.21718643E+02      0.00000000      0.00000000
 -0.02250000  0.20032408E+03  0.22940487E+02      0.00000000      0.00000000
 -0.02240000  0.20480043E+03  0.24281948E+02      0.00000000      0.00000000
 -0.02230000  0.20958139E+03  0.25773052E+02      0.00000000      0.00000000
 -0.02220000  0.21461595E+03  0.27409887E+02      0.00000000      0.00000000
 -0.02210000  0.22000800E+03  0.29240440E+02      0.00000000      0.00000000
 -0.02200000  0.22573691E+03  0.31275982E+02      0.00000000      0.00000000
 -0.02190000  0.23179610E+03  0.33532936E+02      0.00000000      0.00000000
 -0.02180000  0.23830251E+03  0.36079330E+02      0.00000000      0.00000000
 -0.02170000  0.24516669E+03  0.38908482E+02      0.00000000      0.00000000
 -0.02160000  0.25244945E+03  0.42075916E+02      0.00000000      0.00000000
 -0.02150000  0.26034952E+03  0.45711983E+02      0.00000000      0.00000000
 -0.02140000  0.26887933E+03  0.49881981E+02      0.00000000      0.00000000
 -0.02130000  0.27808145E+03  0.54678715E+02      0.00000000      0.00000000
 -0.02120000  0.28812054E+03  0.60283985E+02      0.00000000      0.00000000
 -0.02110000  0.29886951E+03  0.66744003E+02      0.00000000      0.00000000
 -0.02100000  0.31062042E+03  0.74388069E+02      0.00000000      0.00000000
 -0.02090000  0.32326740E+03  0.83354431E+02      0.00000000      0.00000000
 -0.02080000  0.33707108E+03  0.94107910E+02      0.00000000      0.00000000
 -0.02070000  0.35195584E+03  0.10698136E+03      0.00000000      0.00000000
 -0.02060000  0.36816010E+03  0.12275415E+03      0.00000000      0.00000000
 -0.02050000  0.38559027E+03  0.14220676E+03      0.00000000      0.00000000
 -0.02040000  0.40393228E+03  0.16628528E+03      0.00000000      0.00000000
 -0.02030000  0.42280652E+03  0.19657898E+03      0.00000000      0.00000000
 -0.02020000  0.44087213E+03  0.23434520E+03      0.00000000      0.00000000
 -0.02010000  0.45636395E+03  0.28210034E+03      0.00000000      0.00000000
 -0.02000000  0.46565649E+03  0.34249829E+03      0.00000000      0.00000000
 -0.01990000  0.46249115E+03  0.41592773E+03      0.00000000      0.00000000
 -0.01980000  0.43757428E+03  0.50209387E+03      0.00000000      0.00000000
 -0.01970000  0.37897260E+03  0.59311383E+03      0.00000000      0.00000000
 -0.01960000  0.28076398E+03  0.66877380E+03      0.00000000      0.00000000
 -0.01950000  0.15214050E+03  0.70507825E+03      0.00000000      0.00000000
 -0.01940000  0.19333712E+02  0.68878217E+03      0.00000000      0.00000000
 -0.01930000 -0.91264786E+02  0.62692175E+03      0.00000000      0.00000000
 -0.01920000 -0.16402087E+03  0.54122705E+03      0.00000000      0.00000000
 -0.01910000 -0.20045415E+03  0.45348260E+03      0.00000000      0.00000000
 -0.01900000 -0.21086241E+03  0.37548026E+03      0.00000000      0.00000000
 -0.01890000 -0.20537466E+03  0.31062305E+03      0.00000000      0.00000000
 -0.01880000 -0.19106567E+03  0.25813422E+03      0.00000000      0.00000000
 -0.01870000 -0.17266507E+03  0.21682529E+03      0.00000000      0.00000000
 -0.01860000 -0.15301855E+03  0.18462735E+03      0.00000000      0.00000000
 -0.01850000 -0.13302454E+03  0.15879883E+03      0.00000000      0.00000000
 -0.01840000 -0.11362982E+03  0.13824263E+03      0.00000000      0.00000000
 -0.01830000 -0.95271019E+02  0.12187584E+03      0.00000000      0.00000000
 -0.01820000 -0.77910797E+02  0.10866097E+03      0.00000000      0.00000000
 -0.01810000 -0.61620914E+02  0.97988449E+02      0.00000000      0.00000000
 -0.01800000 -0.46380287E+02  0.89360031E+02      0.00000000      0.00000000
 -0.01790000 -0.32119682E+02  0.82381035E+02      0.00000000      0.00000000
 -0.01780000 -0.18578911E+02  0.76676865E+02      0.00000000      0.00000000
 -0.01770000 -0.55651512E+01  0.72002945E+02      0.00000000      0.00000000
 -0.01760000  0.69168949E+01  0.68240974E+02      0.00000000      0.00000000
 -0.01750000  0.18844406E+02  0.65286613E+02      0.00000000      0.00000000
 -0.01740000  0.30586443E+02  0.62979183E+02      0.00000000      0.00000000
 -0.01730000  0.42094803E+02  0.61285748E+02      0.00000000      0.00000000
 -0.01720000  0.53405769E+02  0.60162460E+02      0.00000000      0.00000000
 -0.01710000  0.64503357E+02  0.59576416E+02      0.00000000      0.00000000
 -0.01700000  0.75470612E+02  0.59494068E+02      0.00000000      0.00000000
 -0.01690000  0.86569473E+02  0.59910694E+02      0.00000000      0.00000000
 -0.01680000  0.97773575E+02  0.60836700E+02      0.00000000      0.00000000
 -0.01670000  0.10880788E+03  0.62243813E+02      0.00000000      0.00000000
 -0.01660000  0.12040445E+03  0.64250275E+02      0.00000000      0.00000000
 -0.01650000  0.13231036E+03  0.66875153E+02      0.00000000      0.00000000
 -0.01640000  0.14476913E+03  0.70236145E+02      0.00000000      0.00000000
 -0.01630000  0.15753618E+03  0.74341980E+02      0.00000000      0.00000000
 -0.01620000  0.17104536E+03  0.79433151E+02      0.00000000      0.00000000
 -0.01610000  0.18503433E+03  0.85539185E+02      0.00000000      0.00000000
 -0.01600000  0.20023227E+03  0.93177704E+02      0.00000000      0.00000000
 -0.01590000  0.21632234E+03  0.10248434E+03      0.00000000      0.00000000
 -0.01580000  0.23343576E+03  0.11388278E+03      0.00000000      0.00000000
 -0.01570000  0.25140338E+03  0.12771824E+03      0.00000000      0.00000000
 -0.01560000  0.27035345E+03  0.14472813E+03      0.00000000      0.00000000
 -0.01550000  0.29036572E+03  0.16600519E+03      0.00000000      0.00000000
 -0.01540000  0.31129871E+03  0.19311443E+03      0.00000000      0.00000000
 -0.01530000  0.33191418E+03  0.22712328E+03      0.00000000      0.00000000
 -0.01520000  0.35103598E+03  0.27082263E+03      0.00000000      0.00000000
 -0.01510000  0.36535349E+03  0.32580780E+03      0.00000000      0.00000000
 -0.01500000  0.36989856E+03  0.39307596E+03      0.00000000      0.00000000
 -0.01490000  0.35707523E+03  0.47389581E+03      0.00000000      0.00000000
 -0.01480000  0.31623746E+03  0.56324121E+03      0.00000000      0.00000000
 -0.01470000  0.23759480E+03  0.64749884E+03      0.00000000      0.00000000
 -0.01460000  0.12184024E+03  0.70357642E+03      0.00000000      0.00000000
 -0.01450000 -0.13981979E+02  0.71041290E+03      0.00000000      0.00000000
 -0.01440000 -0.13579681E+03  0.66556281E+03      0.00000000      0.00000000
 -0.01430000 -0.22497124E+03  0.58549042E+03      0.00000000      0.00000000
 -0.01420000 -0.27474768E+03  0.49418451E+03      0.00000000      0.00000000
 -0.01410000 -0.29254849E+03  0.41164441E+03      0.00000000      0.00000000
 -0.01400000 -0.29071490E+03  0.34009601E+03      0.00000000      0.00000000
 -0.01390000 -0.27770975E+03  0.28320898E+03      0.00000000      0.00000000
 -0.01380000 -0.25904919E+03  0.23787737E+03      0.00000000      0.00000000
 -0.01370000 -0.23813924E+03  0.20228369E+03      0.00000000      0.00000000
 -0.01360000 -0.21693491E+03  0.17447037E+03      0.00000000      0.00000000
 -0.01350000 -0.19637476E+03  0.15263023E+03      0.00000000      0.00000000
 -0.01340000 -0.17628508E+03  0.13490578E+03      0.00000000      0.00000000
 -0.01330000 -0.15723792E+03  0.12075173E+03      0.00000000      0.00000000
 -0.01320000 -0.13900519E+03  0.10927171E+03      0.00000000      0.00000000
 -0.01310000 -0.12208115E+03  0.10022374E+03      0.00000000      0.00000000
 -0.01300000 -0.10591512E+03  0.92912315E+02      0.00000000      0.00000000
 -0.01290000 -0.90568970E+02  0.87106743E+02      0.00000000      0.00000000
 -0.01280000 -0.75781052E+02  0.82510330E+02      0.00000000      0.00000000
 -0.01270000 -0.61516693E+02  0.78980492E+02      0.00000000      0.00000000
 -0.01260000 -0.47445541E+02  0.76350586E+02      0.00000000      0.00000000
 -0.01250000 -0.33831451E+02  0.74599854E+02      0.00000000      0.00000000
 -0.01240000 -0.20308712E+02  0.73629082E+02      0.00000000      0.00000000
 -0.01230000 -0.70617752E+01  0.73414497E+02      0.00000000      0.00000000
 -0.01220000  0.63096046E+01  0.73943970E+02      0.00000000      0.00000000
 -0.01210000  0.19625931E+02  0.75216507E+02      0.00000000      0.00000000
 -0.01200000  0.33507561E+02  0.77342735E+02      0.00000000      0.00000000
 -0.01190000  0.47467724E+02  0.80311325E+02      0.00000000      0.00000000
 -0.01180000  0.61933411E+02  0.84286224E+02      0.00000000      0.00000000
 -0.01170000  0.76906448E+02  0.89388123E+02      0.00000000      0.00000000
 -0.01160000  0.92621750E+02  0.95862343E+02      0.00000000      0.00000000
 -0.01150000  0.10918026E+03  0.10399242E+03      0.00000000      0.00000000
 -0.01140000  0.12653249E+03  0.11405647E+03      0.00000000      0.00000000
 -0.01130000  0.14491547E+03  0.12662265E+03      0.00000000      0.00000000
 -0.01120000  0.16445566E+03  0.14242798E+03      0.00000000      0.00000000
 -0.01110000  0.18502910E+03  0.16234453E+03      0.00000000      0.00000000
 -0.01100000  0.20606906E+03  0.18718924E+03      0.00000000      0.00000000
 -0.01090000  0.22732936E+03  0.21890788E+03      0.00000000      0.00000000
 -0.01080000  0.24738806E+03  0.25931934E+03      0.00000000      0.00000000
 -0.01070000  0.26356094E+03  0.30983246E+03      0.00000000      0.00000000
 -0.01060000  0.27203177E+03  0.37463867E+03      0.00000000      0.00000000
 -0.01050000  0.26538858E+03  0.45206482E+03      0.00000000      0.00000000
 -0.01040000  0.23414076E+03  0.53996393E+03      0.00000000      0.00000000
 -0.01030000  0.16743454E+03  0.62849036E+03      0.00000000      0.00000000
 -0.01020000  0.60230839E+02  0.69736108E+03      0.00000000      0.00000000
 -0.01010000 -0.71866447E+02  0.72183105E+03      0.00000000      0.00000000
 -0.01000000 -0.20531250E+03  0.69236230E+03      0.00000000      0.00000000
 -0.00990000 -0.31087317E+03  0.61887354E+03      0.00000000      0.00000000
 -0.00980000 -0.37390088E+03  0.52931982E+03      0.00000000      0.00000000
 -0.00970000 -0.40295840E+03  0.44082309E+03      0.00000000      0.00000000
 -0.00960000 -0.40829425E+03  0.36319116E+03      0.00000000      0.00000000
 -0.00950000 -0.39958719E+03  0.29985794E+03      0.00000000      0.00000000
 -0.00940000 -0.38349600E+03  0.24890352E+03      0.00000000      0.00000000
 -0.00930000 -0.36411871E+03  0.20846960E+03      0.00000000      0.00000000
 -0.00920000 -0.34402637E+03  0.17674323E+03      0.00000000      0.00000000
 -0.00910000 -0.32448364E+03  0.15171863E+03      0.00000000      0.00000000
 -0.00900000 -0.30581866E+03  0.13155267E+03      0.00000000      0.00000000
 -0.00890000 -0.28852148E+03  0.11537025E+03      0.00000000      0.00000000
 -0.00880000 -0.27214713E+03  0.10187720E+03      0.00000000      0.00000000
 -0.00870000 -0.25683441E+03  0.90638077E+02      0.00000000      0.00000000
 -0.00860000 -0.24301521E+03  0.81505646E+02      0.00000000      0.00000000
 -0.00850000 -0.22996472E+03  0.73682144E+02      0.00000000      0.00000000
 -0.00840000 -0.21782567E+03  0.67050034E+02      0.00000000      0.00000000
 -0.00830000 -0.20661029E+03  0.61435799E+02      0.00000000      0.00000000
 -0.00820000 -0.19619830E+03  0.56644623E+02      0.00000000      0.00000000
 -0.00810000 -0.18617618E+03  0.52401779E+02      0.00000000      0.00000000
 -0.00800000 -0.17704056E+03  0.48827690E+02      0.00000000      0.00000000
 -0.00790000 -0.16842294E+03  0.45708431E+02      0.00000000      0.00000000
 -0.00780000 -0.16028757E+03  0.42985065E+02      0.00000000      0.00000000
 -0.00770000 -0.15249881E+03  0.40570724E+02      0.00000000      0.00000000
 -0.00760000 -0.14510300E+03  0.38452999E+02      0.00000000      0.00000000
 -0.00750000 -0.13787204E+03  0.36543579E+02      0.00000000      0.00000000
 -0.00740000 -0.13108820E+03  0.34893299E+02      0.00000000      0.00000000
 -0.00730000 -0.12456528E+03  0.33432861E+02      0.00000000      0.00000000
 -0.00720000 -0.11831261E+03  0.32149372E+02      0.00000000      0.00000000
 -0.00710000 -0.11229254E+03  0.31019960E+02      0.00000000      0.00000000
 -0.00700000 -0.10638045E+03  0.30014936E+02      0.00000000      0.00000000
 -0.00690000 -0.10068088E+03  0.29139524E+02      0.00000000      0.00000000
 -0.00680000 -0.95209648E+02  0.28382742E+02      0.00000000      0.00000000
 -0.00670000 -0.89882591E+02  0.27725931E+02      0.00000000      0.00000000
 -0.00660000 -0.84537331E+02  0.27149582E+02      0.00000000      0.00000000
 -0.00650000 -0.79288628E+02  0.26661930E+02      0.00000000      0.00000000
 -0.00640000 -0.74046967E+02  0.26252806E+02      0.00000000      0.00000000
 -0.00630000 -0.69011871E+02  0.25928997E+02      0.00000000      0.00000000
 -0.00620000 -0.63962563E+02  0.25674015E+02      0.00000000      0.00000000
 -0.00610000 -0.58955261E+02  0.25490376E+02      0.00000000      0.00000000
 -0.00600000 -0.53985413E+02  0.25375227E+02      0.00000000      0.00000000
 -0.00590000 -0.48975582E+02  0.25328609E+02      0.00000000      0.00000000
 -0.00580000 -0.44159679E+02  0.25335768E+02      0.00000000      0.00000000
 -0.00570000 -0.39168560E+02  0.25413654E+02      0.00000000      0.00000000
 -0.00560000 -0.34169121E+02  0.25559216E+02      0.00000000      0.00000000
 -0.00550000 -0.29187643E+02  0.25763031E+02      0.00000000      0.00000000
 -0.00540000 -0.24087021E+02  0.26038376E+02      0.00000000      0.00000000
 -0.00530000 -0.18933292E+02  0.26384199E+02      0.00000000      0.00000000
 -0.00520000 -0.13713676E+02  0.26798981E+02      0.00000000      0.00000000
 -0.00510000 -0.84324570E+01  0.27284863E+02      0.00000000      0.00000000
 -0.00500000 -0.30425987E+01  0.27844978E+02      0.00000000      0.00000000
 -0.00490000  0.25035686E+01  0.28492868E+02      0.00000000      0.00000000
 -0.00480000  0.81372509E+01  0.29221066E+02      0.00000000      0.00000000
 -0.00470000  0.13903645E+02  0.30034378E+02      0.00000000      0.00000000
 -0.00460000  0.19766579E+02  0.30931648E+02      0.00000000      0.00000000
 -0.00450000  0.25969282E+02  0.31965635E+02      0.00000000      0.00000000
 -0.00440000  0.32294411E+02  0.33093193E+02      0.00000000      0.00000000
 -0.00430000  0.38867722E+02  0.34346001E+02      0.00000000      0.00000000
 -0.00420000  0.45684502E+02  0.35736393E+02      0.00000000      0.00000000
 -0.00410000  0.52677101E+02  0.37241322E+02      0.00000000      0.00000000
 -0.00400000  0.59979465E+02  0.38906418E+02      0.00000000      0.00000000
 -0.00390000  0.67514618E+02  0.40715961E+02      0.00000000      0.00000000
 -0.00380000  0.75490265E+02  0.42730953E+02      0.00000000      0.00000000
 -0.00370000  0.83880829E+02  0.44970390E+02      0.00000000      0.00000000
 -0.00360000  0.92819519E+02  0.47489693E+02      0.00000000      0.00000000
 -0.00350000  0.10223013E+03  0.50267498E+02      0.00000000      0.00000000
 -0.00340000  0.11220483E+03  0.53343727E+02      0.00000000      0.00000000
 -0.00330000  0.12253239E+03  0.56661743E+02      0.00000000      0.00000000
 -0.00320000  0.13327283E+03  0.60227852E+02      0.00000000      0.00000000
 -0.00310000  0.14498439E+03  0.64332397E+02      0.00000000      0.00000000
 -0.00300000  0.15728085E+03  0.68821152E+02      0.00000000      0.00000000
 -0.00290000  0.17066927E+03  0.73934227E+02      0.00000000      0.00000000
 -0.00280000  0.18477704E+03  0.79533562E+02      0.00000000      0.00000000
 -0.00270000  0.20031126E+03  0.85993759E+02      0.00000000      0.00000000
 -0.00260000  0.21706201E+03  0.93271423E+02      0.00000000      0.00000000
 -0.00250000  0.23481180E+03  0.10120305E+03      0.00000000      0.00000000
 -0.00240000  0.25381805E+03  0.11003809E+03      0.00000000      0.00000000
 -0.00230000  0.27464679E+03  0.12013988E+03      0.00000000      0.00000000
 -0.00220000  0.29692999E+03  0.13131708E+03      0.00000000      0.00000000
 -0.00210000  0.32213156E+03  0.14466003E+03      0.00000000      0.00000000
 -0.00200000  0.34989728E+03  0.15990517E+03      0.00000000      0.00000000
 -0.00190000  0.37874893E+03  0.17602728E+03      0.00000000      0.00000000
 -0.00180000  0.41188287E+03  0.19553952E+03      0.00000000      0.00000000
 -0.00170000  0.44791528E+03  0.21733101E+03      0.00000000      0.00000000
 -0.00160000  0.48724985E+03  0.24166367E+03      0.00000000      0.00000000
 -0.00150000  0.53236017E+03  0.27085425E+03      0.00000000      0.00000000
 -0.00140000  0.58154224E+03  0.30261508E+03      0.00000000      0.00000000
 -0.00130000  0.63678113E+03  0.33860425E+03      0.00000000      0.00000000
 -0.00120000  0.69905212E+03  0.37975235E+03      0.00000000      0.00000000
 -0.00110000  0.77423669E+03  0.43063672E+03      0.00000000      0.00000000
 -0.00100000  0.86205347E+03  0.48996762E+03      0.00000000      0.00000000
 -0.00090000  0.96061145E+03  0.55032031E+03      0.00000000      0.00000000
 -0.00080000  0.10761414E+04  0.61317249E+03      0.00000000      0.00000000
 -0.00070000  0.12167267E+04  0.68096143E+03      0.00000000      0.00000000
 -0.00060000  0.13823384E+04  0.73406085E+03      0.00000000      0.00000000
 -0.00050000  0.16034550E+04  0.79522394E+03      0.00000000      0.00000000
 -0.00040000  0.18510277E+04  0.79044519E+03      0.00000000      0.00000000
 -0.00030000  0.21519749E+04  0.72254407E+03      0.00000000      0.00000000
 -0.00020000  0.24654077E+04  0.53566760E+03      0.00000000      0.00000000
 -0.00010000  0.27091355E+04  0.17901395E+03      0.00000000      0.00000000
  0.00000000  0.27446680E+04 -0.29866663E+03      0.00000000      0.00000000
  0.00010000  0.25175012E+04 -0.73401367E+03      0.00000000      0.00000000
  0.00020000  0.20980393E+04 -0.96199902E+03      0.00000000      0.00000000
  0.00030000  0.16981168E+04 -0.10240198E+04      0.00000000      0.00000000
  0.00040000  0.13836638E+04 -0.10136757E+04      0.00000000      0.00000000
  0.00050000  0.11191132E+04 -0.92037372E+03      0.00000000      0.00000000
  0.00060000  0.91637280E+03 -0.81323035E+03      0.00000000      0.00000000
  0.00070000  0.75955530E+03 -0.70565796E+03      0.00000000      0.00000000
  0.00080000  0.63734314E+03 -0.60766589E+03      0.00000000      0.00000000
  0.00090000  0.53729004E+03 -0.51581128E+03      0.00000000      0.00000000
  0.00100000  0.45756818E+03 -0.44463290E+03      0.00000000      0.00000000
  0.00110000  0.39043555E+03 -0.38003809E+03      0.00000000      0.00000000
  0.00120000  0.33489484E+03 -0.32691785E+03      0.00000000      0.00000000
  0.00130000  0.28675430E+03 -0.28116589E+03      0.00000000      0.00000000
  0.00140000  0.24590796E+03 -0.24351758E+03      0.00000000      0.00000000
  0.00150000  0.20953304E+03 -0.20935068E+03      0.00000000      0.00000000
  0.00160000  0.17841589E+03 -0.18123705E+03      0.00000000      0.00000000
  0.00170000  0.15092227E+03 -0.15713391E+03      0.00000000      0.00000000
  0.00180000  0.12744284E+03 -0.13736107E+03      0.00000000      0.00000000
  0.00190000  0.10660800E+03 -0.12025620E+03      0.00000000      0.00000000
  0.00200000  0.87914963E+02 -0.10525516E+03      0.00000000      0.00000000
  0.00210000  0.71319473E+02 -0.92354942E+02      0.00000000      0.00000000
  0.00220000  0.57010208E+02 -0.81642937E+02      0.00000000      0.00000000
  0.00230000  0.44142593E+02 -0.72292366E+02      0.00000000      0.00000000
  0.00240000  0.32593277E+02 -0.64064957E+02      0.00000000      0.00000000
  0.00250000  0.22247177E+02 -0.56884151E+02      0.00000000      0.00000000
  0.00260000  0.13024490E+02 -0.50661652E+02      0.00000000      0.00000000
  0.00270000  0.47364349E+01 -0.45189728E+02      0.00000000      0.00000000
  0.00280000 -0.27068253E+01 -0.40390644E+02      0.00000000      0.00000000
  0.00290000 -0.94285583E+01 -0.36151443E+02      0.00000000      0.00000000
  0.00300000 -0.15498009E+02 -0.32400917E+02      0.00000000      0.00000000
  0.00310000 -0.20968430E+02 -0.29086735E+02      0.00000000      0.00000000
  0.00320000 -0.25869381E+02 -0.26170210E+02      0.00000000      0.00000000
  0.00330000 -0.30336071E+02 -0.23553413E+02      0.00000000      0.00000000
  0.00340000 -0.34357712E+02 -0.21238747E+02      0.00000000      0.00000000
  0.00350000 -0.37962807E+02 -0.19195133E+02      0.00000000      0.00000000
  0.00360000 -0.41268185E+02 -0.17344643E+02      0.00000000      0.00000000
  0.00370000 -0.44235641E+02 -0.15702929E+02      0.00000000      0.00000000
  0.00380000 -0.46949219E+02 -0.14217215E+02      0.00000000      0.00000000
  0.00390000 -0.49428574E+02 -0.12872663E+02      0.00000000      0.00000000
  0.00400000 -0.51629223E+02 -0.11686794E+02      0.00000000      0.00000000
  0.00410000 -0.53670731E+02 -0.10595865E+02      0.00000000      0.00000000
  0.00420000 -0.55555702E+02 -0.95943413E+01      0.00000000      0.00000000
  0.00430000 -0.57247276E+02 -0.86995497E+01      0.00000000      0.00000000
  0.00440000 -0.58772556E+02 -0.78934984E+01      0.00000000      0.00000000
  0.00450000 -0.60152626E+02 -0.71645546E+01      0.00000000      0.00000000
  0.00460000 -0.61398487E+02 -0.65066013E+01      0.00000000      0.00000000
  0.00470000 -0.62544533E+02 -0.58995342E+01      0.00000000      0.00000000
  0.00480000 -0.63573898E+02 -0.53490086E+01      0.00000000      0.00000000
  0.00490000 -0.64507393E+02 -0.48481293E+01      0.00000000      0.00000000
  0.00500000 -0.65345886E+02 -0.43938293E+01      0.00000000      0.00000000
  0.00510000 -0.66133636E+02 -0.39673862E+01      0.00000000      0.00000000
  0.00520000 -0.66845291E+02 -0.35792761E+01      0.00000000      0.00000000
  0.00530000 -0.67469894E+02 -0.32288465E+01      0.00000000      0.00000000
  0.00540000 -0.68034630E+02 -0.29068899E+01      0.00000000      0.00000000
  0.00550000 -0.68542427E+02 -0.26127729E+01      0.00000000      0.00000000
  0.00560000 -0.68995651E+02 -0.23434248E+01      0.00000000      0.00000000
  0.00570000 -0.69391365E+02 -0.20988846E+01      0.00000000      0.00000000
  0.00580000 -0.69758583E+02 -0.18719759E+01      0.00000000      0.00000000
  0.00590000 -0.70087341E+02 -0.16619101E+01      0.00000000      0.00000000
  0.00600000 -0.70371490E+02 -0.14704752E+01      0.00000000      0.00000000
  0.00610000 -0.70619591E+02 -0.12962179E+01      0.00000000      0.00000000
  0.00620000 -0.70839371E+02 -0.11366138E+01      0.00000000      0.00000000
  0.00630000 -0.71029465E+02 -0.99057102E+00      0.00000000      0.00000000
  0.00640000 -0.71191025E+02 -0.85820389E+00      0.00000000      0.00000000
  0.00650000 -0.71327316E+02 -0.73739338E+00      0.00000000      0.00000000
  0.00660000 -0.71457893E+02 -0.62530899E+00      0.00000000      0.00000000
  0.00670000 -0.71552452E+02 -0.52475452E+00      0.00000000      0.00000000
  0.00680000 -0.71634293E+02 -0.43413544E+00      0.00000000      0.00000000
  0.00690000 -0.71699776E+02 -0.35209942E+00      0.00000000      0.00000000
  0.00700000 -0.71749100E+02 -0.27858925E+00      0.00000000      0.00000000
  0.00710000 -0.71779266E+02 -0.21453381E+00      0.00000000      0.00000000
  0.00720000 -0.71800293E+02 -0.15878296E+00      0.00000000      0.00000000
  0.00730000 -0.71811295E+02 -0.10996628E+00      0.00000000      0.00000000
  0.00740000 -0.71820038E+02 -0.68336487E-01      0.00000000      0.00000000
  0.00750000 -0.71811905E+02 -0.35465240E-01      0.00000000      0.00000000
  0.00760000 -0.71804611E+02 -0.10051727E-01      0.00000000      0.00000000
  0.00770000 -0.71791573E+02  0.74043274E-02      0.00000000      0.00000000
  0.00780000 -0.71773033E+02  0.16817093E-01      0.00000000      0.00000000
  0.00790000 -0.71755447E+02  0.17501831E-01      0.00000000      0.00000000
  0.00800000 -0.71734444E+02  0.88653564E-02      0.00000000      0.00000000
  0.00810000 -0.71710869E+02 -0.96416473E-02      0.00000000      0.00000000
  0.00820000 -0.71695862E+02 -0.39638519E-01      0.00000000      0.00000000
  0.00830000 -0.71688370E+02 -0.82645416E-01      0.00000000      0.00000000
  0.00840000 -0.71686996E+02 -0.14080811E+00      0.00000000      0.00000000
  0.00850000 -0.71684006E+02 -0.21550369E+00      0.00000000      0.00000000
  0.00860000 -0.71688705E+02 -0.31035614E+00      0.00000000      0.00000000
  0.00870000 -0.71712967E+02 -0.43072128E+00      0.00000000      0.00000000
  0.00880000 -0.71750931E+02 -0.58256531E+00      0.00000000      0.00000000
  0.00890000 -0.71801697E+02 -0.76995850E+00      0.00000000      0.00000000
  0.00900000 -0.71864433E+02 -0.10055618E+01      0.00000000      0.00000000
  0.00910000 -0.71936356E+02 -0.12972870E+01      0.00000000      0.00000000
  0.00920000 -0.72022308E+02 -0.16665497E+01      0.00000000      0.00000000
  0.00930000 -0.72125397E+02 -0.21508713E+01      0.00000000      0.00000000
  0.00940000 -0.72199860E+02 -0.27508163E+01      0.00000000      0.00000000
  0.00950000 -0.72235275E+02 -0.35249634E+01      0.00000000      0.00000000
  0.00960000 -0.72147186E+02 -0.45048218E+01      0.00000000      0.00000000
  0.00970000 -0.71842041E+02 -0.56644287E+01      0.00000000      0.00000000
  0.00980000 -0.71184174E+02 -0.70172424E+01      0.00000000      0.00000000
  0.00990000 -0.69970367E+02 -0.84237366E+01      0.00000000      0.00000000
