 -0.03000000  0.12423157E+03  0.91234112E+01      0.00000000      0.00000000
 -0.02990000  0.12607365E+03  0.94723244E+01      0.00000000      0.00000000
 -0.02980000  0.12797186E+03  0.98408756E+01      0.00000000      0.00000000
 -0.02970000  0.12993178E+03  0.10231163E+02      0.00000000      0.00000000
 -0.02960000  0.13198323E+03  0.10650333E+02      0.00000000      0.00000000
 -0.02950000  0.13408231E+03  0.11090693E+02      0.00000000      0.00000000
 -0.02940000  0.13634299E+03  0.11577906E+02      0.00000000      0.00000000
 -0.02930000  0.13863332E+03  0.12085495E+02      0.00000000      0.00000000
 -0.02920000  0.14103725E+03  0.12633616E+02      0.00000000      0.00000000
 -0.02910000  0.14354861E+03  0.13223008E+02      0.00000000      0.00000000
 -0.02900000  0.14620030E+03  0.13864269E+02      0.00000000      0.00000000
 -0.02890000  0.14890160E+03  0.14537891E+02      0.00000000      0.00000000
 -0.02880000  0.15175876E+03  0.15272839E+02      0.00000000      0.00000000
 -0.02870000  0.15479820E+03  0.16080246E+02      0.00000000      0.00000000
 -0.02860000  0.15801111E+03  0.16962940E+02      0.00000000      0.00000000
 -0.02850000  0.16135324E+03  0.17913460E+02      0.00000000      0.00000000
 -0.02840000  0.16487782E+03  0.18952000E+02      0.00000000      0.00000000
 -0.02830000  0.16859825E+03  0.20088955E+02      0.00000000      0.00000000
 -0.02820000  0.17254706E+03  0.21342472E+02      0.00000000      0.00000000
 -0.02810000  0.17665454E+03  0.22697983E+02      0.00000000      0.00000000
 -0.02800000  0.18109140E+03  0.24222446E+02      0.00000000      0.00000000
 -0.02790000  0.18579263E+03  0.25907448E+02      0.00000000      0.00000000
 -0.02780000  0.19077234E+03  0.27771915E+02      0.00000000      0.00000000
 -0.02770000  0.19615697E+03  0.29882145E+02      0.00000000      0.00000000
 -0.02760000  0.20185249E+03  0.32223404E+02      0.00000000      0.00000000
 -0.02750000  0.20792639E+03  0.34847183E+02      0.00000000      0.00000000
 -0.02740000  0.21467068E+03  0.37917900E+02      0.00000000      0.00000000
 -0.02730000  0.22178450E+03  0.41343330E+02      0.00000000      0.00000000
 -0.02720000  0.22948770E+03  0.45275436E+02      0.00000000      0.00000000
 -0.02710000  0.23781805E+03  0.49800316E+02      0.00000000      0.00000000
 -0.02700000  0.24688269E+03  0.55061302E+02      0.00000000      0.00000000
 -0.02690000  0.25667462E+03  0.61162125E+02      0.00000000      0.00000000
 -0.02680000  0.26729779E+03  0.68304108E+02      0.00000000      0.00000000
 -0.02670000  0.27883728E+03  0.76729866E+02      0.00000000      0.00000000
 -0.02660000  0.29149979E+03  0.86853561E+02      0.00000000      0.00000000
 -0.02650000  0.30511914E+03  0.98892693E+02      0.00000000      0.00000000
 -0.02640000  0.32004504E+03  0.11367094E+03      0.00000000      0.00000000
 -0.02630000  0.33605911E+03  0.13173972E+03      0.00000000      0.00000000
 -0.02620000  0.35315445E+03  0.15426163E+03      0.00000000      0.00000000
 -0.02610000  0.37101208E+03  0.18277751E+03      0.00000000      0.00000000
 -0.02600000  0.38844006E+03  0.21860895E+03      0.00000000      0.00000000
 -0.02590000  0.40360822E+03  0.26350934E+03      0.00000000      0.00000000
 -0.02580000  0.41350067E+03  0.32011447E+03      0.00000000      0.00000000
 -0.02570000  0.41256659E+03  0.39034357E+03      0.00000000      0.00000000
 -0.02560000  0.39201697E+03  0.47377679E+03      0.00000000      0.00000000
 -0.02550000  0.34239822E+03  0.56149524E+03      0.00000000      0.00000000
 -0.02540000  0.25445050E+03  0.64091504E+03      0.00000000      0.00000000
 -0.02530000  0.13067097E+03  0.68831744E+03      0.00000000      0.00000000
 -0.02520000 -0.86541901E+01  0.68352686E+03      0.00000000      0.00000000
 -0.02510000 -0.12684821E+03  0.62917963E+03      0.00000000      0.00000000
 -0.02500000 -0.20830292E+03  0.54645789E+03      0.00000000      0.00000000
 -0.02490000 -0.25213069E+03  0.45860797E+03      0.00000000      0.00000000
 -0.02480000 -0.26826831E+03  0.37820792E+03      0.00000000      0.00000000
 -0.02470000 -0.26671771E+03  0.30994226E+03      0.00000000      0.00000000
 -0.02460000 -0.25547244E+03  0.25571449E+03      0.00000000      0.00000000
 -0.02450000 -0.23943800E+03  0.21232080E+03      0.00000000      0.00000000
 -0.02440000 -0.22162012E+03  0.17801785E+03      0.00000000      0.00000000
 -0.02430000 -0.20380170E+03  0.15104674E+03      0.00000000      0.00000000
 -0.02420000 -0.18674020E+03  0.12960638E+03      0.00000000      0.00000000
 -0.02410000 -0.17052606E+03  0.11213766E+03      0.00000000      0.00000000
 -0.02400000 -0.15533972E+03  0.97817108E+02      0.00000000      0.00000000
 -0.02390000 -0.14142343E+03  0.86148720E+02      0.00000000      0.00000000
 -0.02380000 -0.12835451E+03  0.76297485E+02      0.00000000      0.00000000
 -0.02370000 -0.11658902E+03  0.68253387E+02      0.00000000      0.00000000
 -0.02360000 -0.10594434E+03  0.61594116E+02      0.00000000      0.00000000
 -0.02350000 -0.95940140E+02  0.55836842E+02      0.00000000      0.00000000
 -0.02340000 -0.86682213E+02  0.50918533E+02      0.00000000      0.00000000
 -0.02330000 -0.78053192E+02  0.46673500E+02      0.00000000      0.00000000
 -0.02320000 -0.70044067E+02  0.43015709E+02      0.00000000      0.00000000
 -0.02310000 -0.62560352E+02  0.39836697E+02      0.00000000      0.00000000
 -0.02300000 -0.55558044E+02  0.37065704E+02      0.00000000      0.00000000
 -0.02290000 -0.48963634E+02  0.34632774E+02      0.00000000      0.00000000
 -0.02280000 -0.42679626E+02  0.32471367E+02      0.00000000      0.00000000
 -0.02270000 -0.36775764E+02  0.30578976E+02      0.00000000      0.00000000
 -0.02260000 -0.31236513E+02  0.28923409E+02      0.00000000      0.00000000
 -0.02250000 -0.25885365E+02  0.27433922E+02      0.00000000      0.00000000
 -0.02240000 -0.20829807E+02  0.26125090E+02      0.00000000      0.00000000
 -0.02230000 -0.15952105E+02  0.24953381E+02      0.00000000      0.00000000
 -0.02220000 -0.11314724E+02  0.23920790E+02      0.00000000      0.00000000
 -0.02210000 -0.68388653E+01  0.23000141E+02      0.00000000      0.00000000
 -0.02200000 -0.24880428E+01  0.22176445E+02      0.00000000      0.00000000
 -0.02190000  0.16853962E+01  0.21452011E+02      0.00000000      0.00000000
 -0.02180000  0.58190784E+01  0.20798141E+02      0.00000000      0.00000000
 -0.02170000  0.97961159E+01  0.20228504E+02      0.00000000      0.00000000
 -0.02160000  0.13683575E+02  0.19728491E+02      0.00000000      0.00000000
 -0.02150000  0.17483543E+02  0.19293352E+02      0.00000000      0.00000000
 -0.02140000  0.21233944E+02  0.18915648E+02      0.00000000      0.00000000
 -0.02130000  0.24876759E+02  0.18598499E+02      0.00000000      0.00000000
 -0.02120000  0.28442526E+02  0.18335054E+02      0.00000000      0.00000000
 -0.02110000  0.32003891E+02  0.18118025E+02      0.00000000      0.00000000
 -0.02100000  0.35478554E+02  0.17950825E+02      0.00000000      0.00000000
 -0.02090000  0.39003422E+02  0.17825577E+02      0.00000000      0.00000000
 -0.02080000  0.42492287E+02  0.17745731E+02      0.00000000      0.00000000
 -0.02070000  0.45951073E+02  0.17709490E+02      0.00000000      0.00000000
 -0.02060000  0.49420837E+02  0.17715612E+02      0.00000000      0.00000000
 -0.02050000  0.52932175E+02  0.17765045E+02      0.00000000      0.00000000
 -0.02040000  0.56447170E+02  0.17857578E+02      0.00000000      0.00000000
 -0.02030000  0.59944538E+02  0.17991909E+02      0.00000000      0.00000000
 -0.02020000  0.63502087E+02  0.18171795E+02      0.00000000      0.00000000
 -0.02010000  0.67067184E+02  0.18395260E+02      0.00000000      0.00000000
 -0.02000000  0.70715813E+02  0.18668404E+02      0.00000000      0.00000000
 -0.01990000  0.74363258E+02  0.18985903E+02      0.00000000      0.00000000
 -0.01980000  0.78116348E+02  0.19357918E+02      0.00000000      0.00000000
 -0.01970000  0.81901703E+02  0.19780346E+02      0.00000000      0.00000000
 -0.01960000  0.85741669E+02  0.20256546E+02      0.00000000      0.00000000
 -0.01950000  0.89738678E+02  0.20803425E+02      0.00000000      0.00000000
 -0.01940000  0.93838501E+02  0.21416424E+02      0.00000000      0.00000000
 -0.01930000  0.98048439E+02  0.22102827E+02      0.00000000      0.00000000
 -0.01920000  0.10238141E+03  0.22867142E+02      0.00000000      0.00000000
 -0.01910000  0.10687540E+03  0.23722794E+02      0.00000000      0.00000000
 -0.01900000  0.11160840E+03  0.24693146E+02      0.00000000      0.00000000
 -0.01890000  0.11646687E+03  0.25762455E+02      0.00000000      0.00000000
 -0.01880000  0.12147517E+03  0.26942331E+02      0.00000000      0.00000000
 -0.01870000  0.12679231E+03  0.28282207E+02      0.00000000      0.00000000
 -0.01860000  0.13231601E+03  0.29768946E+02      0.00000000      0.00000000
 -0.01850000  0.13809460E+03  0.31429413E+02      0.00000000      0.00000000
 -0.01840000  0.14419833E+03  0.33300537E+02      0.00000000      0.00000000
 -0.01830000  0.15060818E+03  0.35396408E+02      0.00000000      0.00000000
 -0.01820000  0.15742894E+03  0.37776711E+02      0.00000000      0.00000000
 -0.01810000  0.16458884E+03  0.40445141E+02      0.00000000      0.00000000
 -0.01800000  0.17234641E+03  0.43536896E+02      0.00000000      0.00000000
 -0.01790000  0.18049011E+03  0.47012581E+02      0.00000000      0.00000000
 -0.01780000  0.18920795E+03  0.51004799E+02      0.00000000      0.00000000
 -0.01770000  0.19858661E+03  0.55622276E+02      0.00000000      0.00000000
 -0.01760000  0.20856802E+03  0.60919960E+02      0.00000000      0.00000000
 -0.01750000  0.21939990E+03  0.67142601E+02      0.00000000      0.00000000
 -0.01740000  0.23130725E+03  0.74589554E+02      0.00000000      0.00000000
 -0.01730000  0.24412955E+03  0.83373322E+02      0.00000000      0.00000000
 -0.01720000  0.25813779E+03  0.93972939E+02      0.00000000      0.00000000
 -0.01710000  0.27340918E+03  0.10686160E+03      0.00000000      0.00000000
 -0.01700000  0.28976279E+03  0.12245271E+03      0.00000000      0.00000000
 -0.01690000  0.30713535E+03  0.14147391E+03      0.00000000      0.00000000
 -0.01680000  0.32560065E+03  0.16525967E+03      0.00000000      0.00000000
 -0.01670000  0.34438837E+03  0.19479497E+03      0.00000000      0.00000000
 -0.01660000  0.36264603E+03  0.23196883E+03      0.00000000      0.00000000
 -0.01650000  0.37854877E+03  0.27922687E+03      0.00000000      0.00000000
 -0.01640000  0.38850931E+03  0.33930200E+03      0.00000000      0.00000000
 -0.01630000  0.38624658E+03  0.41272437E+03      0.00000000      0.00000000
 -0.01620000  0.36278607E+03  0.49845889E+03      0.00000000      0.00000000
 -0.01610000  0.30654544E+03  0.58953680E+03      0.00000000      0.00000000
 -0.01600000  0.21170531E+03  0.66655920E+03      0.00000000      0.00000000
 -0.01590000  0.83626434E+02  0.70696301E+03      0.00000000      0.00000000
 -0.01580000 -0.51211723E+02  0.69464539E+03      0.00000000      0.00000000
 -0.01570000 -0.16674606E+03  0.63411780E+03      0.00000000      0.00000000
 -0.01560000 -0.24306500E+03  0.54824677E+03      0.00000000      0.00000000
 -0.01550000 -0.28225751E+03  0.45884912E+03      0.00000000      0.00000000
 -0.01540000 -0.29428784E+03  0.37914420E+03      0.00000000      0.00000000
 -0.01530000 -0.28977167E+03  0.31279233E+03      0.00000000      0.00000000
 -0.01520000 -0.27602301E+03  0.25886658E+03      0.00000000      0.00000000
 -0.01510000 -0.25832745E+03  0.21708554E+03      0.00000000      0.00000000
 -0.01500000 -0.23907390E+03  0.18394650E+03      0.00000000      0.00000000
 -0.01490000 -0.21982341E+03  0.15776208E+03      0.00000000      0.00000000
 -0.01480000 -0.20111423E+03  0.13671700E+03      0.00000000      0.00000000
 -0.01470000 -0.18329979E+03  0.11971295E+03      0.00000000      0.00000000
 -0.01460000 -0.16668797E+03  0.10602769E+03      0.00000000      0.00000000
 -0.01450000 -0.15082976E+03  0.94615311E+02      0.00000000      0.00000000
 -0.01440000 -0.13634477E+03  0.85458191E+02      0.00000000      0.00000000
 -0.01430000 -0.12272296E+03  0.77858208E+02      0.00000000      0.00000000
 -0.01420000 -0.11006621E+03  0.71617691E+02      0.00000000      0.00000000
 -0.01410000 -0.98045464E+02  0.66376549E+02      0.00000000      0.00000000
 -0.01400000 -0.86568146E+02  0.61991154E+02      0.00000000      0.00000000
 -0.01390000 -0.75622955E+02  0.58344971E+02      0.00000000      0.00000000
 -0.01380000 -0.65297737E+02  0.55383064E+02      0.00000000      0.00000000
 -0.01370000 -0.55436844E+02  0.52979706E+02      0.00000000      0.00000000
 -0.01360000 -0.45937168E+02  0.51053101E+02      0.00000000      0.00000000
 -0.01350000 -0.36683971E+02  0.49546684E+02      0.00000000      0.00000000
 -0.01340000 -0.27607208E+02  0.48419930E+02      0.00000000      0.00000000
 -0.01330000 -0.18617962E+02  0.47640999E+02      0.00000000      0.00000000
 -0.01320000 -0.97235966E+01  0.47207973E+02      0.00000000      0.00000000
 -0.01310000 -0.77335739E+00  0.47107651E+02      0.00000000      0.00000000
 -0.01300000  0.80987720E+01  0.47339516E+02      0.00000000      0.00000000
 -0.01290000  0.17031349E+02  0.47908905E+02      0.00000000      0.00000000
 -0.01280000  0.26077824E+02  0.48830376E+02      0.00000000      0.00000000
 -0.01270000  0.35239117E+02  0.50119156E+02      0.00000000      0.00000000
 -0.01260000  0.44800957E+02  0.51841377E+02      0.00000000      0.00000000
 -0.01250000  0.54512932E+02  0.53977036E+02      0.00000000      0.00000000
 -0.01240000  0.64593620E+02  0.56621117E+02      0.00000000      0.00000000
 -0.01230000  0.75116348E+02  0.59838562E+02      0.00000000      0.00000000
 -0.01220000  0.86075584E+02  0.63707527E+02      0.00000000      0.00000000
 -0.01210000  0.97474121E+02  0.68291924E+02      0.00000000      0.00000000
 -0.01200000  0.10977946E+03  0.73905106E+02      0.00000000      0.00000000
 -0.01190000  0.12305427E+03  0.80767029E+02      0.00000000      0.00000000
 -0.01180000  0.13694373E+03  0.88883232E+02      0.00000000      0.00000000
 -0.01170000  0.15196530E+03  0.98833572E+02      0.00000000      0.00000000
 -0.01160000  0.16773984E+03  0.11072772E+03      0.00000000      0.00000000
 -0.01150000  0.18512350E+03  0.12576720E+03      0.00000000      0.00000000
 -0.01140000  0.20361610E+03  0.14443109E+03      0.00000000      0.00000000
 -0.01130000  0.22262595E+03  0.16721332E+03      0.00000000      0.00000000
 -0.01120000  0.24234711E+03  0.19618826E+03      0.00000000      0.00000000
 -0.01110000  0.26134134E+03  0.23230780E+03      0.00000000      0.00000000
 -0.01100000  0.27815833E+03  0.27828214E+03      0.00000000      0.00000000
 -0.01090000  0.28935437E+03  0.33594385E+03      0.00000000      0.00000000
 -0.01080000  0.28927615E+03  0.40845639E+03      0.00000000      0.00000000
 -0.01070000  0.26908716E+03  0.49299091E+03      0.00000000      0.00000000
 -0.01060000  0.21731026E+03  0.58448767E+03      0.00000000      0.00000000
 -0.01050000  0.12510576E+03  0.66585620E+03      0.00000000      0.00000000
 -0.01040000 -0.59058380E+00  0.71156342E+03      0.00000000      0.00000000
 -0.01030000 -0.13986760E+03  0.70471497E+03      0.00000000      0.00000000
 -0.01020000 -0.25916815E+03  0.64796790E+03      0.00000000      0.00000000
 -0.01010000 -0.34049707E+03  0.56321362E+03      0.00000000      0.00000000
 -0.01000000 -0.38474307E+03  0.47087659E+03      0.00000000      0.00000000
 -0.00990000 -0.39955280E+03  0.38918817E+03      0.00000000      0.00000000
 -0.00980000 -0.39682056E+03  0.32006348E+03      0.00000000      0.00000000
 -0.00970000 -0.38437085E+03  0.26448984E+03      0.00000000      0.00000000
 -0.00960000 -0.36730542E+03  0.22042050E+03      0.00000000      0.00000000
 -0.00950000 -0.34833307E+03  0.18517972E+03      0.00000000      0.00000000
 -0.00940000 -0.32941718E+03  0.15744229E+03      0.00000000      0.00000000
 -0.00930000 -0.31129025E+03  0.13532668E+03      0.00000000      0.00000000
 -0.00920000 -0.29405716E+03  0.11727640E+03      0.00000000      0.00000000
 -0.00910000 -0.27805420E+03  0.10257984E+03      0.00000000      0.00000000
 -0.00900000 -0.26327560E+03  0.90492538E+02      0.00000000      0.00000000
 -0.00890000 -0.24973238E+03  0.80508957E+02      0.00000000      0.00000000
 -0.00880000 -0.23745349E+03  0.72265945E+02      0.00000000      0.00000000
 -0.00870000 -0.22598700E+03  0.65202446E+02      0.00000000      0.00000000
 -0.00860000 -0.21524524E+03  0.59103989E+02      0.00000000      0.00000000
 -0.00850000 -0.20539107E+03  0.53923717E+02      0.00000000      0.00000000
 -0.00840000 -0.19623668E+03  0.49449982E+02      0.00000000      0.00000000
 -0.00830000 -0.18775055E+03  0.45580647E+02      0.00000000      0.00000000
 -0.00820000 -0.17982916E+03  0.42201851E+02      0.00000000      0.00000000
 -0.00810000 -0.17230898E+03  0.39194477E+02      0.00000000      0.00000000
 -0.00800000 -0.16535051E+03  0.36582222E+02      0.00000000      0.00000000
 -0.00790000 -0.15881583E+03  0.34273552E+02      0.00000000      0.00000000
 -0.00780000 -0.15260229E+03  0.32205196E+02      0.00000000      0.00000000
 -0.00770000 -0.14669185E+03  0.30352108E+02      0.00000000      0.00000000
 -0.00760000 -0.14108081E+03  0.28693562E+02      0.00000000      0.00000000
 -0.00750000 -0.13572818E+03  0.27202461E+02      0.00000000      0.00000000
 -0.00740000 -0.13068985E+03  0.25878433E+02      0.00000000      0.00000000
 -0.00730000 -0.12588632E+03  0.24688305E+02      0.00000000      0.00000000
 -0.00720000 -0.12124162E+03  0.23603073E+02      0.00000000      0.00000000
 -0.00710000 -0.11678524E+03  0.22623238E+02      0.00000000      0.00000000
 -0.00700000 -0.11252082E+03  0.21740532E+02      0.00000000      0.00000000
 -0.00690000 -0.10833850E+03  0.20928379E+02      0.00000000      0.00000000
 -0.00680000 -0.10431087E+03  0.20195576E+02      0.00000000      0.00000000
 -0.00670000 -0.10044468E+03  0.19537674E+02      0.00000000      0.00000000
 -0.00660000 -0.96722519E+02  0.18946671E+02      0.00000000      0.00000000
 -0.00650000 -0.93090645E+02  0.18410172E+02      0.00000000      0.00000000
 -0.00640000 -0.89571426E+02  0.17929018E+02      0.00000000      0.00000000
 -0.00630000 -0.86101372E+02  0.17491652E+02      0.00000000      0.00000000
 -0.00620000 -0.82755302E+02  0.17104198E+02      0.00000000      0.00000000
 -0.00610000 -0.79451843E+02  0.16755989E+02      0.00000000      0.00000000
 -0.00600000 -0.76158974E+02  0.16442486E+02      0.00000000      0.00000000
 -0.00590000 -0.72957031E+02  0.16170277E+02      0.00000000      0.00000000
 -0.00580000 -0.69761185E+02  0.15931080E+02      0.00000000      0.00000000
 -0.00570000 -0.66656219E+02  0.15730265E+02      0.00000000      0.00000000
 -0.00560000 -0.63542542E+02  0.15559992E+02      0.00000000      0.00000000
 -0.00550000 -0.60485214E+02  0.15422773E+02      0.00000000      0.00000000
 -0.00540000 -0.57474174E+02  0.15317687E+02      0.00000000      0.00000000
 -0.00530000 -0.54471771E+02  0.15242863E+02      0.00000000      0.00000000
 -0.00520000 -0.51484375E+02  0.15198279E+02      0.00000000      0.00000000
 -0.00510000 -0.48515053E+02  0.15183383E+02      0.00000000      0.00000000
 -0.00500000 -0.45566006E+02  0.15198081E+02      0.00000000      0.00000000
 -0.00490000 -0.42568020E+02  0.15243283E+02      0.00000000      0.00000000
 -0.00480000 -0.39590580E+02  0.15318201E+02      0.00000000      0.00000000
 -0.00470000 -0.36549435E+02  0.15426218E+02      0.00000000      0.00000000
 -0.00460000 -0.33499424E+02  0.15566427E+02      0.00000000      0.00000000
 -0.00450000 -0.30408722E+02  0.15741743E+02      0.00000000      0.00000000
 -0.00440000 -0.27275772E+02  0.15953198E+02      0.00000000      0.00000000
 -0.00430000 -0.24158291E+02  0.16197170E+02      0.00000000      0.00000000
 -0.00420000 -0.20890896E+02  0.16489761E+02      0.00000000      0.00000000
 -0.00410000 -0.17661224E+02  0.16815451E+02      0.00000000      0.00000000
 -0.00400000 -0.14306320E+02  0.17192289E+02      0.00000000      0.00000000
 -0.00390000 -0.10916382E+02  0.17613266E+02      0.00000000      0.00000000
 -0.00380000 -0.74892197E+01  0.18079502E+02      0.00000000      0.00000000
 -0.00370000 -0.38824539E+01  0.18615059E+02      0.00000000      0.00000000
 -0.00360000 -0.18132782E+00  0.19211863E+02      0.00000000      0.00000000
 -0.00350000  0.36030807E+01  0.19871513E+02      0.00000000      0.00000000
 -0.00340000  0.75483627E+01  0.20612740E+02      0.00000000      0.00000000
 -0.00330000  0.11593605E+02  0.21429270E+02      0.00000000      0.00000000
 -0.00320000  0.15781036E+02  0.22334991E+02      0.00000000      0.00000000
 -0.00310000  0.20148895E+02  0.23344816E+02      0.00000000      0.00000000
 -0.00300000  0.24672050E+02  0.24461363E+02      0.00000000      0.00000000
 -0.00290000  0.29422623E+02  0.25711533E+02      0.00000000      0.00000000
 -0.00280000  0.34467766E+02  0.27126503E+02      0.00000000      0.00000000
 -0.00270000  0.39719604E+02  0.28694979E+02      0.00000000      0.00000000
 -0.00260000  0.45286110E+02  0.30465256E+02      0.00000000      0.00000000
 -0.00250000  0.51203896E+02  0.32469582E+02      0.00000000      0.00000000
 -0.00240000  0.57335892E+02  0.34680420E+02      0.00000000      0.00000000
 -0.00230000  0.64014198E+02  0.37246506E+02      0.00000000      0.00000000
 -0.00220000  0.71149681E+02  0.40172825E+02      0.00000000      0.00000000
 -0.00210000  0.78721359E+02  0.43491455E+02      0.00000000      0.00000000
 -0.00200000  0.86844208E+02  0.47302299E+02      0.00000000      0.00000000
 -0.00190000  0.95491524E+02  0.51652264E+02      0.00000000      0.00000000
 -0.00180000  0.10481406E+03  0.56693913E+02      0.00000000      0.00000000
 -0.00170000  0.11494566E+03  0.62606594E+02      0.00000000      0.00000000
 -0.00160000  0.12593544E+03  0.69558456E+02      0.00000000      0.00000000
 -0.00150000  0.13784175E+03  0.77766281E+02      0.00000000      0.00000000
 -0.00140000  0.15097287E+03  0.87705223E+02      0.00000000      0.00000000
 -0.00130000  0.16490405E+03  0.99376450E+02      0.00000000      0.00000000
 -0.00120000  0.18029306E+03  0.11380574E+03      0.00000000      0.00000000
 -0.00110000  0.19695087E+03  0.13157562E+03      0.00000000      0.00000000
 -0.00100000  0.21482870E+03  0.15376117E+03      0.00000000      0.00000000
 -0.00090000  0.23333099E+03  0.18132224E+03      0.00000000      0.00000000
 -0.00080000  0.25176321E+03  0.21595181E+03      0.00000000      0.00000000
 -0.00070000  0.26872775E+03  0.26002618E+03      0.00000000      0.00000000
 -0.00060000  0.28113058E+03  0.31504608E+03      0.00000000      0.00000000
 -0.00050000  0.28426593E+03  0.38403259E+03      0.00000000      0.00000000
 -0.00040000  0.27021014E+03  0.46640509E+03      0.00000000      0.00000000
 -0.00030000  0.22807228E+03  0.55855737E+03      0.00000000      0.00000000
 -0.00020000  0.14837616E+03  0.64620227E+03      0.00000000      0.00000000
 -0.00010000  0.29942207E+02  0.70761182E+03      0.00000000      0.00000000
  0.00000000 -0.11107837E+03  0.72049585E+03      0.00000000      0.00000000
  0.00010000 -0.24479059E+03  0.67829187E+03      0.00000000      0.00000000
  0.00020000 -0.34309760E+03  0.59863824E+03      0.00000000      0.00000000
  0.00030000 -0.40135080E+03  0.50520728E+03      0.00000000      0.00000000
  0.00040000 -0.42627991E+03  0.41649554E+03      0.00000000      0.00000000
  0.00050000 -0.42928903E+03  0.34175964E+03      0.00000000      0.00000000
  0.00060000 -0.42010748E+03  0.28106424E+03      0.00000000      0.00000000
  0.00070000 -0.40498007E+03  0.23317522E+03      0.00000000      0.00000000
  0.00080000 -0.38706262E+03  0.19464255E+03      0.00000000      0.00000000
  0.00090000 -0.36882343E+03  0.16445999E+03      0.00000000      0.00000000
  0.00100000 -0.35105112E+03  0.14030699E+03      0.00000000      0.00000000
  0.00110000 -0.33405698E+03  0.12062016E+03      0.00000000      0.00000000
  0.00120000 -0.31824197E+03  0.10461494E+03      0.00000000      0.00000000
  0.00130000 -0.30375555E+03  0.91566727E+02      0.00000000      0.00000000
  0.00140000 -0.29044104E+03  0.80743408E+02      0.00000000      0.00000000
  0.00150000 -0.27819885E+03  0.71669121E+02      0.00000000      0.00000000
  0.00160000 -0.26706345E+03  0.64078880E+02      0.00000000      0.00000000
  0.00170000 -0.25667584E+03  0.57523445E+02      0.00000000      0.00000000
  0.00180000 -0.24728140E+03  0.52004028E+02      0.00000000      0.00000000
  0.00190000 -0.23875517E+03  0.47312767E+02      0.00000000      0.00000000
  0.00200000 -0.23072180E+03  0.43156593E+02      0.00000000      0.00000000
  0.00210000 -0.22342876E+03  0.39596630E+02      0.00000000      0.00000000
  0.00220000 -0.21654836E+03  0.36416897E+02      0.00000000      0.00000000
  0.00230000 -0.21016812E+03  0.33618832E+02      0.00000000      0.00000000
  0.00240000 -0.20420744E+03  0.31132072E+02      0.00000000      0.00000000
  0.00250000 -0.19871640E+03  0.28947254E+02      0.00000000      0.00000000
  0.00260000 -0.19350690E+03  0.26966465E+02      0.00000000      0.00000000
  0.00270000 -0.18850793E+03  0.25147678E+02      0.00000000      0.00000000
  0.00280000 -0.18392343E+03  0.23549360E+02      0.00000000      0.00000000
  0.00290000 -0.17961780E+03  0.22107647E+02      0.00000000      0.00000000
  0.00300000 -0.17555365E+03  0.20798851E+02      0.00000000      0.00000000
  0.00310000 -0.17172717E+03  0.19612106E+02      0.00000000      0.00000000
  0.00320000 -0.16805153E+03  0.18512880E+02      0.00000000      0.00000000
  0.00330000 -0.16461163E+03  0.17520021E+02      0.00000000      0.00000000
  0.00340000 -0.16133508E+03  0.16606075E+02      0.00000000      0.00000000
  0.00350000 -0.15823021E+03  0.15768271E+02      0.00000000      0.00000000
  0.00360000 -0.15523689E+03  0.14986208E+02      0.00000000      0.00000000
  0.00370000 -0.15241858E+03  0.14272735E+02      0.00000000      0.00000000
  0.00380000 -0.14972629E+03  0.13611588E+02      0.00000000      0.00000000
  0.00390000 -0.14714056E+03  0.12995116E+02      0.00000000      0.00000000
  0.00400000 -0.14467038E+03  0.12423094E+02      0.00000000      0.00000000
  0.00410000 -0.14229491E+03  0.11888349E+02      0.00000000      0.00000000
  0.00420000 -0.14001880E+03  0.11389931E+02      0.00000000      0.00000000
  0.00430000 -0.13786484E+03  0.10930777E+02      0.00000000      0.00000000
  0.00440000 -0.13575479E+03  0.10492600E+02      0.00000000      0.00000000
  0.00450000 -0.13375113E+03  0.10087124E+02      0.00000000      0.00000000
  0.00460000 -0.13181674E+03  0.97053576E+01      0.00000000      0.00000000
  0.00470000 -0.12995261E+03  0.93463783E+01      0.00000000      0.00000000
  0.00480000 -0.12815950E+03  0.90092564E+01      0.00000000      0.00000000
  0.00490000 -0.12641905E+03  0.86896706E+01      0.00000000      0.00000000
  0.00500000 -0.12472616E+03  0.83859310E+01      0.00000000      0.00000000
  0.00510000 -0.12311299E+03  0.81029673E+01      0.00000000      0.00000000
  0.00520000 -0.12153273E+03  0.78318772E+01      0.00000000      0.00000000
  0.00530000 -0.12001910E+03  0.75778589E+01      0.00000000      0.00000000
  0.00540000 -0.11854175E+03  0.73351455E+01      0.00000000      0.00000000
  0.00550000 -0.11711224E+03  0.71051517E+01      0.00000000      0.00000000
  0.00560000 -0.11573746E+03  0.68885255E+01      0.00000000      0.00000000
  0.00570000 -0.11437450E+03  0.66780143E+01      0.00000000      0.00000000
  0.00580000 -0.11308849E+03  0.64833498E+01      0.00000000      0.00000000
  0.00590000 -0.11182737E+03  0.62961254E+01      0.00000000      0.00000000
  0.00600000 -0.11059959E+03  0.61172843E+01      0.00000000      0.00000000
  0.00610000 -0.10941067E+03  0.59473524E+01      0.00000000      0.00000000
  0.00620000 -0.10824831E+03  0.57842526E+01      0.00000000      0.00000000
  0.00630000 -0.10711699E+03  0.56283512E+01      0.00000000      0.00000000
  0.00640000 -0.10600956E+03  0.54784713E+01      0.00000000      0.00000000
  0.00650000 -0.10493471E+03  0.53355384E+01      0.00000000      0.00000000
  0.00660000 -0.10389462E+03  0.51996322E+01      0.00000000      0.00000000
  0.00670000 -0.10289491E+03  0.50712171E+01      0.00000000      0.00000000
  0.00680000 -0.10190618E+03  0.49462585E+01      0.00000000      0.00000000
  0.00690000 -0.10093759E+03  0.48258696E+01      0.00000000      0.00000000
  0.00700000 -0.99990700E+02  0.47100658E+01      0.00000000      0.00000000
  0.00710000 -0.99070503E+02  0.45993013E+01      0.00000000      0.00000000
  0.00720000 -0.98166565E+02  0.44922104E+01      0.00000000      0.00000000
  0.00730000 -0.97282104E+02  0.43890390E+01      0.00000000      0.00000000
  0.00740000 -0.96420647E+02  0.42900906E+01      0.00000000      0.00000000
  0.00750000 -0.95570053E+02  0.41938486E+01      0.00000000      0.00000000
  0.00760000 -0.94746643E+02  0.41020756E+01      0.00000000      0.00000000
  0.00770000 -0.93944847E+02  0.40140295E+01      0.00000000      0.00000000
  0.00780000 -0.93165329E+02  0.39296570E+01      0.00000000      0.00000000
  0.00790000 -0.92394707E+02  0.38473997E+01      0.00000000      0.00000000
  0.00800000 -0.91630768E+02  0.37670078E+01      0.00000000      0.00000000
  0.00810000 -0.90900101E+02  0.36911774E+01      0.00000000      0.00000000
  0.00820000 -0.90168228E+02  0.36162529E+01      0.00000000      0.00000000
  0.00830000 -0.89457779E+02  0.35444984E+01      0.00000000      0.00000000
  0.00840000 -0.88762810E+02  0.34752388E+01      0.00000000      0.00000000
  0.00850000 -0.88065445E+02  0.34066296E+01      0.00000000      0.00000000
  0.00860000 -0.87395462E+02  0.33416080E+01      0.00000000      0.00000000
  0.00870000 -0.86732948E+02  0.32781105E+01      0.00000000      0.00000000
  0.00880000 -0.86084808E+02  0.32167854E+01      0.00000000      0.00000000
  0.00890000 -0.85454811E+02  0.31579361E+01      0.00000000      0.00000000
  0.00900000 -0.84834015E+02  0.31006470E+01      0.00000000      0.00000000
  0.00910000 -0.84219299E+02  0.30445938E+01      0.00000000      0.00000000
  0.00920000 -0.83619598E+02  0.29905701E+01      0.00000000      0.00000000
  0.00930000 -0.83029686E+02  0.29380646E+01      0.00000000      0.00000000
  0.00940000 -0.82450813E+02  0.28871536E+01      0.00000000      0.00000000
  0.00950000 -0.81886429E+02  0.28380814E+01      0.00000000      0.00000000
  0.00960000 -0.81324631E+02  0.27897720E+01      0.00000000      0.00000000
  0.00970000 -0.80776077E+02  0.27431488E+01      0.00000000      0.00000000
  0.00980000 -0.80233353E+02  0.26975555E+01      0.00000000      0.00000000
  0.00990000 -0.79701355E+02  0.26533356E+01      0.00000000      0.00000000
