 -0.03000000  0.69104568E+02  0.18059371E+01      0.00000000      0.00000000
 -0.02990000  0.69465607E+02  0.18241293E+01      0.00000000      0.00000000
 -0.02980000  0.69830124E+02  0.18425918E+01      0.00000000      0.00000000
 -0.02970000  0.70199348E+02  0.18613832E+01      0.00000000      0.00000000
 -0.02960000  0.70574356E+02  0.18805699E+01      0.00000000      0.00000000
 -0.02950000  0.70955330E+02  0.19001670E+01      0.00000000      0.00000000
 -0.02940000  0.71335289E+02  0.19198056E+01      0.00000000      0.00000000
 -0.02930000  0.71721069E+02  0.19398655E+01      0.00000000      0.00000000
 -0.02920000  0.72113564E+02  0.19603736E+01      0.00000000      0.00000000
 -0.02910000  0.72504181E+02  0.19808886E+01      0.00000000      0.00000000
 -0.02900000  0.72901718E+02  0.20018811E+01      0.00000000      0.00000000
 -0.02890000  0.73296402E+02  0.20228252E+01      0.00000000      0.00000000
 -0.02880000  0.73702103E+02  0.20444815E+01      0.00000000      0.00000000
 -0.02870000  0.74114532E+02  0.20666142E+01      0.00000000      0.00000000
 -0.02860000  0.74525162E+02  0.20887625E+01      0.00000000      0.00000000
 -0.02850000  0.74935577E+02  0.21110203E+01      0.00000000      0.00000000
 -0.02840000  0.75363350E+02  0.21343536E+01      0.00000000      0.00000000
 -0.02830000  0.75802177E+02  0.21584177E+01      0.00000000      0.00000000
 -0.02820000  0.76233192E+02  0.21821764E+01      0.00000000      0.00000000
 -0.02810000  0.76674278E+02  0.22066441E+01      0.00000000      0.00000000
 -0.02800000  0.77113953E+02  0.22311730E+01      0.00000000      0.00000000
 -0.02790000  0.77566521E+02  0.22565522E+01      0.00000000      0.00000000
 -0.02780000  0.78022682E+02  0.22822900E+01      0.00000000      0.00000000
 -0.02770000  0.78483200E+02  0.23084164E+01      0.00000000      0.00000000
 -0.02760000  0.78945221E+02  0.23347783E+01      0.00000000      0.00000000
 -0.02750000  0.79412064E+02  0.23615832E+01      0.00000000      0.00000000
 -0.02740000  0.79893082E+02  0.23893561E+01      0.00000000      0.00000000
 -0.02730000  0.80369415E+02  0.24170256E+01      0.00000000      0.00000000
 -0.02720000  0.80856201E+02  0.24454772E+01      0.00000000      0.00000000
 -0.02710000  0.81348694E+02  0.24744329E+01      0.00000000      0.00000000
 -0.02700000  0.81842010E+02  0.25035939E+01      0.00000000      0.00000000
 -0.02690000  0.82339874E+02  0.25331988E+01      0.00000000      0.00000000
 -0.02680000  0.82849831E+02  0.25637150E+01      0.00000000      0.00000000
 -0.02670000  0.83370049E+02  0.25950408E+01      0.00000000      0.00000000
 -0.02660000  0.83892288E+02  0.26266866E+01      0.00000000      0.00000000
 -0.02650000  0.84415070E+02  0.26585631E+01      0.00000000      0.00000000
 -0.02640000  0.84945335E+02  0.26911011E+01      0.00000000      0.00000000
 -0.02630000  0.85489502E+02  0.27246780E+01      0.00000000      0.00000000
 -0.02620000  0.86029922E+02  0.27582521E+01      0.00000000      0.00000000
 -0.02610000  0.86587944E+02  0.27931466E+01      0.00000000      0.00000000
 -0.02600000  0.87150223E+02  0.28285232E+01      0.00000000      0.00000000
 -0.02590000  0.87711693E+02  0.28640814E+01      0.00000000      0.00000000
 -0.02580000  0.88289017E+02  0.29008665E+01      0.00000000      0.00000000
 -0.02570000  0.88868912E+02  0.29380727E+01      0.00000000      0.00000000
 -0.02560000  0.89457199E+02  0.29760535E+01      0.00000000      0.00000000
 -0.02550000  0.90054550E+02  0.30149016E+01      0.00000000      0.00000000
 -0.02540000  0.90666588E+02  0.30549676E+01      0.00000000      0.00000000
 -0.02530000  0.91274643E+02  0.30950334E+01      0.00000000      0.00000000
 -0.02520000  0.91893402E+02  0.31360712E+01      0.00000000      0.00000000
 -0.02510000  0.92531403E+02  0.31787035E+01      0.00000000      0.00000000
 -0.02500000  0.93176414E+02  0.32220988E+01      0.00000000      0.00000000
 -0.02490000  0.93817627E+02  0.32655206E+01      0.00000000      0.00000000
 -0.02480000  0.94477371E+02  0.33105371E+01      0.00000000      0.00000000
 -0.02470000  0.95139969E+02  0.33560448E+01      0.00000000      0.00000000
 -0.02460000  0.95806190E+02  0.34021413E+01      0.00000000      0.00000000
 -0.02450000  0.96495811E+02  0.34501929E+01      0.00000000      0.00000000
 -0.02440000  0.97192932E+02  0.34991088E+01      0.00000000      0.00000000
 -0.02430000  0.97896652E+02  0.35488842E+01      0.00000000      0.00000000
 -0.02420000  0.98609474E+02  0.35996456E+01      0.00000000      0.00000000
 -0.02410000  0.99337097E+02  0.36518595E+01      0.00000000      0.00000000
 -0.02400000  0.10006992E+03  0.37048650E+01      0.00000000      0.00000000
 -0.02390000  0.10080444E+03  0.37583508E+01      0.00000000      0.00000000
 -0.02380000  0.10156225E+03  0.38139708E+01      0.00000000      0.00000000
 -0.02370000  0.10233326E+03  0.38709962E+01      0.00000000      0.00000000
 -0.02360000  0.10309480E+03  0.39277463E+01      0.00000000      0.00000000
 -0.02350000  0.10388393E+03  0.39870408E+01      0.00000000      0.00000000
 -0.02340000  0.10468968E+03  0.40480518E+01      0.00000000      0.00000000
 -0.02330000  0.10549655E+03  0.41095924E+01      0.00000000      0.00000000
 -0.02320000  0.10631360E+03  0.41724305E+01      0.00000000      0.00000000
 -0.02310000  0.10717419E+03  0.42391748E+01      0.00000000      0.00000000
 -0.02300000  0.10801230E+03  0.43047075E+01      0.00000000      0.00000000
 -0.02290000  0.10887428E+03  0.43726473E+01      0.00000000      0.00000000
 -0.02280000  0.10975344E+03  0.44425225E+01      0.00000000      0.00000000
 -0.02270000  0.11065250E+03  0.45145860E+01      0.00000000      0.00000000
 -0.02260000  0.11156344E+03  0.45882268E+01      0.00000000      0.00000000
 -0.02250000  0.11247905E+03  0.46628566E+01      0.00000000      0.00000000
 -0.02240000  0.11342198E+03  0.47403998E+01      0.00000000      0.00000000
 -0.02230000  0.11437012E+03  0.48190460E+01      0.00000000      0.00000000
 -0.02220000  0.11534663E+03  0.49007807E+01      0.00000000      0.00000000
 -0.02210000  0.11631094E+03  0.49821949E+01      0.00000000      0.00000000
 -0.02200000  0.11730898E+03  0.50671854E+01      0.00000000      0.00000000
 -0.02190000  0.11833209E+03  0.51551142E+01      0.00000000      0.00000000
 -0.02180000  0.11936727E+03  0.52448988E+01      0.00000000      0.00000000
 -0.02170000  0.12042601E+03  0.53375850E+01      0.00000000      0.00000000
 -0.02160000  0.12149871E+03  0.54323940E+01      0.00000000      0.00000000
 -0.02150000  0.12260474E+03  0.55310860E+01      0.00000000      0.00000000
 -0.02140000  0.12371552E+03  0.56311522E+01      0.00000000      0.00000000
 -0.02130000  0.12485295E+03  0.57345853E+01      0.00000000      0.00000000
 -0.02120000  0.12599412E+03  0.58394022E+01      0.00000000      0.00000000
 -0.02110000  0.12716722E+03  0.59482017E+01      0.00000000      0.00000000
 -0.02100000  0.12836391E+03  0.60602875E+01      0.00000000      0.00000000
 -0.02090000  0.12958273E+03  0.61756449E+01      0.00000000      0.00000000
 -0.02080000  0.13081390E+03  0.62933712E+01      0.00000000      0.00000000
 -0.02070000  0.13208148E+03  0.64157743E+01      0.00000000      0.00000000
 -0.02060000  0.13338150E+03  0.65427074E+01      0.00000000      0.00000000
 -0.02050000  0.13469943E+03  0.66726880E+01      0.00000000      0.00000000
 -0.02040000  0.13602510E+03  0.68048220E+01      0.00000000      0.00000000
 -0.02030000  0.13737529E+03  0.69408679E+01      0.00000000      0.00000000
 -0.02020000  0.13878784E+03  0.70847788E+01      0.00000000      0.00000000
 -0.02010000  0.14021251E+03  0.72315922E+01      0.00000000      0.00000000
 -0.02000000  0.14166577E+03  0.73830042E+01      0.00000000      0.00000000
 -0.01990000  0.14314471E+03  0.75388808E+01      0.00000000      0.00000000
 -0.01980000  0.14466425E+03  0.77008643E+01      0.00000000      0.00000000
 -0.01970000  0.14621393E+03  0.78680382E+01      0.00000000      0.00000000
 -0.01960000  0.14779697E+03  0.80407887E+01      0.00000000      0.00000000
 -0.01950000  0.14943118E+03  0.82213526E+01      0.00000000      0.00000000
 -0.01940000  0.15110098E+03  0.84081249E+01      0.00000000      0.00000000
 -0.01930000  0.15279913E+03  0.86004562E+01      0.00000000      0.00000000
 -0.01920000  0.15452316E+03  0.87981606E+01      0.00000000      0.00000000
 -0.01910000  0.15627930E+03  0.90020828E+01      0.00000000      0.00000000
 -0.01900000  0.15806786E+03  0.92124462E+01      0.00000000      0.00000000
 -0.01890000  0.15993039E+03  0.94344397E+01      0.00000000      0.00000000
 -0.01880000  0.16183762E+03  0.96647501E+01      0.00000000      0.00000000
 -0.01870000  0.16377783E+03  0.99022112E+01      0.00000000      0.00000000
 -0.01860000  0.16574875E+03  0.10146832E+02      0.00000000      0.00000000
 -0.01850000  0.16781555E+03  0.10406930E+02      0.00000000      0.00000000
 -0.01840000  0.16990277E+03  0.10673331E+02      0.00000000      0.00000000
 -0.01830000  0.17205067E+03  0.10951466E+02      0.00000000      0.00000000
 -0.01820000  0.17422714E+03  0.11237398E+02      0.00000000      0.00000000
 -0.01810000  0.17648598E+03  0.11538606E+02      0.00000000      0.00000000
 -0.01800000  0.17883231E+03  0.11856295E+02      0.00000000      0.00000000
 -0.01790000  0.18119333E+03  0.12180899E+02      0.00000000      0.00000000
 -0.01780000  0.18361555E+03  0.12519176E+02      0.00000000      0.00000000
 -0.01770000  0.18614250E+03  0.12877737E+02      0.00000000      0.00000000
 -0.01760000  0.18875333E+03  0.13254266E+02      0.00000000      0.00000000
 -0.01750000  0.19139438E+03  0.13641468E+02      0.00000000      0.00000000
 -0.01740000  0.19414374E+03  0.14051521E+02      0.00000000      0.00000000
 -0.01730000  0.19694943E+03  0.14477213E+02      0.00000000      0.00000000
 -0.01720000  0.19984433E+03  0.14924145E+02      0.00000000      0.00000000
 -0.01710000  0.20283858E+03  0.15394812E+02      0.00000000      0.00000000
 -0.01700000  0.20591867E+03  0.15887915E+02      0.00000000      0.00000000
 -0.01690000  0.20909711E+03  0.16406277E+02      0.00000000      0.00000000
 -0.01680000  0.21242477E+03  0.16959503E+02      0.00000000      0.00000000
 -0.01670000  0.21583786E+03  0.17538179E+02      0.00000000      0.00000000
 -0.01660000  0.21930130E+03  0.18137320E+02      0.00000000      0.00000000
 -0.01650000  0.22292093E+03  0.18776337E+02      0.00000000      0.00000000
 -0.01640000  0.22669702E+03  0.19456951E+02      0.00000000      0.00000000
 -0.01630000  0.23059818E+03  0.20175327E+02      0.00000000      0.00000000
 -0.01620000  0.23465552E+03  0.20939255E+02      0.00000000      0.00000000
 -0.01610000  0.23883502E+03  0.21744358E+02      0.00000000      0.00000000
 -0.01600000  0.24317896E+03  0.22600628E+02      0.00000000      0.00000000
 -0.01590000  0.24768758E+03  0.23510973E+02      0.00000000      0.00000000
 -0.01580000  0.25236989E+03  0.24479809E+02      0.00000000      0.00000000
 -0.01570000  0.25730396E+03  0.25526804E+02      0.00000000      0.00000000
 -0.01560000  0.26240701E+03  0.26638433E+02      0.00000000      0.00000000
 -0.01550000  0.26770676E+03  0.27824202E+02      0.00000000      0.00000000
 -0.01540000  0.27324939E+03  0.29099216E+02      0.00000000      0.00000000
 -0.01530000  0.27902228E+03  0.30465973E+02      0.00000000      0.00000000
 -0.01520000  0.28502759E+03  0.31930214E+02      0.00000000      0.00000000
 -0.01510000  0.29127917E+03  0.33501575E+02      0.00000000      0.00000000
 -0.01500000  0.29793488E+03  0.35227768E+02      0.00000000      0.00000000
 -0.01490000  0.30481818E+03  0.37073277E+02      0.00000000      0.00000000
 -0.01480000  0.31213004E+03  0.39101593E+02      0.00000000      0.00000000
 -0.01470000  0.31978018E+03  0.41301155E+02      0.00000000      0.00000000
 -0.01460000  0.32790808E+03  0.43726662E+02      0.00000000      0.00000000
 -0.01450000  0.33640106E+03  0.46359970E+02      0.00000000      0.00000000
 -0.01440000  0.34541992E+03  0.49272240E+02      0.00000000      0.00000000
 -0.01430000  0.35490097E+03  0.52466328E+02      0.00000000      0.00000000
 -0.01420000  0.36525439E+03  0.56115292E+02      0.00000000      0.00000000
 -0.01410000  0.37609003E+03  0.60122158E+02      0.00000000      0.00000000
 -0.01400000  0.38767197E+03  0.64625267E+02      0.00000000      0.00000000
 -0.01390000  0.40014386E+03  0.69739502E+02      0.00000000      0.00000000
 -0.01380000  0.41339252E+03  0.75493439E+02      0.00000000      0.00000000
 -0.01370000  0.42747595E+03  0.81991653E+02      0.00000000      0.00000000
 -0.01360000  0.44278207E+03  0.89530220E+02      0.00000000      0.00000000
 -0.01350000  0.45912003E+03  0.98164078E+02      0.00000000      0.00000000
 -0.01340000  0.47640149E+03  0.10801305E+03      0.00000000      0.00000000
 -0.01330000  0.49541898E+03  0.11977913E+03      0.00000000      0.00000000
 -0.01320000  0.51616718E+03  0.13385544E+03      0.00000000      0.00000000
 -0.01310000  0.53843439E+03  0.15060912E+03      0.00000000      0.00000000
 -0.01300000  0.56232874E+03  0.17080743E+03      0.00000000      0.00000000
 -0.01290000  0.58757306E+03  0.19519049E+03      0.00000000      0.00000000
 -0.01280000  0.61405920E+03  0.22512535E+03      0.00000000      0.00000000
 -0.01270000  0.64132922E+03  0.26247467E+03      0.00000000      0.00000000
 -0.01260000  0.66784082E+03  0.30913141E+03      0.00000000      0.00000000
 -0.01250000  0.69126709E+03  0.36822693E+03      0.00000000      0.00000000
 -0.01240000  0.70637079E+03  0.44110745E+03      0.00000000      0.00000000
 -0.01230000  0.70565637E+03  0.52871387E+03      0.00000000      0.00000000
 -0.01220000  0.67888293E+03  0.62586780E+03      0.00000000      0.00000000
 -0.01210000  0.61494031E+03  0.72251782E+03      0.00000000      0.00000000
 -0.01200000  0.51392737E+03  0.79395923E+03      0.00000000      0.00000000
 -0.01190000  0.38931961E+03  0.81939056E+03      0.00000000      0.00000000
 -0.01180000  0.27470752E+03  0.79180127E+03      0.00000000      0.00000000
 -0.01170000  0.19391582E+03  0.72740686E+03      0.00000000      0.00000000
 -0.01160000  0.15468098E+03  0.64970679E+03      0.00000000      0.00000000
 -0.01150000  0.15157837E+03  0.58028119E+03      0.00000000      0.00000000
 -0.01140000  0.17246808E+03  0.52750629E+03      0.00000000      0.00000000
 -0.01130000  0.20789648E+03  0.49371161E+03      0.00000000      0.00000000
 -0.01120000  0.25147772E+03  0.47872546E+03      0.00000000      0.00000000
 -0.01110000  0.29835635E+03  0.48210120E+03      0.00000000      0.00000000
 -0.01100000  0.34560843E+03  0.50402429E+03      0.00000000      0.00000000
 -0.01090000  0.38959528E+03  0.54565924E+03      0.00000000      0.00000000
 -0.01080000  0.42405426E+03  0.60735480E+03      0.00000000      0.00000000
 -0.01070000  0.44133932E+03  0.68927930E+03      0.00000000      0.00000000
 -0.01060000  0.43054944E+03  0.78667377E+03      0.00000000      0.00000000
 -0.01050000  0.38105798E+03  0.88643396E+03      0.00000000      0.00000000
 -0.01040000  0.29140421E+03  0.96601660E+03      0.00000000      0.00000000
 -0.01030000  0.17913354E+03  0.10028815E+04      0.00000000      0.00000000
 -0.01020000  0.77624001E+02  0.99370905E+03      0.00000000      0.00000000
 -0.01010000  0.85204124E+01  0.95917651E+03      0.00000000      0.00000000
 -0.01000000 -0.27220678E+02  0.92482928E+03      0.00000000      0.00000000
 -0.00990000 -0.40397488E+02  0.91245471E+03      0.00000000      0.00000000
 -0.00980000 -0.51833481E+02  0.93014020E+03      0.00000000      0.00000000
 -0.00970000 -0.83527695E+02  0.97394684E+03      0.00000000      0.00000000
 -0.00960000 -0.15330952E+03  0.10270481E+04      0.00000000      0.00000000
 -0.00950000 -0.27012650E+03  0.10619845E+04      0.00000000      0.00000000
 -0.00940000 -0.41446964E+03  0.10469651E+04      0.00000000      0.00000000
 -0.00930000 -0.55055115E+03  0.97232373E+03      0.00000000      0.00000000
 -0.00920000 -0.64608002E+03  0.85859387E+03      0.00000000      0.00000000
 -0.00910000 -0.69565247E+03  0.73324817E+03      0.00000000      0.00000000
 -0.00900000 -0.70801263E+03  0.61444342E+03      0.00000000      0.00000000
 -0.00890000 -0.69526892E+03  0.51173016E+03      0.00000000      0.00000000
 -0.00880000 -0.66898267E+03  0.42927893E+03      0.00000000      0.00000000
 -0.00870000 -0.63641113E+03  0.36315097E+03      0.00000000      0.00000000
 -0.00860000 -0.60136865E+03  0.30978174E+03      0.00000000      0.00000000
 -0.00850000 -0.56676715E+03  0.26730344E+03      0.00000000      0.00000000
 -0.00840000 -0.53317731E+03  0.23264687E+03      0.00000000      0.00000000
 -0.00830000 -0.50156018E+03  0.20450056E+03      0.00000000      0.00000000
 -0.00820000 -0.47214578E+03  0.18145856E+03      0.00000000      0.00000000
 -0.00810000 -0.44437033E+03  0.16207413E+03      0.00000000      0.00000000
 -0.00800000 -0.41929065E+03  0.14630367E+03      0.00000000      0.00000000
 -0.00790000 -0.39564819E+03  0.13280521E+03      0.00000000      0.00000000
 -0.00780000 -0.37375537E+03  0.12138238E+03      0.00000000      0.00000000
 -0.00770000 -0.35315302E+03  0.11152378E+03      0.00000000      0.00000000
 -0.00760000 -0.33380469E+03  0.10301370E+03      0.00000000      0.00000000
 -0.00750000 -0.31595578E+03  0.95769989E+02      0.00000000      0.00000000
 -0.00740000 -0.29895761E+03  0.89404152E+02      0.00000000      0.00000000
 -0.00730000 -0.28298245E+03  0.83874008E+02      0.00000000      0.00000000
 -0.00720000 -0.26755661E+03  0.78948578E+02      0.00000000      0.00000000
 -0.00710000 -0.25349915E+03  0.74785507E+02      0.00000000      0.00000000
 -0.00700000 -0.23982700E+03  0.71048164E+02      0.00000000      0.00000000
 -0.00690000 -0.22694884E+03  0.67800812E+02      0.00000000      0.00000000
 -0.00680000 -0.21433104E+03  0.64891647E+02      0.00000000      0.00000000
 -0.00670000 -0.20203195E+03  0.62309849E+02      0.00000000      0.00000000
 -0.00660000 -0.19031570E+03  0.60064957E+02      0.00000000      0.00000000
 -0.00650000 -0.17895747E+03  0.58104435E+02      0.00000000      0.00000000
 -0.00640000 -0.16800032E+03  0.56397064E+02      0.00000000      0.00000000
 -0.00630000 -0.15731842E+03  0.54924751E+02      0.00000000      0.00000000
 -0.00620000 -0.14678284E+03  0.53666954E+02      0.00000000      0.00000000
 -0.00610000 -0.13644687E+03  0.52608299E+02      0.00000000      0.00000000
 -0.00600000 -0.12624142E+03  0.51732609E+02      0.00000000      0.00000000
 -0.00590000 -0.11613519E+03  0.51027832E+02      0.00000000      0.00000000
 -0.00580000 -0.10636874E+03  0.50492950E+02      0.00000000      0.00000000
 -0.00570000 -0.96558861E+02  0.50117310E+02      0.00000000      0.00000000
 -0.00560000 -0.86903809E+02  0.49886261E+02      0.00000000      0.00000000
 -0.00550000 -0.77409256E+02  0.49804375E+02      0.00000000      0.00000000
 -0.00540000 -0.67646660E+02  0.49891209E+02      0.00000000      0.00000000
 -0.00530000 -0.57801052E+02  0.50131813E+02      0.00000000      0.00000000
 -0.00520000 -0.48009644E+02  0.50502411E+02      0.00000000      0.00000000
 -0.00510000 -0.38053352E+02  0.51047367E+02      0.00000000      0.00000000
 -0.00500000 -0.28058880E+02  0.51727551E+02      0.00000000      0.00000000
 -0.00490000 -0.17984035E+02  0.52563721E+02      0.00000000      0.00000000
 -0.00480000 -0.77533979E+01  0.53562424E+02      0.00000000      0.00000000
 -0.00470000  0.26939640E+01  0.54727676E+02      0.00000000      0.00000000
 -0.00460000  0.13687531E+02  0.56153965E+02      0.00000000      0.00000000
 -0.00450000  0.25065165E+02  0.57808273E+02      0.00000000      0.00000000
 -0.00440000  0.36157681E+02  0.59514114E+02      0.00000000      0.00000000
 -0.00430000  0.48021351E+02  0.61548271E+02      0.00000000      0.00000000
 -0.00420000  0.60109489E+02  0.63774544E+02      0.00000000      0.00000000
 -0.00410000  0.72681847E+02  0.66269882E+02      0.00000000      0.00000000
 -0.00400000  0.85927032E+02  0.69117691E+02      0.00000000      0.00000000
 -0.00390000  0.99964546E+02  0.72347763E+02      0.00000000      0.00000000
 -0.00380000  0.11420982E+03  0.75811096E+02      0.00000000      0.00000000
 -0.00370000  0.12918086E+03  0.79661667E+02      0.00000000      0.00000000
 -0.00360000  0.14538194E+03  0.84101440E+02      0.00000000      0.00000000
 -0.00350000  0.16096426E+03  0.88404266E+02      0.00000000      0.00000000
 -0.00340000  0.17781702E+03  0.93342278E+02      0.00000000      0.00000000
 -0.00330000  0.19559206E+03  0.98766052E+02      0.00000000      0.00000000
 -0.00320000  0.21549492E+03  0.10531874E+03      0.00000000      0.00000000
 -0.00310000  0.23551392E+03  0.11197404E+03      0.00000000      0.00000000
 -0.00300000  0.25760934E+03  0.11980948E+03      0.00000000      0.00000000
 -0.00290000  0.28041656E+03  0.12807852E+03      0.00000000      0.00000000
 -0.00280000  0.30543311E+03  0.13762341E+03      0.00000000      0.00000000
 -0.00270000  0.33219116E+03  0.14817416E+03      0.00000000      0.00000000
 -0.00260000  0.36065289E+03  0.15976927E+03      0.00000000      0.00000000
 -0.00250000  0.39053479E+03  0.17215240E+03      0.00000000      0.00000000
 -0.00240000  0.42250436E+03  0.18576123E+03      0.00000000      0.00000000
 -0.00230000  0.45968756E+03  0.20277121E+03      0.00000000      0.00000000
 -0.00220000  0.50151703E+03  0.22288376E+03      0.00000000      0.00000000
 -0.00210000  0.54341614E+03  0.24256226E+03      0.00000000      0.00000000
 -0.00200000  0.58905109E+03  0.26468430E+03      0.00000000      0.00000000
 -0.00190000  0.63860083E+03  0.28921008E+03      0.00000000      0.00000000
 -0.00180000  0.69548779E+03  0.31862918E+03      0.00000000      0.00000000
 -0.00170000  0.75481409E+03  0.34839645E+03      0.00000000      0.00000000
 -0.00160000  0.82080756E+03  0.38182983E+03      0.00000000      0.00000000
 -0.00150000  0.89203784E+03  0.41716098E+03      0.00000000      0.00000000
 -0.00140000  0.97348267E+03  0.45834232E+03      0.00000000      0.00000000
 -0.00130000  0.10670854E+04  0.50621533E+03      0.00000000      0.00000000
 -0.00120000  0.11695459E+04  0.55531470E+03      0.00000000      0.00000000
 -0.00110000  0.12878806E+04  0.61154303E+03      0.00000000      0.00000000
 -0.00100000  0.14249060E+04  0.67216565E+03      0.00000000      0.00000000
 -0.00090000  0.15733497E+04  0.72571509E+03      0.00000000      0.00000000
 -0.00080000  0.17365909E+04  0.76998376E+03      0.00000000      0.00000000
 -0.00070000  0.19247247E+04  0.80722412E+03      0.00000000      0.00000000
 -0.00060000  0.21471504E+04  0.83609375E+03      0.00000000      0.00000000
 -0.00050000  0.23620510E+04  0.80664722E+03      0.00000000      0.00000000
 -0.00040000  0.25700630E+04  0.72301031E+03      0.00000000      0.00000000
 -0.00030000  0.27842886E+04  0.59004370E+03      0.00000000      0.00000000
 -0.00020000  0.29359722E+04  0.38416742E+03      0.00000000      0.00000000
 -0.00010000  0.30770146E+04  0.13897104E+03      0.00000000      0.00000000
  0.00000000  0.30543025E+04 -0.14693817E+03      0.00000000      0.00000000
  0.00010000  0.28975945E+04 -0.40564630E+03      0.00000000      0.00000000
  0.00020000  0.27662004E+04 -0.63724597E+03      0.00000000      0.00000000
  0.00030000  0.25693491E+04 -0.81214087E+03      0.00000000      0.00000000
  0.00040000  0.23269233E+04 -0.91306580E+03      0.00000000      0.00000000
  0.00050000  0.20575432E+04 -0.93058252E+03      0.00000000      0.00000000
  0.00060000  0.18190936E+04 -0.91345178E+03      0.00000000      0.00000000
  0.00070000  0.15938550E+04 -0.85583350E+03      0.00000000      0.00000000
  0.00080000  0.14135233E+04 -0.80294446E+03      0.00000000      0.00000000
  0.00090000  0.12533243E+04 -0.73906525E+03      0.00000000      0.00000000
  0.00100000  0.11160565E+04 -0.67551556E+03      0.00000000      0.00000000
  0.00110000  0.98436316E+03 -0.59684943E+03      0.00000000      0.00000000
  0.00120000  0.87701855E+03 -0.53422131E+03      0.00000000      0.00000000
  0.00130000  0.78259100E+03 -0.47688626E+03      0.00000000      0.00000000
  0.00140000  0.69851282E+03 -0.42366379E+03      0.00000000      0.00000000
  0.00150000  0.62819525E+03 -0.38087021E+03      0.00000000      0.00000000
  0.00160000  0.56235095E+03 -0.33853830E+03      0.00000000      0.00000000
  0.00170000  0.50743201E+03 -0.30504099E+03      0.00000000      0.00000000
  0.00180000  0.45479385E+03 -0.27143234E+03      0.00000000      0.00000000
  0.00190000  0.40895300E+03 -0.24310513E+03      0.00000000      0.00000000
  0.00200000  0.36833038E+03 -0.21850296E+03      0.00000000      0.00000000
  0.00210000  0.33164789E+03 -0.19682597E+03      0.00000000      0.00000000
  0.00220000  0.29896326E+03 -0.17797925E+03      0.00000000      0.00000000
  0.00230000  0.26823938E+03 -0.16025613E+03      0.00000000      0.00000000
  0.00240000  0.24115329E+03 -0.14519917E+03      0.00000000      0.00000000
  0.00250000  0.21648959E+03 -0.13165607E+03      0.00000000      0.00000000
  0.00260000  0.19390958E+03 -0.11959348E+03      0.00000000      0.00000000
  0.00270000  0.17335571E+03 -0.10880449E+03      0.00000000      0.00000000
  0.00280000  0.15427113E+03 -0.98993698E+02      0.00000000      0.00000000
  0.00290000  0.13686700E+03 -0.90255478E+02      0.00000000      0.00000000
  0.00300000  0.12083237E+03 -0.82417328E+02      0.00000000      0.00000000
  0.00310000  0.10632446E+03 -0.75514648E+02      0.00000000      0.00000000
  0.00320000  0.93261116E+02 -0.69482445E+02      0.00000000      0.00000000
  0.00330000  0.81090820E+02 -0.63973999E+02      0.00000000      0.00000000
  0.00340000  0.69428032E+02 -0.58737698E+02      0.00000000      0.00000000
  0.00350000  0.59034256E+02 -0.54229340E+02      0.00000000      0.00000000
  0.00360000  0.49373970E+02 -0.50133007E+02      0.00000000      0.00000000
  0.00370000  0.40369614E+02 -0.46394741E+02      0.00000000      0.00000000
  0.00380000  0.31859703E+02 -0.42925446E+02      0.00000000      0.00000000
  0.00390000  0.23920719E+02 -0.39770596E+02      0.00000000      0.00000000
  0.00400000  0.16662544E+02 -0.36973106E+02      0.00000000      0.00000000
  0.00410000  0.99610062E+01 -0.34460125E+02      0.00000000      0.00000000
  0.00420000  0.37600403E+01 -0.32191479E+02      0.00000000      0.00000000
  0.00430000 -0.22191086E+01 -0.30051666E+02      0.00000000      0.00000000
  0.00440000 -0.76252575E+01 -0.28177370E+02      0.00000000      0.00000000
  0.00450000 -0.12954330E+02 -0.26364735E+02      0.00000000      0.00000000
  0.00460000 -0.17712334E+02 -0.24807022E+02      0.00000000      0.00000000
  0.00470000 -0.22228653E+02 -0.23370798E+02      0.00000000      0.00000000
  0.00480000 -0.26495583E+02 -0.22054623E+02      0.00000000      0.00000000
  0.00490000 -0.30591434E+02 -0.20832249E+02      0.00000000      0.00000000
  0.00500000 -0.34547230E+02 -0.19691938E+02      0.00000000      0.00000000
  0.00510000 -0.38207840E+02 -0.18681934E+02      0.00000000      0.00000000
  0.00520000 -0.41698902E+02 -0.17758930E+02      0.00000000      0.00000000
  0.00530000 -0.44990494E+02 -0.16930134E+02      0.00000000      0.00000000
  0.00540000 -0.48216225E+02 -0.16160053E+02      0.00000000      0.00000000
  0.00550000 -0.51209778E+02 -0.15486870E+02      0.00000000      0.00000000
  0.00560000 -0.54103867E+02 -0.14877815E+02      0.00000000      0.00000000
  0.00570000 -0.56916527E+02 -0.14329121E+02      0.00000000      0.00000000
  0.00580000 -0.59669907E+02 -0.13837860E+02      0.00000000      0.00000000
  0.00590000 -0.62314919E+02 -0.13412323E+02      0.00000000      0.00000000
  0.00600000 -0.64903854E+02 -0.13044498E+02      0.00000000      0.00000000
  0.00610000 -0.67393433E+02 -0.12740000E+02      0.00000000      0.00000000
  0.00620000 -0.69800385E+02 -0.12495312E+02      0.00000000      0.00000000
  0.00630000 -0.72166534E+02 -0.12306850E+02      0.00000000      0.00000000
  0.00640000 -0.74532402E+02 -0.12174040E+02      0.00000000      0.00000000
  0.00650000 -0.76830841E+02 -0.12101337E+02      0.00000000      0.00000000
  0.00660000 -0.79119034E+02 -0.12088367E+02      0.00000000      0.00000000
  0.00670000 -0.81425392E+02 -0.12138451E+02      0.00000000      0.00000000
  0.00680000 -0.83709938E+02 -0.12254400E+02      0.00000000      0.00000000
  0.00690000 -0.86053268E+02 -0.12443825E+02      0.00000000      0.00000000
  0.00700000 -0.88433723E+02 -0.12713570E+02      0.00000000      0.00000000
  0.00710000 -0.90824585E+02 -0.13066093E+02      0.00000000      0.00000000
  0.00720000 -0.93262619E+02 -0.13512440E+02      0.00000000      0.00000000
  0.00730000 -0.95867714E+02 -0.14083908E+02      0.00000000      0.00000000
  0.00740000 -0.98531631E+02 -0.14778328E+02      0.00000000      0.00000000
  0.00750000 -0.10133995E+03 -0.15629047E+02      0.00000000      0.00000000
  0.00760000 -0.10426193E+03 -0.16650200E+02      0.00000000      0.00000000
  0.00770000 -0.10724622E+03 -0.17843124E+02      0.00000000      0.00000000
  0.00780000 -0.11033366E+03 -0.19246628E+02      0.00000000      0.00000000
  0.00790000 -0.11376326E+03 -0.20996571E+02      0.00000000      0.00000000
  0.00800000 -0.11744485E+03 -0.23121098E+02      0.00000000      0.00000000
  0.00810000 -0.12137228E+03 -0.25691422E+02      0.00000000      0.00000000
  0.00820000 -0.12552322E+03 -0.28783546E+02      0.00000000      0.00000000
  0.00830000 -0.13007318E+03 -0.32660103E+02      0.00000000      0.00000000
  0.00840000 -0.13486896E+03 -0.37421890E+02      0.00000000      0.00000000
  0.00850000 -0.13979739E+03 -0.43248840E+02      0.00000000      0.00000000
  0.00860000 -0.14488361E+03 -0.50570084E+02      0.00000000      0.00000000
  0.00870000 -0.14995642E+03 -0.60019073E+02      0.00000000      0.00000000
  0.00880000 -0.15434244E+03 -0.71791534E+02      0.00000000      0.00000000
  0.00890000 -0.15728271E+03 -0.86635117E+02      0.00000000      0.00000000
  0.00900000 -0.15728094E+03 -0.10492773E+03      0.00000000      0.00000000
  0.00910000 -0.15203922E+03 -0.12635239E+03      0.00000000      0.00000000
  0.00920000 -0.13921008E+03 -0.14845459E+03      0.00000000      0.00000000
  0.00930000 -0.11721918E+03 -0.16740900E+03      0.00000000      0.00000000
  0.00940000 -0.87582718E+02 -0.17781342E+03      0.00000000      0.00000000
  0.00950000 -0.56581291E+02 -0.17599133E+03      0.00000000      0.00000000
  0.00960000 -0.30374493E+02 -0.16337564E+03      0.00000000      0.00000000
  0.00970000 -0.13618923E+02 -0.14576062E+03      0.00000000      0.00000000
  0.00980000 -0.51397190E+01 -0.12827692E+03      0.00000000      0.00000000
  0.00990000 -0.21829681E+01 -0.11367239E+03      0.00000000      0.00000000
