 -0.03000000  0.11319429E+03  0.71060791E+01      0.00000000      0.00000000
 -0.02990000  0.11461776E+03  0.73322287E+01      0.00000000      0.00000000
 -0.02980000  0.11609013E+03  0.75711350E+01      0.00000000      0.00000000
 -0.02970000  0.11760319E+03  0.78219814E+01      0.00000000      0.00000000
 -0.02960000  0.11916483E+03  0.80866184E+01      0.00000000      0.00000000
 -0.02950000  0.12079199E+03  0.83685846E+01      0.00000000      0.00000000
 -0.02940000  0.12248195E+03  0.86682339E+01      0.00000000      0.00000000
 -0.02930000  0.12421863E+03  0.89834652E+01      0.00000000      0.00000000
 -0.02920000  0.12600252E+03  0.93151293E+01      0.00000000      0.00000000
 -0.02910000  0.12785786E+03  0.96684704E+01      0.00000000      0.00000000
 -0.02900000  0.12977362E+03  0.10042452E+02      0.00000000      0.00000000
 -0.02890000  0.13178793E+03  0.10445705E+02      0.00000000      0.00000000
 -0.02880000  0.13385487E+03  0.10870504E+02      0.00000000      0.00000000
 -0.02870000  0.13599704E+03  0.11322443E+02      0.00000000      0.00000000
 -0.02860000  0.13825116E+03  0.11811087E+02      0.00000000      0.00000000
 -0.02850000  0.14061813E+03  0.12338703E+02      0.00000000      0.00000000
 -0.02840000  0.14306839E+03  0.12900784E+02      0.00000000      0.00000000
 -0.02830000  0.14562971E+03  0.13505845E+02      0.00000000      0.00000000
 -0.02820000  0.14829819E+03  0.14155469E+02      0.00000000      0.00000000
 -0.02810000  0.15110794E+03  0.14860941E+02      0.00000000      0.00000000
 -0.02800000  0.15407291E+03  0.15629540E+02      0.00000000      0.00000000
 -0.02790000  0.15715897E+03  0.16456306E+02      0.00000000      0.00000000
 -0.02780000  0.16039600E+03  0.17353132E+02      0.00000000      0.00000000
 -0.02770000  0.16381895E+03  0.18334978E+02      0.00000000      0.00000000
 -0.02760000  0.16747281E+03  0.19421581E+02      0.00000000      0.00000000
 -0.02750000  0.17130780E+03  0.20605518E+02      0.00000000      0.00000000
 -0.02740000  0.17533105E+03  0.21896288E+02      0.00000000      0.00000000
 -0.02730000  0.17960143E+03  0.23321857E+02      0.00000000      0.00000000
 -0.02720000  0.18411563E+03  0.24891983E+02      0.00000000      0.00000000
 -0.02710000  0.18894162E+03  0.26643795E+02      0.00000000      0.00000000
 -0.02700000  0.19410886E+03  0.28604992E+02      0.00000000      0.00000000
 -0.02690000  0.19966336E+03  0.30814240E+02      0.00000000      0.00000000
 -0.02680000  0.20551483E+03  0.33257790E+02      0.00000000      0.00000000
 -0.02670000  0.21184320E+03  0.36038296E+02      0.00000000      0.00000000
 -0.02660000  0.21859668E+03  0.39168308E+02      0.00000000      0.00000000
 -0.02650000  0.22592035E+03  0.42759064E+02      0.00000000      0.00000000
 -0.02640000  0.23383807E+03  0.46879707E+02      0.00000000      0.00000000
 -0.02630000  0.24235577E+03  0.51602211E+02      0.00000000      0.00000000
 -0.02620000  0.25165253E+03  0.57116467E+02      0.00000000      0.00000000
 -0.02610000  0.26163757E+03  0.63483353E+02      0.00000000      0.00000000
 -0.02600000  0.27261017E+03  0.71047447E+02      0.00000000      0.00000000
 -0.02590000  0.28467978E+03  0.80113899E+02      0.00000000      0.00000000
 -0.02580000  0.29787634E+03  0.91017075E+02      0.00000000      0.00000000
 -0.02570000  0.31213947E+03  0.10412183E+03      0.00000000      0.00000000
 -0.02560000  0.32755920E+03  0.12009869E+03      0.00000000      0.00000000
 -0.02550000  0.34428003E+03  0.14003697E+03      0.00000000      0.00000000
 -0.02540000  0.36162006E+03  0.16450070E+03      0.00000000      0.00000000
 -0.02530000  0.37940079E+03  0.19547455E+03      0.00000000      0.00000000
 -0.02520000  0.39621844E+03  0.23445041E+03      0.00000000      0.00000000
 -0.02510000  0.40981998E+03  0.28331207E+03      0.00000000      0.00000000
 -0.02500000  0.41643335E+03  0.34476010E+03      0.00000000      0.00000000
 -0.02490000  0.40941446E+03  0.41975323E+03      0.00000000      0.00000000
 -0.02480000  0.37945490E+03  0.50538538E+03      0.00000000      0.00000000
 -0.02470000  0.31498523E+03  0.59376929E+03      0.00000000      0.00000000
 -0.02460000  0.21120157E+03  0.66407159E+03      0.00000000      0.00000000
 -0.02450000  0.80725998E+02  0.69244299E+03      0.00000000      0.00000000
 -0.02440000 -0.53361736E+02  0.66751562E+03      0.00000000      0.00000000
 -0.02430000 -0.15857715E+03  0.60021082E+03      0.00000000      0.00000000
 -0.02420000 -0.22590128E+03  0.51250598E+03      0.00000000      0.00000000
 -0.02410000 -0.25799670E+03  0.42627319E+03      0.00000000      0.00000000
 -0.02400000 -0.26625607E+03  0.35016843E+03      0.00000000      0.00000000
 -0.02390000 -0.26011224E+03  0.28738385E+03      0.00000000      0.00000000
 -0.02380000 -0.24653114E+03  0.23764212E+03      0.00000000      0.00000000
 -0.02370000 -0.22951045E+03  0.19806938E+03      0.00000000      0.00000000
 -0.02360000 -0.21170876E+03  0.16716544E+03      0.00000000      0.00000000
 -0.02350000 -0.19422867E+03  0.14268222E+03      0.00000000      0.00000000
 -0.02340000 -0.17729208E+03  0.12272149E+03      0.00000000      0.00000000
 -0.02330000 -0.16160022E+03  0.10673356E+03      0.00000000      0.00000000
 -0.02320000 -0.14681606E+03  0.93464615E+02      0.00000000      0.00000000
 -0.02310000 -0.13347394E+03  0.82766678E+02      0.00000000      0.00000000
 -0.02300000 -0.12088239E+03  0.73653824E+02      0.00000000      0.00000000
 -0.02290000 -0.10921379E+03  0.65981926E+02      0.00000000      0.00000000
 -0.02280000 -0.98654007E+02  0.59632412E+02      0.00000000      0.00000000
 -0.02270000 -0.88915070E+02  0.54246132E+02      0.00000000      0.00000000
 -0.02260000 -0.79897209E+02  0.49640568E+02      0.00000000      0.00000000
 -0.02250000 -0.71520668E+02  0.45678791E+02      0.00000000      0.00000000
 -0.02240000 -0.63611404E+02  0.42209290E+02      0.00000000      0.00000000
 -0.02230000 -0.56265266E+02  0.39215633E+02      0.00000000      0.00000000
 -0.02220000 -0.49302872E+02  0.36577625E+02      0.00000000      0.00000000
 -0.02210000 -0.42798641E+02  0.34285870E+02      0.00000000      0.00000000
 -0.02200000 -0.36668472E+02  0.32276352E+02      0.00000000      0.00000000
 -0.02190000 -0.30694902E+02  0.30457140E+02      0.00000000      0.00000000
 -0.02180000 -0.25150654E+02  0.28890224E+02      0.00000000      0.00000000
 -0.02170000 -0.19835890E+02  0.27497387E+02      0.00000000      0.00000000
 -0.02160000 -0.14744020E+02  0.26262924E+02      0.00000000      0.00000000
 -0.02150000 -0.97731590E+01  0.25151798E+02      0.00000000      0.00000000
 -0.02140000 -0.50396214E+01  0.24179619E+02      0.00000000      0.00000000
 -0.02130000 -0.56350517E+00  0.23336567E+02      0.00000000      0.00000000
 -0.02120000  0.38546410E+01  0.22578056E+02      0.00000000      0.00000000
 -0.02110000  0.82016220E+01  0.21903551E+02      0.00000000      0.00000000
 -0.02100000  0.12332037E+02  0.21327549E+02      0.00000000      0.00000000
 -0.02090000  0.16388271E+02  0.20823269E+02      0.00000000      0.00000000
 -0.02080000  0.20418125E+02  0.20382912E+02      0.00000000      0.00000000
 -0.02070000  0.24352314E+02  0.20011316E+02      0.00000000      0.00000000
 -0.02060000  0.28243237E+02  0.19699852E+02      0.00000000      0.00000000
 -0.02050000  0.32027714E+02  0.19449947E+02      0.00000000      0.00000000
 -0.02040000  0.35831715E+02  0.19251579E+02      0.00000000      0.00000000
 -0.02030000  0.39614277E+02  0.19106812E+02      0.00000000      0.00000000
 -0.02020000  0.43337715E+02  0.19014828E+02      0.00000000      0.00000000
 -0.02010000  0.47049435E+02  0.18973677E+02      0.00000000      0.00000000
 -0.02000000  0.50753918E+02  0.18981661E+02      0.00000000      0.00000000
 -0.01990000  0.54456875E+02  0.19037960E+02      0.00000000      0.00000000
 -0.01980000  0.58198128E+02  0.19144234E+02      0.00000000      0.00000000
 -0.01970000  0.61956833E+02  0.19299538E+02      0.00000000      0.00000000
 -0.01960000  0.65726807E+02  0.19504515E+02      0.00000000      0.00000000
 -0.01950000  0.69576828E+02  0.19764473E+02      0.00000000      0.00000000
 -0.01940000  0.73486282E+02  0.20080046E+02      0.00000000      0.00000000
 -0.01930000  0.77446060E+02  0.20452671E+02      0.00000000      0.00000000
 -0.01920000  0.81488747E+02  0.20886387E+02      0.00000000      0.00000000
 -0.01910000  0.85583534E+02  0.21380653E+02      0.00000000      0.00000000
 -0.01900000  0.89775284E+02  0.21944103E+02      0.00000000      0.00000000
 -0.01890000  0.94135788E+02  0.22591030E+02      0.00000000      0.00000000
 -0.01880000  0.98611465E+02  0.23319519E+02      0.00000000      0.00000000
 -0.01870000  0.10315640E+03  0.24125328E+02      0.00000000      0.00000000
 -0.01860000  0.10788028E+03  0.25033180E+02      0.00000000      0.00000000
 -0.01850000  0.11276056E+03  0.26045240E+02      0.00000000      0.00000000
 -0.01840000  0.11789290E+03  0.27192688E+02      0.00000000      0.00000000
 -0.01830000  0.12323094E+03  0.28475588E+02      0.00000000      0.00000000
 -0.01820000  0.12877066E+03  0.29903835E+02      0.00000000      0.00000000
 -0.01810000  0.13452733E+03  0.31493313E+02      0.00000000      0.00000000
 -0.01800000  0.14054462E+03  0.33269844E+02      0.00000000      0.00000000
 -0.01790000  0.14693462E+03  0.35287323E+02      0.00000000      0.00000000
 -0.01780000  0.15367398E+03  0.37563068E+02      0.00000000      0.00000000
 -0.01770000  0.16096912E+03  0.40199306E+02      0.00000000      0.00000000
 -0.01760000  0.16866139E+03  0.43179924E+02      0.00000000      0.00000000
 -0.01750000  0.17683456E+03  0.46574005E+02      0.00000000      0.00000000
 -0.01740000  0.18551143E+03  0.50446342E+02      0.00000000      0.00000000
 -0.01730000  0.19482881E+03  0.54925449E+02      0.00000000      0.00000000
 -0.01720000  0.20480106E+03  0.60095951E+02      0.00000000      0.00000000
 -0.01710000  0.21566759E+03  0.66202690E+02      0.00000000      0.00000000
 -0.01700000  0.22730377E+03  0.73320236E+02      0.00000000      0.00000000
 -0.01690000  0.23986493E+03  0.81726250E+02      0.00000000      0.00000000
 -0.01680000  0.25350276E+03  0.91784279E+02      0.00000000      0.00000000
 -0.01670000  0.26846588E+03  0.10406173E+03      0.00000000      0.00000000
 -0.01660000  0.28439273E+03  0.11877647E+03      0.00000000      0.00000000
 -0.01650000  0.30196436E+03  0.13736621E+03      0.00000000      0.00000000
 -0.01640000  0.32026404E+03  0.16005698E+03      0.00000000      0.00000000
 -0.01630000  0.33924811E+03  0.18857394E+03      0.00000000      0.00000000
 -0.01620000  0.35786505E+03  0.22436884E+03      0.00000000      0.00000000
 -0.01610000  0.37432617E+03  0.26917261E+03      0.00000000      0.00000000
 -0.01600000  0.38577408E+03  0.32609857E+03      0.00000000      0.00000000
 -0.01590000  0.38656128E+03  0.39675909E+03      0.00000000      0.00000000
 -0.01580000  0.36768732E+03  0.48162134E+03      0.00000000      0.00000000
 -0.01570000  0.31919690E+03  0.57137476E+03      0.00000000      0.00000000
 -0.01560000  0.23237608E+03  0.65249304E+03      0.00000000      0.00000000
 -0.01550000  0.11184654E+03  0.70137805E+03      0.00000000      0.00000000
 -0.01540000 -0.27120289E+02  0.69979456E+03      0.00000000      0.00000000
 -0.01530000 -0.14847075E+03  0.64671796E+03      0.00000000      0.00000000
 -0.01520000 -0.23156226E+03  0.56435785E+03      0.00000000      0.00000000
 -0.01510000 -0.27695895E+03  0.47452371E+03      0.00000000      0.00000000
 -0.01500000 -0.29324036E+03  0.39136316E+03      0.00000000      0.00000000
 -0.01490000 -0.29094922E+03  0.32326810E+03      0.00000000      0.00000000
 -0.01480000 -0.27855865E+03  0.26779675E+03      0.00000000      0.00000000
 -0.01470000 -0.26102832E+03  0.22341422E+03      0.00000000      0.00000000
 -0.01460000 -0.24178763E+03  0.18884094E+03      0.00000000      0.00000000
 -0.01450000 -0.22239363E+03  0.16159315E+03      0.00000000      0.00000000
 -0.01440000 -0.20353079E+03  0.13983194E+03      0.00000000      0.00000000
 -0.01430000 -0.18561688E+03  0.12235828E+03      0.00000000      0.00000000
 -0.01420000 -0.16869141E+03  0.10813628E+03      0.00000000      0.00000000
 -0.01410000 -0.15288356E+03  0.96571259E+02      0.00000000      0.00000000
 -0.01400000 -0.13810568E+03  0.87067444E+02      0.00000000      0.00000000
 -0.01390000 -0.12438141E+03  0.79289764E+02      0.00000000      0.00000000
 -0.01380000 -0.11132332E+03  0.72752701E+02      0.00000000      0.00000000
 -0.01370000 -0.99170090E+02  0.67396454E+02      0.00000000      0.00000000
 -0.01360000 -0.87661690E+02  0.62939877E+02      0.00000000      0.00000000
 -0.01350000 -0.76826286E+02  0.59290039E+02      0.00000000      0.00000000
 -0.01340000 -0.66331863E+02  0.56229332E+02      0.00000000      0.00000000
 -0.01330000 -0.56237923E+02  0.53736149E+02      0.00000000      0.00000000
 -0.01320000 -0.46406372E+02  0.51723961E+02      0.00000000      0.00000000
 -0.01310000 -0.37021202E+02  0.50181305E+02      0.00000000      0.00000000
 -0.01300000 -0.27813669E+02  0.49024975E+02      0.00000000      0.00000000
 -0.01290000 -0.18779003E+02  0.48238037E+02      0.00000000      0.00000000
 -0.01280000 -0.97515678E+01  0.47798653E+02      0.00000000      0.00000000
 -0.01270000 -0.76772308E+00  0.47699974E+02      0.00000000      0.00000000
 -0.01260000  0.82564468E+01  0.47939346E+02      0.00000000      0.00000000
 -0.01250000  0.17242178E+02  0.48522522E+02      0.00000000      0.00000000
 -0.01240000  0.26407967E+02  0.49468391E+02      0.00000000      0.00000000
 -0.01230000  0.35743721E+02  0.50783749E+02      0.00000000      0.00000000
 -0.01220000  0.45381435E+02  0.52540001E+02      0.00000000      0.00000000
 -0.01210000  0.55048306E+02  0.54692810E+02      0.00000000      0.00000000
 -0.01200000  0.65187714E+02  0.57372231E+02      0.00000000      0.00000000
 -0.01190000  0.75656410E+02  0.60602520E+02      0.00000000      0.00000000
 -0.01180000  0.86974579E+02  0.64635429E+02      0.00000000      0.00000000
 -0.01170000  0.98751038E+02  0.69434029E+02      0.00000000      0.00000000
 -0.01160000  0.11130722E+03  0.75250687E+02      0.00000000      0.00000000
 -0.01150000  0.12477816E+03  0.82322441E+02      0.00000000      0.00000000
 -0.01140000  0.13893915E+03  0.90746582E+02      0.00000000      0.00000000
 -0.01130000  0.15405405E+03  0.10094746E+03      0.00000000      0.00000000
 -0.01120000  0.17048161E+03  0.11358962E+03      0.00000000      0.00000000
 -0.01110000  0.18795551E+03  0.12909764E+03      0.00000000      0.00000000
 -0.01100000  0.20636597E+03  0.14818625E+03      0.00000000      0.00000000
 -0.01090000  0.22562457E+03  0.17200230E+03      0.00000000      0.00000000
 -0.01080000  0.24548141E+03  0.20241869E+03      0.00000000      0.00000000
 -0.01070000  0.26438531E+03  0.24052969E+03      0.00000000      0.00000000
 -0.01060000  0.28044629E+03  0.28878619E+03      0.00000000      0.00000000
 -0.01050000  0.28992197E+03  0.34902472E+03      0.00000000      0.00000000
 -0.01040000  0.28674692E+03  0.42307413E+03      0.00000000      0.00000000
 -0.01030000  0.26102963E+03  0.51066089E+03      0.00000000      0.00000000
 -0.01020000  0.20262634E+03  0.60053186E+03      0.00000000      0.00000000
 -0.01010000  0.10424596E+03  0.67627576E+03      0.00000000      0.00000000
 -0.01000000 -0.22909531E+02  0.71300116E+03      0.00000000      0.00000000
 -0.00990000 -0.16181328E+03  0.69677991E+03      0.00000000      0.00000000
 -0.00980000 -0.27495068E+03  0.63364581E+03      0.00000000      0.00000000
 -0.00970000 -0.34946222E+03  0.54635022E+03      0.00000000      0.00000000
 -0.00960000 -0.38727798E+03  0.45663702E+03      0.00000000      0.00000000
 -0.00950000 -0.39865057E+03  0.37726465E+03      0.00000000      0.00000000
 -0.00940000 -0.39395532E+03  0.31029578E+03      0.00000000      0.00000000
 -0.00930000 -0.38037854E+03  0.25633420E+03      0.00000000      0.00000000
 -0.00920000 -0.36255606E+03  0.21334978E+03      0.00000000      0.00000000
 -0.00910000 -0.34346332E+03  0.17961145E+03      0.00000000      0.00000000
 -0.00900000 -0.32461212E+03  0.15301944E+03      0.00000000      0.00000000
 -0.00890000 -0.30673901E+03  0.13189847E+03      0.00000000      0.00000000
 -0.00880000 -0.28968732E+03  0.11452464E+03      0.00000000      0.00000000
 -0.00870000 -0.27409930E+03  0.10054601E+03      0.00000000      0.00000000
 -0.00860000 -0.25956442E+03  0.88903671E+02      0.00000000      0.00000000
 -0.00850000 -0.24610983E+03  0.79175865E+02      0.00000000      0.00000000
 -0.00840000 -0.23352739E+03  0.70904411E+02      0.00000000      0.00000000
 -0.00830000 -0.22217735E+03  0.64068008E+02      0.00000000      0.00000000
 -0.00820000 -0.21178456E+03  0.58291325E+02      0.00000000      0.00000000
 -0.00810000 -0.20198183E+03  0.53244698E+02      0.00000000      0.00000000
 -0.00800000 -0.19284117E+03  0.48871986E+02      0.00000000      0.00000000
 -0.00790000 -0.18451505E+03  0.45157703E+02      0.00000000      0.00000000
 -0.00780000 -0.17651375E+03  0.41819794E+02      0.00000000      0.00000000
 -0.00770000 -0.16907967E+03  0.38917831E+02      0.00000000      0.00000000
 -0.00760000 -0.16213361E+03  0.36374504E+02      0.00000000      0.00000000
 -0.00750000 -0.15560327E+03  0.34127136E+02      0.00000000      0.00000000
 -0.00740000 -0.14938815E+03  0.32116653E+02      0.00000000      0.00000000
 -0.00730000 -0.14358244E+03  0.30349693E+02      0.00000000      0.00000000
 -0.00720000 -0.13798367E+03  0.28745979E+02      0.00000000      0.00000000
 -0.00710000 -0.13269678E+03  0.27321106E+02      0.00000000      0.00000000
 -0.00700000 -0.12759095E+03  0.26026606E+02      0.00000000      0.00000000
 -0.00690000 -0.12272737E+03  0.24866991E+02      0.00000000      0.00000000
 -0.00680000 -0.11802470E+03  0.23815325E+02      0.00000000      0.00000000
 -0.00670000 -0.11354662E+03  0.22876898E+02      0.00000000      0.00000000
 -0.00660000 -0.10919857E+03  0.22023468E+02      0.00000000      0.00000000
 -0.00650000 -0.10497166E+03  0.21247910E+02      0.00000000      0.00000000
 -0.00640000 -0.10088508E+03  0.20550671E+02      0.00000000      0.00000000
 -0.00630000 -0.96929306E+02  0.19924576E+02      0.00000000      0.00000000
 -0.00620000 -0.93154755E+02  0.19371656E+02      0.00000000      0.00000000
 -0.00610000 -0.89381317E+02  0.18862617E+02      0.00000000      0.00000000
 -0.00600000 -0.85751404E+02  0.18414749E+02      0.00000000      0.00000000
 -0.00590000 -0.82196114E+02  0.18016129E+02      0.00000000      0.00000000
 -0.00580000 -0.78721664E+02  0.17665335E+02      0.00000000      0.00000000
 -0.00570000 -0.75330048E+02  0.17359524E+02      0.00000000      0.00000000
 -0.00560000 -0.71969513E+02  0.17092682E+02      0.00000000      0.00000000
 -0.00550000 -0.68623383E+02  0.16862839E+02      0.00000000      0.00000000
 -0.00540000 -0.65283920E+02  0.16669773E+02      0.00000000      0.00000000
 -0.00530000 -0.62032413E+02  0.16517353E+02      0.00000000      0.00000000
 -0.00520000 -0.58794235E+02  0.16400085E+02      0.00000000      0.00000000
 -0.00510000 -0.55573814E+02  0.16318203E+02      0.00000000      0.00000000
 -0.00500000 -0.52370148E+02  0.16271454E+02      0.00000000      0.00000000
 -0.00490000 -0.49150124E+02  0.16258928E+02      0.00000000      0.00000000
 -0.00480000 -0.45957138E+02  0.16281389E+02      0.00000000      0.00000000
 -0.00470000 -0.42757481E+02  0.16338970E+02      0.00000000      0.00000000
 -0.00460000 -0.39547638E+02  0.16432449E+02      0.00000000      0.00000000
 -0.00450000 -0.36338085E+02  0.16561554E+02      0.00000000      0.00000000
 -0.00440000 -0.33062550E+02  0.16730293E+02      0.00000000      0.00000000
 -0.00430000 -0.29729416E+02  0.16940464E+02      0.00000000      0.00000000
 -0.00420000 -0.26386745E+02  0.17190441E+02      0.00000000      0.00000000
 -0.00410000 -0.23006977E+02  0.17482977E+02      0.00000000      0.00000000
 -0.00400000 -0.19587788E+02  0.17819500E+02      0.00000000      0.00000000
 -0.00390000 -0.16046989E+02  0.18211885E+02      0.00000000      0.00000000
 -0.00380000 -0.12437622E+02  0.18657368E+02      0.00000000      0.00000000
 -0.00370000 -0.87675323E+01  0.19157440E+02      0.00000000      0.00000000
 -0.00360000 -0.50341492E+01  0.19714722E+02      0.00000000      0.00000000
 -0.00350000 -0.11604919E+01  0.20344955E+02      0.00000000      0.00000000
 -0.00340000  0.27840805E+01  0.21041220E+02      0.00000000      0.00000000
 -0.00330000  0.69313583E+01  0.21832245E+02      0.00000000      0.00000000
 -0.00320000  0.11182343E+02  0.22706194E+02      0.00000000      0.00000000
 -0.00310000  0.15722183E+02  0.23710503E+02      0.00000000      0.00000000
 -0.00300000  0.20375389E+02  0.24815298E+02      0.00000000      0.00000000
 -0.00290000  0.25213776E+02  0.26045429E+02      0.00000000      0.00000000
 -0.00280000  0.30301773E+02  0.27428551E+02      0.00000000      0.00000000
 -0.00270000  0.35668289E+02  0.28987648E+02      0.00000000      0.00000000
 -0.00260000  0.41290108E+02  0.30731722E+02      0.00000000      0.00000000
 -0.00250000  0.47231682E+02  0.32699333E+02      0.00000000      0.00000000
 -0.00240000  0.53550217E+02  0.34933212E+02      0.00000000      0.00000000
 -0.00230000  0.60132706E+02  0.37417408E+02      0.00000000      0.00000000
 -0.00220000  0.67165253E+02  0.40251076E+02      0.00000000      0.00000000
 -0.00210000  0.74750443E+02  0.43520115E+02      0.00000000      0.00000000
 -0.00200000  0.82871857E+02  0.47270279E+02      0.00000000      0.00000000
 -0.00190000  0.91632324E+02  0.51614403E+02      0.00000000      0.00000000
 -0.00180000  0.10109528E+03  0.56668041E+02      0.00000000      0.00000000
 -0.00170000  0.11124947E+03  0.62526283E+02      0.00000000      0.00000000
 -0.00160000  0.12213247E+03  0.69332756E+02      0.00000000      0.00000000
 -0.00150000  0.13395645E+03  0.77387917E+02      0.00000000      0.00000000
 -0.00140000  0.14689677E+03  0.87057426E+02      0.00000000      0.00000000
 -0.00130000  0.16090730E+03  0.98637688E+02      0.00000000      0.00000000
 -0.00120000  0.17604491E+03  0.11262113E+03      0.00000000      0.00000000
 -0.00110000  0.19277029E+03  0.13016435E+03      0.00000000      0.00000000
 -0.00100000  0.21061884E+03  0.15188907E+03      0.00000000      0.00000000
 -0.00090000  0.22918942E+03  0.17890193E+03      0.00000000      0.00000000
 -0.00080000  0.24780478E+03  0.21278435E+03      0.00000000      0.00000000
 -0.00070000  0.26512543E+03  0.25566510E+03      0.00000000      0.00000000
 -0.00060000  0.27852670E+03  0.31003281E+03      0.00000000      0.00000000
 -0.00050000  0.28323566E+03  0.37817358E+03      0.00000000      0.00000000
 -0.00040000  0.27159241E+03  0.46034375E+03      0.00000000      0.00000000
 -0.00030000  0.23224725E+03  0.55413190E+03      0.00000000      0.00000000
 -0.00020000  0.15603644E+03  0.64413422E+03      0.00000000      0.00000000
 -0.00010000  0.37596672E+02  0.71083301E+03      0.00000000      0.00000000
  0.00000000 -0.10956921E+03  0.72755524E+03      0.00000000      0.00000000
  0.00010000 -0.24575571E+03  0.68587927E+03      0.00000000      0.00000000
  0.00020000 -0.34813092E+03  0.60251221E+03      0.00000000      0.00000000
  0.00030000 -0.40594366E+03  0.50754599E+03      0.00000000      0.00000000
  0.00040000 -0.43024347E+03  0.41725424E+03      0.00000000      0.00000000
  0.00050000 -0.43243555E+03  0.34144995E+03      0.00000000      0.00000000
  0.00060000 -0.42263922E+03  0.28076770E+03      0.00000000      0.00000000
  0.00070000 -0.40692871E+03  0.23244081E+03      0.00000000      0.00000000
  0.00080000 -0.38857538E+03  0.19375360E+03      0.00000000      0.00000000
  0.00090000 -0.37009802E+03  0.16364935E+03      0.00000000      0.00000000
  0.00100000 -0.35223419E+03  0.13966484E+03      0.00000000      0.00000000
  0.00110000 -0.33531726E+03  0.12024968E+03      0.00000000      0.00000000
  0.00120000 -0.31958865E+03  0.10444019E+03      0.00000000      0.00000000
  0.00130000 -0.30494833E+03  0.91329552E+02      0.00000000      0.00000000
  0.00140000 -0.29152518E+03  0.80483398E+02      0.00000000      0.00000000
  0.00150000 -0.27942319E+03  0.71561508E+02      0.00000000      0.00000000
  0.00160000 -0.26849872E+03  0.64142380E+02      0.00000000      0.00000000
  0.00170000 -0.25810315E+03  0.57598705E+02      0.00000000      0.00000000
  0.00180000 -0.24860803E+03  0.52035076E+02      0.00000000      0.00000000
  0.00190000 -0.23997408E+03  0.47300137E+02      0.00000000      0.00000000
  0.00200000 -0.23205124E+03  0.43214413E+02      0.00000000      0.00000000
  0.00210000 -0.22461771E+03  0.39596649E+02      0.00000000      0.00000000
  0.00220000 -0.21774693E+03  0.36432613E+02      0.00000000      0.00000000
  0.00230000 -0.21138962E+03  0.33653873E+02      0.00000000      0.00000000
  0.00240000 -0.20535297E+03  0.31144039E+02      0.00000000      0.00000000
  0.00250000 -0.19978255E+03  0.28936487E+02      0.00000000      0.00000000
  0.00260000 -0.19453247E+03  0.26948952E+02      0.00000000      0.00000000
  0.00270000 -0.18962648E+03  0.25171789E+02      0.00000000      0.00000000
  0.00280000 -0.18507645E+03  0.23591356E+02      0.00000000      0.00000000
  0.00290000 -0.18080453E+03  0.22165804E+02      0.00000000      0.00000000
  0.00300000 -0.17665465E+03  0.20833937E+02      0.00000000      0.00000000
  0.00310000 -0.17280385E+03  0.19644346E+02      0.00000000      0.00000000
  0.00320000 -0.16917934E+03  0.18564533E+02      0.00000000      0.00000000
  0.00330000 -0.16573650E+03  0.17574276E+02      0.00000000      0.00000000
  0.00340000 -0.16247432E+03  0.16667427E+02      0.00000000      0.00000000
  0.00350000 -0.15932504E+03  0.15820467E+02      0.00000000      0.00000000
  0.00360000 -0.15634863E+03  0.15045516E+02      0.00000000      0.00000000
  0.00370000 -0.15351886E+03  0.14331547E+02      0.00000000      0.00000000
  0.00380000 -0.15079788E+03  0.13665628E+02      0.00000000      0.00000000
  0.00390000 -0.14821201E+03  0.13051374E+02      0.00000000      0.00000000
  0.00400000 -0.14571295E+03  0.12474716E+02      0.00000000      0.00000000
  0.00410000 -0.14333984E+03  0.11942470E+02      0.00000000      0.00000000
  0.00420000 -0.14107007E+03  0.11447226E+02      0.00000000      0.00000000
  0.00430000 -0.13889494E+03  0.10985205E+02      0.00000000      0.00000000
  0.00440000 -0.13681216E+03  0.10554190E+02      0.00000000      0.00000000
  0.00450000 -0.13477420E+03  0.10143133E+02      0.00000000      0.00000000
  0.00460000 -0.13282686E+03  0.97601547E+01      0.00000000      0.00000000
  0.00470000 -0.13095711E+03  0.94013577E+01      0.00000000      0.00000000
  0.00480000 -0.12912943E+03  0.90589600E+01      0.00000000      0.00000000
  0.00490000 -0.12737558E+03  0.87381077E+01      0.00000000      0.00000000
  0.00500000 -0.12569010E+03  0.84368753E+01      0.00000000      0.00000000
  0.00510000 -0.12404417E+03  0.81492615E+01      0.00000000      0.00000000
  0.00520000 -0.12244962E+03  0.78767977E+01      0.00000000      0.00000000
  0.00530000 -0.12093599E+03  0.76238079E+01      0.00000000      0.00000000
  0.00540000 -0.11946216E+03  0.73825936E+01      0.00000000      0.00000000
  0.00550000 -0.11801696E+03  0.71509695E+01      0.00000000      0.00000000
  0.00560000 -0.11663518E+03  0.69340782E+01      0.00000000      0.00000000
  0.00570000 -0.11527779E+03  0.67252474E+01      0.00000000      0.00000000
  0.00580000 -0.11399370E+03  0.65315642E+01      0.00000000      0.00000000
  0.00590000 -0.11272032E+03  0.63431563E+01      0.00000000      0.00000000
  0.00600000 -0.11149038E+03  0.61646290E+01      0.00000000      0.00000000
  0.00610000 -0.11027683E+03  0.59917383E+01      0.00000000      0.00000000
  0.00620000 -0.10912019E+03  0.58300209E+01      0.00000000      0.00000000
  0.00630000 -0.10796565E+03  0.56714382E+01      0.00000000      0.00000000
  0.00640000 -0.10685138E+03  0.55211697E+01      0.00000000      0.00000000
  0.00650000 -0.10575870E+03  0.53763700E+01      0.00000000      0.00000000
  0.00660000 -0.10473322E+03  0.52428722E+01      0.00000000      0.00000000
  0.00670000 -0.10369137E+03  0.51094551E+01      0.00000000      0.00000000
  0.00680000 -0.10269502E+03  0.49840155E+01      0.00000000      0.00000000
  0.00690000 -0.10171394E+03  0.48625059E+01      0.00000000      0.00000000
  0.00700000 -0.10074892E+03  0.47449207E+01      0.00000000      0.00000000
  0.00710000 -0.99812012E+02  0.46326122E+01      0.00000000      0.00000000
  0.00720000 -0.98903816E+02  0.45254631E+01      0.00000000      0.00000000
  0.00730000 -0.98025574E+02  0.44234381E+01      0.00000000      0.00000000
  0.00740000 -0.97149246E+02  0.43231468E+01      0.00000000      0.00000000
  0.00750000 -0.96308975E+02  0.42284575E+01      0.00000000      0.00000000
  0.00760000 -0.95487358E+02  0.41372185E+01      0.00000000      0.00000000
  0.00770000 -0.94671928E+02  0.40479527E+01      0.00000000      0.00000000
  0.00780000 -0.93880676E+02  0.39625969E+01      0.00000000      0.00000000
  0.00790000 -0.93096962E+02  0.38792229E+01      0.00000000      0.00000000
  0.00800000 -0.92353065E+02  0.38012161E+01      0.00000000      0.00000000
  0.00810000 -0.91603615E+02  0.37236748E+01      0.00000000      0.00000000
  0.00820000 -0.90861282E+02  0.36478977E+01      0.00000000      0.00000000
  0.00830000 -0.90138054E+02  0.35750790E+01      0.00000000      0.00000000
  0.00840000 -0.89424438E+02  0.35041656E+01      0.00000000      0.00000000
  0.00850000 -0.88735229E+02  0.34365997E+01      0.00000000      0.00000000
  0.00860000 -0.88058670E+02  0.33711014E+01      0.00000000      0.00000000
  0.00870000 -0.87395065E+02  0.33076973E+01      0.00000000      0.00000000
  0.00880000 -0.86750832E+02  0.32469101E+01      0.00000000      0.00000000
  0.00890000 -0.86105972E+02  0.31867828E+01      0.00000000      0.00000000
  0.00900000 -0.85476990E+02  0.31288605E+01      0.00000000      0.00000000
  0.00910000 -0.84854141E+02  0.30721588E+01      0.00000000      0.00000000
  0.00920000 -0.84249252E+02  0.30177765E+01      0.00000000      0.00000000
  0.00930000 -0.83647156E+02  0.29642410E+01      0.00000000      0.00000000
  0.00940000 -0.83060059E+02  0.29125977E+01      0.00000000      0.00000000
  0.00950000 -0.82485077E+02  0.28625946E+01      0.00000000      0.00000000
  0.00960000 -0.81925430E+02  0.28144989E+01      0.00000000      0.00000000
  0.00970000 -0.81359802E+02  0.27663574E+01      0.00000000      0.00000000
  0.00980000 -0.80814438E+02  0.27204590E+01      0.00000000      0.00000000
  0.00990000 -0.80285103E+02  0.26765137E+01      0.00000000      0.00000000
