 -0.03000000  0.92590096E+02  0.39495821E+01      0.00000000      0.00000000
 -0.02990000  0.93386650E+02  0.40278969E+01      0.00000000      0.00000000
 -0.02980000  0.94193169E+02  0.41082697E+01      0.00000000      0.00000000
 -0.02970000  0.95024933E+02  0.41922417E+01      0.00000000      0.00000000
 -0.02960000  0.95864372E+02  0.42781444E+01      0.00000000      0.00000000
 -0.02950000  0.96725716E+02  0.43675075E+01      0.00000000      0.00000000
 -0.02940000  0.97591461E+02  0.44585810E+01      0.00000000      0.00000000
 -0.02930000  0.98482887E+02  0.45536680E+01      0.00000000      0.00000000
 -0.02920000  0.99386429E+02  0.46514382E+01      0.00000000      0.00000000
 -0.02910000  0.10032123E+03  0.47540312E+01      0.00000000      0.00000000
 -0.02900000  0.10127750E+03  0.48605261E+01      0.00000000      0.00000000
 -0.02890000  0.10225382E+03  0.49708972E+01      0.00000000      0.00000000
 -0.02880000  0.10325583E+03  0.50859060E+01      0.00000000      0.00000000
 -0.02870000  0.10428567E+03  0.52059464E+01      0.00000000      0.00000000
 -0.02860000  0.10535326E+03  0.53323703E+01      0.00000000      0.00000000
 -0.02850000  0.10642539E+03  0.54614153E+01      0.00000000      0.00000000
 -0.02840000  0.10750916E+03  0.55939989E+01      0.00000000      0.00000000
 -0.02830000  0.10864601E+03  0.57353573E+01      0.00000000      0.00000000
 -0.02820000  0.10980363E+03  0.58817768E+01      0.00000000      0.00000000
 -0.02810000  0.11097243E+03  0.60321269E+01      0.00000000      0.00000000
 -0.02800000  0.11219252E+03  0.61918097E+01      0.00000000      0.00000000
 -0.02790000  0.11342404E+03  0.63558779E+01      0.00000000      0.00000000
 -0.02780000  0.11472224E+03  0.65319414E+01      0.00000000      0.00000000
 -0.02770000  0.11600641E+03  0.67093773E+01      0.00000000      0.00000000
 -0.02760000  0.11736586E+03  0.69006968E+01      0.00000000      0.00000000
 -0.02750000  0.11874300E+03  0.70982380E+01      0.00000000      0.00000000
 -0.02740000  0.12016326E+03  0.73059211E+01      0.00000000      0.00000000
 -0.02730000  0.12164417E+03  0.75268025E+01      0.00000000      0.00000000
 -0.02720000  0.12316615E+03  0.77584357E+01      0.00000000      0.00000000
 -0.02710000  0.12471690E+03  0.79994106E+01      0.00000000      0.00000000
 -0.02700000  0.12631133E+03  0.82524071E+01      0.00000000      0.00000000
 -0.02690000  0.12795177E+03  0.85182838E+01      0.00000000      0.00000000
 -0.02680000  0.12967041E+03  0.88029613E+01      0.00000000      0.00000000
 -0.02670000  0.13143272E+03  0.91014748E+01      0.00000000      0.00000000
 -0.02660000  0.13324091E+03  0.94148235E+01      0.00000000      0.00000000
 -0.02650000  0.13514975E+03  0.97533808E+01      0.00000000      0.00000000
 -0.02640000  0.13710091E+03  0.10107852E+02      0.00000000      0.00000000
 -0.02630000  0.13911316E+03  0.10482447E+02      0.00000000      0.00000000
 -0.02620000  0.14119655E+03  0.10880030E+02      0.00000000      0.00000000
 -0.02610000  0.14335466E+03  0.11302467E+02      0.00000000      0.00000000
 -0.02600000  0.14561508E+03  0.11756561E+02      0.00000000      0.00000000
 -0.02590000  0.14795372E+03  0.12239145E+02      0.00000000      0.00000000
 -0.02580000  0.15039331E+03  0.12756583E+02      0.00000000      0.00000000
 -0.02570000  0.15291925E+03  0.13307611E+02      0.00000000      0.00000000
 -0.02560000  0.15558992E+03  0.13907230E+02      0.00000000      0.00000000
 -0.02550000  0.15835699E+03  0.14547363E+02      0.00000000      0.00000000
 -0.02540000  0.16122272E+03  0.15230852E+02      0.00000000      0.00000000
 -0.02530000  0.16424307E+03  0.15974070E+02      0.00000000      0.00000000
 -0.02520000  0.16741660E+03  0.16780704E+02      0.00000000      0.00000000
 -0.02510000  0.17077722E+03  0.17663857E+02      0.00000000      0.00000000
 -0.02500000  0.17421756E+03  0.18599766E+02      0.00000000      0.00000000
 -0.02490000  0.17790514E+03  0.19638849E+02      0.00000000      0.00000000
 -0.02480000  0.18172672E+03  0.20755821E+02      0.00000000      0.00000000
 -0.02470000  0.18578973E+03  0.21988789E+02      0.00000000      0.00000000
 -0.02460000  0.19010815E+03  0.23351542E+02      0.00000000      0.00000000
 -0.02450000  0.19469339E+03  0.24858734E+02      0.00000000      0.00000000
 -0.02440000  0.19956503E+03  0.26529631E+02      0.00000000      0.00000000
 -0.02430000  0.20475711E+03  0.28390869E+02      0.00000000      0.00000000
 -0.02420000  0.21021924E+03  0.30440994E+02      0.00000000      0.00000000
 -0.02410000  0.21605173E+03  0.32736969E+02      0.00000000      0.00000000
 -0.02400000  0.22230998E+03  0.35326412E+02      0.00000000      0.00000000
 -0.02390000  0.22903027E+03  0.38256752E+02      0.00000000      0.00000000
 -0.02380000  0.23617284E+03  0.41547340E+02      0.00000000      0.00000000
 -0.02370000  0.24395186E+03  0.45344879E+02      0.00000000      0.00000000
 -0.02360000  0.25230594E+03  0.49682320E+02      0.00000000      0.00000000
 -0.02350000  0.26126773E+03  0.54647953E+02      0.00000000      0.00000000
 -0.02340000  0.27095245E+03  0.60398354E+02      0.00000000      0.00000000
 -0.02330000  0.28157678E+03  0.67195236E+02      0.00000000      0.00000000
 -0.02320000  0.29334415E+03  0.75365791E+02      0.00000000      0.00000000
 -0.02310000  0.30599310E+03  0.84973564E+02      0.00000000      0.00000000
 -0.02300000  0.31983249E+03  0.96577637E+02      0.00000000      0.00000000
 -0.02290000  0.33479727E+03  0.11059619E+03      0.00000000      0.00000000
 -0.02280000  0.35107309E+03  0.12790619E+03      0.00000000      0.00000000
 -0.02270000  0.36835995E+03  0.14924181E+03      0.00000000      0.00000000
 -0.02260000  0.38627203E+03  0.17569899E+03      0.00000000      0.00000000
 -0.02250000  0.40411322E+03  0.20879987E+03      0.00000000      0.00000000
 -0.02240000  0.42075711E+03  0.25128180E+03      0.00000000      0.00000000
 -0.02230000  0.43301898E+03  0.30420169E+03      0.00000000      0.00000000
 -0.02220000  0.43641943E+03  0.37054324E+03      0.00000000      0.00000000
 -0.02210000  0.42329626E+03  0.44987219E+03      0.00000000      0.00000000
 -0.02200000  0.38347452E+03  0.53804736E+03      0.00000000      0.00000000
 -0.02190000  0.30689249E+03  0.62277271E+03      0.00000000      0.00000000
 -0.02180000  0.19181474E+03  0.68209424E+03      0.00000000      0.00000000
 -0.02170000  0.55589783E+02  0.69329364E+03      0.00000000      0.00000000
 -0.02160000 -0.70841629E+02  0.65169568E+03      0.00000000      0.00000000
 -0.02150000 -0.16349152E+03  0.57460315E+03      0.00000000      0.00000000
 -0.02140000 -0.21666615E+03  0.48712585E+03      0.00000000      0.00000000
 -0.02130000 -0.23933495E+03  0.40413510E+03      0.00000000      0.00000000
 -0.02120000 -0.24163959E+03  0.33229120E+03      0.00000000      0.00000000
 -0.02110000 -0.23228351E+03  0.27486768E+03      0.00000000      0.00000000
 -0.02100000 -0.21694324E+03  0.22871902E+03      0.00000000      0.00000000
 -0.02090000 -0.19871597E+03  0.19153973E+03      0.00000000      0.00000000
 -0.02080000 -0.17991920E+03  0.16225194E+03      0.00000000      0.00000000
 -0.02070000 -0.16154710E+03  0.13897638E+03      0.00000000      0.00000000
 -0.02060000 -0.14433760E+03  0.12057346E+03      0.00000000      0.00000000
 -0.02050000 -0.12814900E+03  0.10560667E+03      0.00000000      0.00000000
 -0.02040000 -0.11324326E+03  0.93500961E+02      0.00000000      0.00000000
 -0.02030000 -0.99375244E+02  0.83493195E+02      0.00000000      0.00000000
 -0.02020000 -0.86447632E+02  0.75143646E+02      0.00000000      0.00000000
 -0.02010000 -0.74553093E+02  0.68230591E+02      0.00000000      0.00000000
 -0.02000000 -0.63516052E+02  0.62433212E+02      0.00000000      0.00000000
 -0.01990000 -0.52937584E+02  0.57407486E+02      0.00000000      0.00000000
 -0.01980000 -0.43193165E+02  0.53219128E+02      0.00000000      0.00000000
 -0.01970000 -0.33896023E+02  0.49605392E+02      0.00000000      0.00000000
 -0.01960000 -0.25159054E+02  0.46541122E+02      0.00000000      0.00000000
 -0.01950000 -0.16941135E+02  0.43947556E+02      0.00000000      0.00000000
 -0.01940000 -0.88990116E+01  0.41676094E+02      0.00000000      0.00000000
 -0.01930000 -0.12645340E+01  0.39761024E+02      0.00000000      0.00000000
 -0.01920000  0.61001968E+01  0.38133690E+02      0.00000000      0.00000000
 -0.01910000  0.13183907E+02  0.36771713E+02      0.00000000      0.00000000
 -0.01900000  0.20122589E+02  0.35629761E+02      0.00000000      0.00000000
 -0.01890000  0.26756689E+02  0.34713982E+02      0.00000000      0.00000000
 -0.01880000  0.33239902E+02  0.33984421E+02      0.00000000      0.00000000
 -0.01870000  0.39628170E+02  0.33425423E+02      0.00000000      0.00000000
 -0.01860000  0.46002308E+02  0.33024330E+02      0.00000000      0.00000000
 -0.01850000  0.52285431E+02  0.32780621E+02      0.00000000      0.00000000
 -0.01840000  0.58477764E+02  0.32688023E+02      0.00000000      0.00000000
 -0.01830000  0.64786423E+02  0.32741913E+02      0.00000000      0.00000000
 -0.01820000  0.71133835E+02  0.32947491E+02      0.00000000      0.00000000
 -0.01810000  0.77505211E+02  0.33303112E+02      0.00000000      0.00000000
 -0.01800000  0.83924934E+02  0.33812729E+02      0.00000000      0.00000000
 -0.01790000  0.90444611E+02  0.34484474E+02      0.00000000      0.00000000
 -0.01780000  0.97050293E+02  0.35322754E+02      0.00000000      0.00000000
 -0.01770000  0.10387332E+03  0.36353165E+02      0.00000000      0.00000000
 -0.01760000  0.11099945E+03  0.37607464E+02      0.00000000      0.00000000
 -0.01750000  0.11832399E+03  0.39084957E+02      0.00000000      0.00000000
 -0.01740000  0.12578833E+03  0.40787003E+02      0.00000000      0.00000000
 -0.01730000  0.13364244E+03  0.42791401E+02      0.00000000      0.00000000
 -0.01720000  0.14181650E+03  0.45112007E+02      0.00000000      0.00000000
 -0.01710000  0.15031728E+03  0.47780960E+02      0.00000000      0.00000000
 -0.01700000  0.15933374E+03  0.50900639E+02      0.00000000      0.00000000
 -0.01690000  0.16891399E+03  0.54546570E+02      0.00000000      0.00000000
 -0.01680000  0.17896709E+03  0.58748131E+02      0.00000000      0.00000000
 -0.01670000  0.18975458E+03  0.63697678E+02      0.00000000      0.00000000
 -0.01660000  0.20140538E+03  0.69579666E+02      0.00000000      0.00000000
 -0.01650000  0.21386090E+03  0.76516144E+02      0.00000000      0.00000000
 -0.01640000  0.22725392E+03  0.84773254E+02      0.00000000      0.00000000
 -0.01630000  0.24151689E+03  0.94554459E+02      0.00000000      0.00000000
 -0.01620000  0.25698663E+03  0.10644138E+03      0.00000000      0.00000000
 -0.01610000  0.27377103E+03  0.12105794E+03      0.00000000      0.00000000
 -0.01600000  0.29174838E+03  0.13906769E+03      0.00000000      0.00000000
 -0.01590000  0.31077722E+03  0.16146854E+03      0.00000000      0.00000000
 -0.01580000  0.33028067E+03  0.18928897E+03      0.00000000      0.00000000
 -0.01570000  0.34948526E+03  0.22417416E+03      0.00000000      0.00000000
 -0.01560000  0.36672806E+03  0.26788605E+03      0.00000000      0.00000000
 -0.01550000  0.37933191E+03  0.32355548E+03      0.00000000      0.00000000
 -0.01540000  0.38184070E+03  0.39304681E+03      0.00000000      0.00000000
 -0.01530000  0.36588416E+03  0.47560092E+03      0.00000000      0.00000000
 -0.01520000  0.32114001E+03  0.56509039E+03      0.00000000      0.00000000
 -0.01510000  0.24074951E+03  0.64607935E+03      0.00000000      0.00000000
 -0.01500000  0.12276649E+03  0.69965118E+03      0.00000000      0.00000000
 -0.01490000 -0.12977303E+02  0.70372351E+03      0.00000000      0.00000000
 -0.01480000 -0.13627740E+03  0.65575562E+03      0.00000000      0.00000000
 -0.01470000 -0.22303726E+03  0.57556641E+03      0.00000000      0.00000000
 -0.01460000 -0.27152432E+03  0.48563739E+03      0.00000000      0.00000000
 -0.01450000 -0.28958493E+03  0.40191156E+03      0.00000000      0.00000000
 -0.01440000 -0.28806259E+03  0.33204755E+03      0.00000000      0.00000000
 -0.01430000 -0.27575226E+03  0.27564990E+03      0.00000000      0.00000000
 -0.01420000 -0.25796671E+03  0.23065094E+03      0.00000000      0.00000000
 -0.01410000 -0.23778616E+03  0.19486935E+03      0.00000000      0.00000000
 -0.01400000 -0.21773431E+03  0.16737520E+03      0.00000000      0.00000000
 -0.01390000 -0.19782310E+03  0.14514761E+03      0.00000000      0.00000000
 -0.01380000 -0.17905026E+03  0.12759736E+03      0.00000000      0.00000000
 -0.01370000 -0.16138374E+03  0.11349869E+03      0.00000000      0.00000000
 -0.01360000 -0.14468694E+03  0.10202055E+03      0.00000000      0.00000000
 -0.01350000 -0.12921286E+03  0.92800056E+02      0.00000000      0.00000000
 -0.01340000 -0.11440510E+03  0.85142952E+02      0.00000000      0.00000000
 -0.01330000 -0.10028773E+03  0.78836807E+02      0.00000000      0.00000000
 -0.01320000 -0.87049271E+02  0.73765770E+02      0.00000000      0.00000000
 -0.01310000 -0.74411728E+02  0.69657028E+02      0.00000000      0.00000000
 -0.01300000 -0.62215744E+02  0.66358307E+02      0.00000000      0.00000000
 -0.01290000 -0.50460423E+02  0.63786037E+02      0.00000000      0.00000000
 -0.01280000 -0.38848732E+02  0.61819382E+02      0.00000000      0.00000000
 -0.01270000 -0.27699524E+02  0.60465706E+02      0.00000000      0.00000000
 -0.01260000 -0.16702583E+02  0.59644520E+02      0.00000000      0.00000000
 -0.01250000 -0.56326885E+01  0.59335735E+02      0.00000000      0.00000000
 -0.01240000  0.53738804E+01  0.59532654E+02      0.00000000      0.00000000
 -0.01230000  0.16334908E+02  0.60236877E+02      0.00000000      0.00000000
 -0.01220000  0.27502399E+02  0.61473248E+02      0.00000000      0.00000000
 -0.01210000  0.38869045E+02  0.63275467E+02      0.00000000      0.00000000
 -0.01200000  0.50692707E+02  0.65727051E+02      0.00000000      0.00000000
 -0.01190000  0.62815636E+02  0.68872437E+02      0.00000000      0.00000000
 -0.01180000  0.75390793E+02  0.72809586E+02      0.00000000      0.00000000
 -0.01170000  0.88368416E+02  0.77615082E+02      0.00000000      0.00000000
 -0.01160000  0.10230314E+03  0.83637184E+02      0.00000000      0.00000000
 -0.01150000  0.11702090E+03  0.91015366E+02      0.00000000      0.00000000
 -0.01140000  0.13260304E+03  0.10003665E+03      0.00000000      0.00000000
 -0.01130000  0.14903015E+03  0.11101079E+03      0.00000000      0.00000000
 -0.01120000  0.16659308E+03  0.12459756E+03      0.00000000      0.00000000
 -0.01110000  0.18531180E+03  0.14153491E+03      0.00000000      0.00000000
 -0.01100000  0.20503101E+03  0.16273975E+03      0.00000000      0.00000000
 -0.01090000  0.22522699E+03  0.18920184E+03      0.00000000      0.00000000
 -0.01080000  0.24543607E+03  0.22291437E+03      0.00000000      0.00000000
 -0.01070000  0.26406122E+03  0.26590808E+03      0.00000000      0.00000000
 -0.01060000  0.27804565E+03  0.31969788E+03      0.00000000      0.00000000
 -0.01050000  0.28276123E+03  0.38751361E+03      0.00000000      0.00000000
 -0.01040000  0.27014124E+03  0.46873181E+03      0.00000000      0.00000000
 -0.01030000  0.22962383E+03  0.55883826E+03      0.00000000      0.00000000
 -0.01020000  0.15086046E+03  0.64487830E+03      0.00000000      0.00000000
 -0.01010000  0.35135662E+02  0.70307617E+03      0.00000000      0.00000000
 -0.01000000 -0.10017557E+03  0.71322772E+03      0.00000000      0.00000000
 -0.00990000 -0.22690900E+03  0.67103656E+03      0.00000000      0.00000000
 -0.00980000 -0.32025027E+03  0.59306482E+03      0.00000000      0.00000000
 -0.00970000 -0.37523044E+03  0.50148419E+03      0.00000000      0.00000000
 -0.00960000 -0.39757208E+03  0.41632141E+03      0.00000000      0.00000000
 -0.00950000 -0.39914594E+03  0.34248975E+03      0.00000000      0.00000000
 -0.00940000 -0.38866672E+03  0.28271698E+03      0.00000000      0.00000000
 -0.00930000 -0.37196204E+03  0.23465805E+03      0.00000000      0.00000000
 -0.00920000 -0.35297540E+03  0.19711731E+03      0.00000000      0.00000000
 -0.00910000 -0.33355750E+03  0.16743747E+03      0.00000000      0.00000000
 -0.00900000 -0.31458551E+03  0.14366196E+03      0.00000000      0.00000000
 -0.00890000 -0.29667911E+03  0.12459599E+03      0.00000000      0.00000000
 -0.00880000 -0.27985602E+03  0.10900899E+03      0.00000000      0.00000000
 -0.00870000 -0.26440305E+03  0.96344528E+02      0.00000000      0.00000000
 -0.00860000 -0.25005672E+03  0.85809959E+02      0.00000000      0.00000000
 -0.00850000 -0.23669400E+03  0.76941292E+02      0.00000000      0.00000000
 -0.00840000 -0.22446722E+03  0.69552361E+02      0.00000000      0.00000000
 -0.00830000 -0.21307297E+03  0.63246773E+02      0.00000000      0.00000000
 -0.00820000 -0.20244116E+03  0.57837349E+02      0.00000000      0.00000000
 -0.00810000 -0.19267493E+03  0.53249275E+02      0.00000000      0.00000000
 -0.00800000 -0.18341650E+03  0.49223061E+02      0.00000000      0.00000000
 -0.00790000 -0.17466214E+03  0.45695621E+02      0.00000000      0.00000000
 -0.00780000 -0.16662396E+03  0.42687454E+02      0.00000000      0.00000000
 -0.00770000 -0.15899432E+03  0.40031010E+02      0.00000000      0.00000000
 -0.00760000 -0.15174887E+03  0.37685352E+02      0.00000000      0.00000000
 -0.00750000 -0.14487433E+03  0.35614246E+02      0.00000000      0.00000000
 -0.00740000 -0.13827794E+03  0.33767555E+02      0.00000000      0.00000000
 -0.00730000 -0.13215500E+03  0.32174034E+02      0.00000000      0.00000000
 -0.00720000 -0.12621215E+03  0.30737942E+02      0.00000000      0.00000000
 -0.00710000 -0.12045403E+03  0.29450621E+02      0.00000000      0.00000000
 -0.00700000 -0.11491096E+03  0.28307034E+02      0.00000000      0.00000000
 -0.00690000 -0.10954497E+03  0.27289070E+02      0.00000000      0.00000000
 -0.00680000 -0.10424937E+03  0.26370934E+02      0.00000000      0.00000000
 -0.00670000 -0.99177780E+02  0.25569645E+02      0.00000000      0.00000000
 -0.00660000 -0.94308044E+02  0.24872807E+02      0.00000000      0.00000000
 -0.00650000 -0.89624542E+02  0.24268185E+02      0.00000000      0.00000000
 -0.00640000 -0.84925171E+02  0.23729448E+02      0.00000000      0.00000000
 -0.00630000 -0.80304649E+02  0.23265087E+02      0.00000000      0.00000000
 -0.00620000 -0.75791786E+02  0.22873543E+02      0.00000000      0.00000000
 -0.00610000 -0.71386597E+02  0.22549400E+02      0.00000000      0.00000000
 -0.00600000 -0.67044365E+02  0.22286129E+02      0.00000000      0.00000000
 -0.00590000 -0.62749310E+02  0.22081673E+02      0.00000000      0.00000000
 -0.00580000 -0.58454689E+02  0.21932877E+02      0.00000000      0.00000000
 -0.00570000 -0.54145512E+02  0.21840549E+02      0.00000000      0.00000000
 -0.00560000 -0.49912624E+02  0.21802620E+02      0.00000000      0.00000000
 -0.00550000 -0.45642548E+02  0.21818356E+02      0.00000000      0.00000000
 -0.00540000 -0.41333305E+02  0.21890146E+02      0.00000000      0.00000000
 -0.00530000 -0.37059639E+02  0.22012831E+02      0.00000000      0.00000000
 -0.00520000 -0.32726578E+02  0.22192677E+02      0.00000000      0.00000000
 -0.00510000 -0.28364075E+02  0.22428881E+02      0.00000000      0.00000000
 -0.00500000 -0.23880699E+02  0.22729893E+02      0.00000000      0.00000000
 -0.00490000 -0.19395130E+02  0.23085720E+02      0.00000000      0.00000000
 -0.00480000 -0.14907646E+02  0.23494566E+02      0.00000000      0.00000000
 -0.00470000 -0.10234020E+02  0.23983366E+02      0.00000000      0.00000000
 -0.00460000 -0.54804192E+01  0.24540104E+02      0.00000000      0.00000000
 -0.00450000 -0.65409470E+00  0.25165028E+02      0.00000000      0.00000000
 -0.00440000  0.42654686E+01  0.25864182E+02      0.00000000      0.00000000
 -0.00430000  0.93345108E+01  0.26649948E+02      0.00000000      0.00000000
 -0.00420000  0.14505844E+02  0.27516289E+02      0.00000000      0.00000000
 -0.00410000  0.20030228E+02  0.28522705E+02      0.00000000      0.00000000
 -0.00400000  0.25589592E+02  0.29601486E+02      0.00000000      0.00000000
 -0.00390000  0.31418777E+02  0.30812595E+02      0.00000000      0.00000000
 -0.00380000  0.37541988E+02  0.32170456E+02      0.00000000      0.00000000
 -0.00370000  0.43951675E+02  0.33689537E+02      0.00000000      0.00000000
 -0.00360000  0.50619629E+02  0.35360992E+02      0.00000000      0.00000000
 -0.00350000  0.57490067E+02  0.37172707E+02      0.00000000      0.00000000
 -0.00340000  0.64831177E+02  0.39224529E+02      0.00000000      0.00000000
 -0.00330000  0.72507538E+02  0.41484001E+02      0.00000000      0.00000000
 -0.00320000  0.80678040E+02  0.44017342E+02      0.00000000      0.00000000
 -0.00310000  0.89219818E+02  0.46806797E+02      0.00000000      0.00000000
 -0.00300000  0.98085350E+02  0.49823563E+02      0.00000000      0.00000000
 -0.00290000  0.10749385E+03  0.53171738E+02      0.00000000      0.00000000
 -0.00280000  0.11770837E+03  0.57004059E+02      0.00000000      0.00000000
 -0.00270000  0.12854361E+03  0.61254826E+02      0.00000000      0.00000000
 -0.00260000  0.14008722E+03  0.65991989E+02      0.00000000      0.00000000
 -0.00250000  0.15276962E+03  0.71472397E+02      0.00000000      0.00000000
 -0.00240000  0.16652490E+03  0.77691193E+02      0.00000000      0.00000000
 -0.00230000  0.18108060E+03  0.84544388E+02      0.00000000      0.00000000
 -0.00220000  0.19720294E+03  0.92569550E+02      0.00000000      0.00000000
 -0.00210000  0.21475682E+03  0.10172193E+03      0.00000000      0.00000000
 -0.00200000  0.23366939E+03  0.11200529E+03      0.00000000      0.00000000
 -0.00190000  0.25414499E+03  0.12359145E+03      0.00000000      0.00000000
 -0.00180000  0.27675323E+03  0.13706310E+03      0.00000000      0.00000000
 -0.00170000  0.30197668E+03  0.15276454E+03      0.00000000      0.00000000
 -0.00160000  0.32949646E+03  0.17058865E+03      0.00000000      0.00000000
 -0.00150000  0.36043091E+03  0.19170169E+03      0.00000000      0.00000000
 -0.00140000  0.39465433E+03  0.21559592E+03      0.00000000      0.00000000
 -0.00130000  0.43362646E+03  0.24424823E+03      0.00000000      0.00000000
 -0.00120000  0.47813489E+03  0.27811810E+03      0.00000000      0.00000000
 -0.00110000  0.52784973E+03  0.31567981E+03      0.00000000      0.00000000
 -0.00100000  0.58655261E+03  0.36103497E+03      0.00000000      0.00000000
 -0.00090000  0.65376221E+03  0.41109451E+03      0.00000000      0.00000000
 -0.00080000  0.73599768E+03  0.47180591E+03      0.00000000      0.00000000
 -0.00070000  0.83672241E+03  0.53942877E+03      0.00000000      0.00000000
 -0.00060000  0.96540686E+03  0.61555872E+03      0.00000000      0.00000000
 -0.00050000  0.11310122E+04  0.68794263E+03      0.00000000      0.00000000
 -0.00040000  0.13569791E+04  0.74594690E+03      0.00000000      0.00000000
 -0.00030000  0.16598495E+04  0.74356952E+03      0.00000000      0.00000000
 -0.00020000  0.20369871E+04  0.60051978E+03      0.00000000      0.00000000
 -0.00010000  0.23485857E+04  0.17326270E+03      0.00000000      0.00000000
  0.00000000  0.24060095E+04 -0.46821640E+03      0.00000000      0.00000000
  0.00010000  0.20166388E+04 -0.10106587E+04      0.00000000      0.00000000
  0.00020000  0.14525115E+04 -0.11755692E+04      0.00000000      0.00000000
  0.00030000  0.10065751E+04 -0.10789210E+04      0.00000000      0.00000000
  0.00040000  0.71246350E+03 -0.91634381E+03      0.00000000      0.00000000
  0.00050000  0.52097375E+03 -0.75408411E+03      0.00000000      0.00000000
  0.00060000  0.39115396E+03 -0.61414447E+03      0.00000000      0.00000000
  0.00070000  0.30061713E+03 -0.50210898E+03      0.00000000      0.00000000
  0.00080000  0.23296365E+03 -0.41246368E+03      0.00000000      0.00000000
  0.00090000  0.18067436E+03 -0.33952164E+03      0.00000000      0.00000000
  0.00100000  0.13887677E+03 -0.27942697E+03      0.00000000      0.00000000
  0.00110000  0.10462993E+03 -0.23122487E+03      0.00000000      0.00000000
  0.00120000  0.76395477E+02 -0.19267067E+03      0.00000000      0.00000000
  0.00130000  0.52369659E+02 -0.16084753E+03      0.00000000      0.00000000
  0.00140000  0.32112076E+02 -0.13513324E+03      0.00000000      0.00000000
  0.00150000  0.14780151E+02 -0.11361221E+03      0.00000000      0.00000000
  0.00160000 -0.59143066E-01 -0.95961639E+02      0.00000000      0.00000000
  0.00170000 -0.12838821E+02 -0.81329239E+02      0.00000000      0.00000000
  0.00180000 -0.23915024E+02 -0.68978378E+02      0.00000000      0.00000000
  0.00190000 -0.33363754E+02 -0.58853882E+02      0.00000000      0.00000000
  0.00200000 -0.41570419E+02 -0.50291519E+02      0.00000000      0.00000000
  0.00210000 -0.48690048E+02 -0.43061253E+02      0.00000000      0.00000000
  0.00220000 -0.54812126E+02 -0.36996399E+02      0.00000000      0.00000000
  0.00230000 -0.60175568E+02 -0.31782528E+02      0.00000000      0.00000000
  0.00240000 -0.64896942E+02 -0.27271212E+02      0.00000000      0.00000000
  0.00250000 -0.68927826E+02 -0.23473448E+02      0.00000000      0.00000000
  0.00260000 -0.72395813E+02 -0.20237965E+02      0.00000000      0.00000000
  0.00270000 -0.75443787E+02 -0.17412334E+02      0.00000000      0.00000000
  0.00280000 -0.78052246E+02 -0.14996239E+02      0.00000000      0.00000000
  0.00290000 -0.80311371E+02 -0.12895569E+02      0.00000000      0.00000000
  0.00300000 -0.82271683E+02 -0.11054928E+02      0.00000000      0.00000000
  0.00310000 -0.83927505E+02 -0.94805737E+01      0.00000000      0.00000000
  0.00320000 -0.85344788E+02 -0.81079121E+01      0.00000000      0.00000000
  0.00330000 -0.86531403E+02 -0.69123268E+01      0.00000000      0.00000000
  0.00340000 -0.87569420E+02 -0.58420124E+01      0.00000000      0.00000000
  0.00350000 -0.88440399E+02 -0.49133396E+01      0.00000000      0.00000000
  0.00360000 -0.89164032E+02 -0.40949030E+01      0.00000000      0.00000000
  0.00370000 -0.89752907E+02 -0.33764420E+01      0.00000000      0.00000000
  0.00380000 -0.90230568E+02 -0.27397003E+01      0.00000000      0.00000000
  0.00390000 -0.90597031E+02 -0.21825628E+01      0.00000000      0.00000000
  0.00400000 -0.90891640E+02 -0.16854286E+01      0.00000000      0.00000000
  0.00410000 -0.91093842E+02 -0.12488041E+01      0.00000000      0.00000000
  0.00420000 -0.91225769E+02 -0.86148262E+00      0.00000000      0.00000000
  0.00430000 -0.91290703E+02 -0.51967525E+00      0.00000000      0.00000000
  0.00440000 -0.91312752E+02 -0.20989799E+00      0.00000000      0.00000000
  0.00450000 -0.91255585E+02  0.58396339E-01      0.00000000      0.00000000
  0.00460000 -0.91176834E+02  0.30008221E+00      0.00000000      0.00000000
  0.00470000 -0.91055420E+02  0.51115704E+00      0.00000000      0.00000000
  0.00480000 -0.90894226E+02  0.69964314E+00      0.00000000      0.00000000
  0.00490000 -0.90698151E+02  0.86718464E+00      0.00000000      0.00000000
  0.00500000 -0.90464371E+02  0.10140305E+01      0.00000000      0.00000000
  0.00510000 -0.90224922E+02  0.11452513E+01      0.00000000      0.00000000
  0.00520000 -0.89963135E+02  0.12600660E+01      0.00000000      0.00000000
  0.00530000 -0.89674194E+02  0.13625813E+01      0.00000000      0.00000000
  0.00540000 -0.89373245E+02  0.14517384E+01      0.00000000      0.00000000
  0.00550000 -0.89055862E+02  0.15298805E+01      0.00000000      0.00000000
  0.00560000 -0.88725403E+02  0.15982037E+01      0.00000000      0.00000000
  0.00570000 -0.88386658E+02  0.16579428E+01      0.00000000      0.00000000
  0.00580000 -0.88041084E+02  0.17101812E+01      0.00000000      0.00000000
  0.00590000 -0.87684601E+02  0.17552633E+01      0.00000000      0.00000000
  0.00600000 -0.87312485E+02  0.17924576E+01      0.00000000      0.00000000
  0.00610000 -0.86943298E+02  0.18247032E+01      0.00000000      0.00000000
  0.00620000 -0.86566116E+02  0.18520088E+01      0.00000000      0.00000000
  0.00630000 -0.86191673E+02  0.18738718E+01      0.00000000      0.00000000
  0.00640000 -0.85802856E+02  0.18909540E+01      0.00000000      0.00000000
  0.00650000 -0.85414520E+02  0.19041176E+01      0.00000000      0.00000000
  0.00660000 -0.85030678E+02  0.19135752E+01      0.00000000      0.00000000
  0.00670000 -0.84634636E+02  0.19188099E+01      0.00000000      0.00000000
  0.00680000 -0.84247383E+02  0.19212151E+01      0.00000000      0.00000000
  0.00690000 -0.83863586E+02  0.19211702E+01      0.00000000      0.00000000
  0.00700000 -0.83474228E+02  0.19174957E+01      0.00000000      0.00000000
  0.00710000 -0.83085884E+02  0.19112720E+01      0.00000000      0.00000000
  0.00720000 -0.82696381E+02  0.19021444E+01      0.00000000      0.00000000
  0.00730000 -0.82308655E+02  0.18904209E+01      0.00000000      0.00000000
  0.00740000 -0.81929054E+02  0.18765268E+01      0.00000000      0.00000000
  0.00750000 -0.81546219E+02  0.18598995E+01      0.00000000      0.00000000
  0.00760000 -0.81172653E+02  0.18410301E+01      0.00000000      0.00000000
  0.00770000 -0.80802231E+02  0.18194180E+01      0.00000000      0.00000000
  0.00780000 -0.80440086E+02  0.17952080E+01      0.00000000      0.00000000
  0.00790000 -0.80072464E+02  0.17675362E+01      0.00000000      0.00000000
  0.00800000 -0.79714554E+02  0.17368240E+01      0.00000000      0.00000000
  0.00810000 -0.79366776E+02  0.17025185E+01      0.00000000      0.00000000
  0.00820000 -0.79024391E+02  0.16636600E+01      0.00000000      0.00000000
  0.00830000 -0.78684219E+02  0.16202888E+01      0.00000000      0.00000000
  0.00840000 -0.78354225E+02  0.15711098E+01      0.00000000      0.00000000
  0.00850000 -0.78032593E+02  0.15144882E+01      0.00000000      0.00000000
  0.00860000 -0.77718216E+02  0.14497910E+01      0.00000000      0.00000000
  0.00870000 -0.77414040E+02  0.13743057E+01      0.00000000      0.00000000
  0.00880000 -0.77120926E+02  0.12857590E+01      0.00000000      0.00000000
  0.00890000 -0.76833694E+02  0.11807709E+01      0.00000000      0.00000000
  0.00900000 -0.76553741E+02  0.10557022E+01      0.00000000      0.00000000
  0.00910000 -0.76286560E+02  0.90038300E+00      0.00000000      0.00000000
  0.00920000 -0.76024323E+02  0.71245575E+00      0.00000000      0.00000000
  0.00930000 -0.75762131E+02  0.47779083E+00      0.00000000      0.00000000
  0.00940000 -0.75490356E+02  0.18328857E+00      0.00000000      0.00000000
  0.00950000 -0.75176941E+02 -0.18182373E+00      0.00000000      0.00000000
  0.00960000 -0.74804535E+02 -0.62673950E+00      0.00000000      0.00000000
  0.00970000 -0.74317398E+02 -0.11453400E+01      0.00000000      0.00000000
  0.00980000 -0.73642990E+02 -0.16951599E+01      0.00000000      0.00000000
  0.00990000 -0.72740837E+02 -0.21718750E+01      0.00000000      0.00000000
