 -0.03000000  0.66686188E+02  0.16677656E+01      0.00000000      0.00000000
 -0.02990000  0.67022011E+02  0.16838424E+01      0.00000000      0.00000000
 -0.02980000  0.67355179E+02  0.16998714E+01      0.00000000      0.00000000
 -0.02970000  0.67697449E+02  0.17164208E+01      0.00000000      0.00000000
 -0.02960000  0.68043968E+02  0.17332422E+01      0.00000000      0.00000000
 -0.02950000  0.68387505E+02  0.17500045E+01      0.00000000      0.00000000
 -0.02940000  0.68733116E+02  0.17669570E+01      0.00000000      0.00000000
 -0.02930000  0.69090622E+02  0.17845825E+01      0.00000000      0.00000000
 -0.02920000  0.69443741E+02  0.18020742E+01      0.00000000      0.00000000
 -0.02910000  0.69807655E+02  0.18201842E+01      0.00000000      0.00000000
 -0.02900000  0.70171844E+02  0.18384007E+01      0.00000000      0.00000000
 -0.02890000  0.70542313E+02  0.18570132E+01      0.00000000      0.00000000
 -0.02880000  0.70914955E+02  0.18758366E+01      0.00000000      0.00000000
 -0.02870000  0.71297379E+02  0.18952607E+01      0.00000000      0.00000000
 -0.02860000  0.71673843E+02  0.19144788E+01      0.00000000      0.00000000
 -0.02850000  0.72056152E+02  0.19340887E+01      0.00000000      0.00000000
 -0.02840000  0.72439499E+02  0.19538518E+01      0.00000000      0.00000000
 -0.02830000  0.72829300E+02  0.19740614E+01      0.00000000      0.00000000
 -0.02820000  0.73229141E+02  0.19948964E+01      0.00000000      0.00000000
 -0.02810000  0.73628746E+02  0.20158165E+01      0.00000000      0.00000000
 -0.02800000  0.74034569E+02  0.20371842E+01      0.00000000      0.00000000
 -0.02790000  0.74449066E+02  0.20591240E+01      0.00000000      0.00000000
 -0.02780000  0.74860504E+02  0.20810165E+01      0.00000000      0.00000000
 -0.02770000  0.75282089E+02  0.21035836E+01      0.00000000      0.00000000
 -0.02760000  0.75711235E+02  0.21266685E+01      0.00000000      0.00000000
 -0.02750000  0.76137329E+02  0.21497226E+01      0.00000000      0.00000000
 -0.02740000  0.76569016E+02  0.21732039E+01      0.00000000      0.00000000
 -0.02730000  0.77012253E+02  0.21974511E+01      0.00000000      0.00000000
 -0.02720000  0.77454010E+02  0.22217474E+01      0.00000000      0.00000000
 -0.02710000  0.77900398E+02  0.22464461E+01      0.00000000      0.00000000
 -0.02700000  0.78350471E+02  0.22714868E+01      0.00000000      0.00000000
 -0.02690000  0.78802765E+02  0.22967844E+01      0.00000000      0.00000000
 -0.02680000  0.79263527E+02  0.23226888E+01      0.00000000      0.00000000
 -0.02670000  0.79731430E+02  0.23491588E+01      0.00000000      0.00000000
 -0.02660000  0.80208351E+02  0.23763142E+01      0.00000000      0.00000000
 -0.02650000  0.80682968E+02  0.24034877E+01      0.00000000      0.00000000
 -0.02640000  0.81169441E+02  0.24314895E+01      0.00000000      0.00000000
 -0.02630000  0.81649361E+02  0.24592805E+01      0.00000000      0.00000000
 -0.02620000  0.82144836E+02  0.24881308E+01      0.00000000      0.00000000
 -0.02610000  0.82653091E+02  0.25179310E+01      0.00000000      0.00000000
 -0.02600000  0.83154678E+02  0.25475080E+01      0.00000000      0.00000000
 -0.02590000  0.83665085E+02  0.25777879E+01      0.00000000      0.00000000
 -0.02580000  0.84179672E+02  0.26084857E+01      0.00000000      0.00000000
 -0.02570000  0.84709763E+02  0.26403155E+01      0.00000000      0.00000000
 -0.02560000  0.85246506E+02  0.26727602E+01      0.00000000      0.00000000
 -0.02550000  0.85780670E+02  0.27052336E+01      0.00000000      0.00000000
 -0.02540000  0.86321426E+02  0.27383189E+01      0.00000000      0.00000000
 -0.02530000  0.86871033E+02  0.27721543E+01      0.00000000      0.00000000
 -0.02520000  0.87434326E+02  0.28070467E+01      0.00000000      0.00000000
 -0.02510000  0.88002136E+02  0.28424511E+01      0.00000000      0.00000000
 -0.02500000  0.88574852E+02  0.28783946E+01      0.00000000      0.00000000
 -0.02490000  0.89148834E+02  0.29146442E+01      0.00000000      0.00000000
 -0.02480000  0.89730766E+02  0.29516375E+01      0.00000000      0.00000000
 -0.02470000  0.90325790E+02  0.29896963E+01      0.00000000      0.00000000
 -0.02460000  0.90927094E+02  0.30284352E+01      0.00000000      0.00000000
 -0.02450000  0.91525810E+02  0.30672526E+01      0.00000000      0.00000000
 -0.02440000  0.92140266E+02  0.31073670E+01      0.00000000      0.00000000
 -0.02430000  0.92760078E+02  0.31480875E+01      0.00000000      0.00000000
 -0.02420000  0.93386261E+02  0.31895113E+01      0.00000000      0.00000000
 -0.02410000  0.94025284E+02  0.32320781E+01      0.00000000      0.00000000
 -0.02400000  0.94678070E+02  0.32758837E+01      0.00000000      0.00000000
 -0.02390000  0.95341064E+02  0.33206782E+01      0.00000000      0.00000000
 -0.02380000  0.96006973E+02  0.33659656E+01      0.00000000      0.00000000
 -0.02370000  0.96676849E+02  0.34118721E+01      0.00000000      0.00000000
 -0.02360000  0.97368759E+02  0.34596159E+01      0.00000000      0.00000000
 -0.02350000  0.98063721E+02  0.35079200E+01      0.00000000      0.00000000
 -0.02340000  0.98767746E+02  0.35572169E+01      0.00000000      0.00000000
 -0.02330000  0.99477348E+02  0.36072741E+01      0.00000000      0.00000000
 -0.02320000  0.10019175E+03  0.36580241E+01      0.00000000      0.00000000
 -0.02310000  0.10093005E+03  0.37108717E+01      0.00000000      0.00000000
 -0.02300000  0.10167694E+03  0.37647603E+01      0.00000000      0.00000000
 -0.02290000  0.10242442E+03  0.38190796E+01      0.00000000      0.00000000
 -0.02280000  0.10319797E+03  0.38757246E+01      0.00000000      0.00000000
 -0.02270000  0.10397866E+03  0.39333396E+01      0.00000000      0.00000000
 -0.02260000  0.10476027E+03  0.39914825E+01      0.00000000      0.00000000
 -0.02250000  0.10556359E+03  0.40516872E+01      0.00000000      0.00000000
 -0.02240000  0.10637469E+03  0.41129498E+01      0.00000000      0.00000000
 -0.02230000  0.10720239E+03  0.41760101E+01      0.00000000      0.00000000
 -0.02220000  0.10804414E+03  0.42406478E+01      0.00000000      0.00000000
 -0.02210000  0.10890028E+03  0.43069558E+01      0.00000000      0.00000000
 -0.02200000  0.10977280E+03  0.43750477E+01      0.00000000      0.00000000
 -0.02190000  0.11065492E+03  0.44445124E+01      0.00000000      0.00000000
 -0.02180000  0.11157025E+03  0.45172052E+01      0.00000000      0.00000000
 -0.02170000  0.11248213E+03  0.45902042E+01      0.00000000      0.00000000
 -0.02160000  0.11341174E+03  0.46652851E+01      0.00000000      0.00000000
 -0.02150000  0.11434928E+03  0.47417336E+01      0.00000000      0.00000000
 -0.02140000  0.11528793E+03  0.48189116E+01      0.00000000      0.00000000
 -0.02130000  0.11626199E+03  0.48997250E+01      0.00000000      0.00000000
 -0.02120000  0.11726033E+03  0.49832768E+01      0.00000000      0.00000000
 -0.02110000  0.11825916E+03  0.50676308E+01      0.00000000      0.00000000
 -0.02100000  0.11926859E+03  0.51536498E+01      0.00000000      0.00000000
 -0.02090000  0.12028333E+03  0.52409306E+01      0.00000000      0.00000000
 -0.02080000  0.12134666E+03  0.53332095E+01      0.00000000      0.00000000
 -0.02070000  0.12241685E+03  0.54270048E+01      0.00000000      0.00000000
 -0.02060000  0.12350403E+03  0.55232058E+01      0.00000000      0.00000000
 -0.02050000  0.12462471E+03  0.56233168E+01      0.00000000      0.00000000
 -0.02040000  0.12575745E+03  0.57254915E+01      0.00000000      0.00000000
 -0.02030000  0.12691200E+03  0.58307276E+01      0.00000000      0.00000000
 -0.02020000  0.12806987E+03  0.59372153E+01      0.00000000      0.00000000
 -0.02010000  0.12926872E+03  0.60486631E+01      0.00000000      0.00000000
 -0.02000000  0.13047147E+03  0.61616116E+01      0.00000000      0.00000000
 -0.01990000  0.13170346E+03  0.62785473E+01      0.00000000      0.00000000
 -0.01980000  0.13297395E+03  0.64003844E+01      0.00000000      0.00000000
 -0.01970000  0.13426494E+03  0.65255537E+01      0.00000000      0.00000000
 -0.01960000  0.13556155E+03  0.66526017E+01      0.00000000      0.00000000
 -0.01950000  0.13690741E+03  0.67859211E+01      0.00000000      0.00000000
 -0.01940000  0.13827377E+03  0.69227595E+01      0.00000000      0.00000000
 -0.01930000  0.13966951E+03  0.70640612E+01      0.00000000      0.00000000
 -0.01920000  0.14108051E+03  0.72086387E+01      0.00000000      0.00000000
 -0.01910000  0.14253200E+03  0.73589683E+01      0.00000000      0.00000000
 -0.01900000  0.14402852E+03  0.75158806E+01      0.00000000      0.00000000
 -0.01890000  0.14553017E+03  0.76751299E+01      0.00000000      0.00000000
 -0.01880000  0.14707895E+03  0.78413429E+01      0.00000000      0.00000000
 -0.01870000  0.14867020E+03  0.80143003E+01      0.00000000      0.00000000
 -0.01860000  0.15027319E+03  0.81906710E+01      0.00000000      0.00000000
 -0.01850000  0.15190222E+03  0.83722134E+01      0.00000000      0.00000000
 -0.01840000  0.15358038E+03  0.85615921E+01      0.00000000      0.00000000
 -0.01830000  0.15528979E+03  0.87568712E+01      0.00000000      0.00000000
 -0.01820000  0.15707404E+03  0.89634104E+01      0.00000000      0.00000000
 -0.01810000  0.15885448E+03  0.91722965E+01      0.00000000      0.00000000
 -0.01800000  0.16070714E+03  0.93925915E+01      0.00000000      0.00000000
 -0.01790000  0.16260217E+03  0.96210775E+01      0.00000000      0.00000000
 -0.01780000  0.16451712E+03  0.98550797E+01      0.00000000      0.00000000
 -0.01770000  0.16646236E+03  0.10096254E+02      0.00000000      0.00000000
 -0.01760000  0.16848744E+03  0.10351006E+02      0.00000000      0.00000000
 -0.01750000  0.17059573E+03  0.10620125E+02      0.00000000      0.00000000
 -0.01740000  0.17272420E+03  0.10895830E+02      0.00000000      0.00000000
 -0.01730000  0.17495085E+03  0.11188487E+02      0.00000000      0.00000000
 -0.01720000  0.17719482E+03  0.11488192E+02      0.00000000      0.00000000
 -0.01710000  0.17952377E+03  0.11804275E+02      0.00000000      0.00000000
 -0.01700000  0.18192679E+03  0.12135608E+02      0.00000000      0.00000000
 -0.01690000  0.18438034E+03  0.12479633E+02      0.00000000      0.00000000
 -0.01680000  0.18685519E+03  0.12832386E+02      0.00000000      0.00000000
 -0.01670000  0.18943219E+03  0.13205973E+02      0.00000000      0.00000000
 -0.01660000  0.19204405E+03  0.13590885E+02      0.00000000      0.00000000
 -0.01650000  0.19478613E+03  0.14002195E+02      0.00000000      0.00000000
 -0.01640000  0.19756825E+03  0.14427032E+02      0.00000000      0.00000000
 -0.01630000  0.20044330E+03  0.14874158E+02      0.00000000      0.00000000
 -0.01620000  0.20341875E+03  0.15345622E+02      0.00000000      0.00000000
 -0.01610000  0.20652039E+03  0.15846719E+02      0.00000000      0.00000000
 -0.01600000  0.20969391E+03  0.16368994E+02      0.00000000      0.00000000
 -0.01590000  0.21293355E+03  0.16913265E+02      0.00000000      0.00000000
 -0.01580000  0.21628389E+03  0.17487400E+02      0.00000000      0.00000000
 -0.01570000  0.21977477E+03  0.18097847E+02      0.00000000      0.00000000
 -0.01560000  0.22341475E+03  0.18748596E+02      0.00000000      0.00000000
 -0.01550000  0.22715704E+03  0.19431814E+02      0.00000000      0.00000000
 -0.01540000  0.23107205E+03  0.20163187E+02      0.00000000      0.00000000
 -0.01530000  0.23511864E+03  0.20936781E+02      0.00000000      0.00000000
 -0.01520000  0.23928641E+03  0.21752403E+02      0.00000000      0.00000000
 -0.01510000  0.24364392E+03  0.22625496E+02      0.00000000      0.00000000
 -0.01500000  0.24810254E+03  0.23541264E+02      0.00000000      0.00000000
 -0.01490000  0.25273387E+03  0.24517269E+02      0.00000000      0.00000000
 -0.01480000  0.25766696E+03  0.25583469E+02      0.00000000      0.00000000
 -0.01470000  0.26274585E+03  0.26711405E+02      0.00000000      0.00000000
 -0.01460000  0.26811642E+03  0.27937725E+02      0.00000000      0.00000000
 -0.01450000  0.27367789E+03  0.29243080E+02      0.00000000      0.00000000
 -0.01440000  0.27950873E+03  0.30653780E+02      0.00000000      0.00000000
 -0.01430000  0.28558588E+03  0.32169979E+02      0.00000000      0.00000000
 -0.01420000  0.29195349E+03  0.33806309E+02      0.00000000      0.00000000
 -0.01410000  0.29867981E+03  0.35592728E+02      0.00000000      0.00000000
 -0.01400000  0.30586487E+03  0.37567154E+02      0.00000000      0.00000000
 -0.01390000  0.31336517E+03  0.39701454E+02      0.00000000      0.00000000
 -0.01380000  0.32127106E+03  0.42033516E+02      0.00000000      0.00000000
 -0.01370000  0.32947772E+03  0.44548954E+02      0.00000000      0.00000000
 -0.01360000  0.33815512E+03  0.47311462E+02      0.00000000      0.00000000
 -0.01350000  0.34724231E+03  0.50321354E+02      0.00000000      0.00000000
 -0.01340000  0.35700635E+03  0.53697315E+02      0.00000000      0.00000000
 -0.01330000  0.36725598E+03  0.57396965E+02      0.00000000      0.00000000
 -0.01320000  0.37841364E+03  0.61618744E+02      0.00000000      0.00000000
 -0.01310000  0.39024078E+03  0.66309212E+02      0.00000000      0.00000000
 -0.01300000  0.40303894E+03  0.71654747E+02      0.00000000      0.00000000
 -0.01290000  0.41662512E+03  0.77640717E+02      0.00000000      0.00000000
 -0.01280000  0.43120621E+03  0.84447464E+02      0.00000000      0.00000000
 -0.01270000  0.44673972E+03  0.92148972E+02      0.00000000      0.00000000
 -0.01260000  0.46346109E+03  0.10099568E+03      0.00000000      0.00000000
 -0.01250000  0.48181586E+03  0.11139517E+03      0.00000000      0.00000000
 -0.01240000  0.50175256E+03  0.12357838E+03      0.00000000      0.00000000
 -0.01230000  0.52322119E+03  0.13779813E+03      0.00000000      0.00000000
 -0.01220000  0.54634351E+03  0.15459579E+03      0.00000000      0.00000000
 -0.01210000  0.57158362E+03  0.17482996E+03      0.00000000      0.00000000
 -0.01200000  0.59925500E+03  0.19972209E+03      0.00000000      0.00000000
 -0.01190000  0.62869342E+03  0.23011697E+03      0.00000000      0.00000000
 -0.01180000  0.65932410E+03  0.26699704E+03      0.00000000      0.00000000
 -0.01170000  0.69129028E+03  0.31348071E+03      0.00000000      0.00000000
 -0.01160000  0.72176324E+03  0.37020233E+03      0.00000000      0.00000000
 -0.01150000  0.74879810E+03  0.44203696E+03      0.00000000      0.00000000
 -0.01140000  0.76632812E+03  0.52999341E+03      0.00000000      0.00000000
 -0.01130000  0.76598474E+03  0.63585620E+03      0.00000000      0.00000000
 -0.01120000  0.73726636E+03  0.75280103E+03      0.00000000      0.00000000
 -0.01110000  0.66917334E+03  0.87056439E+03      0.00000000      0.00000000
 -0.01100000  0.56105603E+03  0.96446210E+03      0.00000000      0.00000000
 -0.01090000  0.43540533E+03  0.10158043E+04      0.00000000      0.00000000
 -0.01080000  0.31638126E+03  0.10259119E+04      0.00000000      0.00000000
 -0.01070000  0.22366313E+03  0.10166541E+04      0.00000000      0.00000000
 -0.01060000  0.14972557E+03  0.10104324E+04      0.00000000      0.00000000
 -0.01050000  0.77144455E+02  0.10182572E+04      0.00000000      0.00000000
 -0.01040000 -0.17350506E+02  0.10290029E+04      0.00000000      0.00000000
 -0.01030000 -0.13684537E+03  0.10187974E+04      0.00000000      0.00000000
 -0.01020000 -0.26221552E+03  0.96687183E+03      0.00000000      0.00000000
 -0.01010000 -0.36741580E+03  0.87303918E+03      0.00000000      0.00000000
 -0.01000000 -0.43470959E+03  0.75528650E+03      0.00000000      0.00000000
 -0.00990000 -0.46144476E+03  0.63840259E+03      0.00000000      0.00000000
 -0.00980000 -0.45941357E+03  0.53409619E+03      0.00000000      0.00000000
 -0.00970000 -0.43940469E+03  0.44591840E+03      0.00000000      0.00000000
 -0.00960000 -0.41092316E+03  0.37680795E+03      0.00000000      0.00000000
 -0.00950000 -0.37764606E+03  0.32010889E+03      0.00000000      0.00000000
 -0.00940000 -0.34437738E+03  0.27651883E+03      0.00000000      0.00000000
 -0.00930000 -0.31091986E+03  0.24052429E+03      0.00000000      0.00000000
 -0.00920000 -0.27919751E+03  0.21185924E+03      0.00000000      0.00000000
 -0.00910000 -0.24951442E+03  0.18890051E+03      0.00000000      0.00000000
 -0.00900000 -0.22116333E+03  0.16984200E+03      0.00000000      0.00000000
 -0.00890000 -0.19431174E+03  0.15416055E+03      0.00000000      0.00000000
 -0.00880000 -0.16944649E+03  0.14142322E+03      0.00000000      0.00000000
 -0.00870000 -0.14624553E+03  0.13099042E+03      0.00000000      0.00000000
 -0.00860000 -0.12395449E+03  0.12226671E+03      0.00000000      0.00000000
 -0.00850000 -0.10251512E+03  0.11498056E+03      0.00000000      0.00000000
 -0.00840000 -0.82180527E+02  0.10901214E+03      0.00000000      0.00000000
 -0.00830000 -0.62588367E+02  0.10415652E+03      0.00000000      0.00000000
 -0.00820000 -0.44012226E+02  0.10032289E+03      0.00000000      0.00000000
 -0.00810000 -0.25617949E+02  0.97269882E+02      0.00000000      0.00000000
 -0.00800000 -0.78016567E+01  0.94954575E+02      0.00000000      0.00000000
 -0.00790000  0.98606129E+01  0.93356583E+02      0.00000000      0.00000000
 -0.00780000  0.27252804E+02  0.92409683E+02      0.00000000      0.00000000
 -0.00770000  0.44497395E+02  0.92070030E+02      0.00000000      0.00000000
 -0.00760000  0.61978897E+02  0.92345955E+02      0.00000000      0.00000000
 -0.00750000  0.79807297E+02  0.93262062E+02      0.00000000      0.00000000
 -0.00740000  0.97228508E+02  0.94734840E+02      0.00000000      0.00000000
 -0.00730000  0.11489990E+03  0.96826340E+02      0.00000000      0.00000000
 -0.00720000  0.13314221E+03  0.99693321E+02      0.00000000      0.00000000
 -0.00710000  0.15206149E+03  0.10335391E+03      0.00000000      0.00000000
 -0.00700000  0.17137871E+03  0.10778276E+03      0.00000000      0.00000000
 -0.00690000  0.19187663E+03  0.11335799E+03      0.00000000      0.00000000
 -0.00680000  0.21322661E+03  0.12005954E+03      0.00000000      0.00000000
 -0.00670000  0.23526955E+03  0.12790910E+03      0.00000000      0.00000000
 -0.00660000  0.25841840E+03  0.13726050E+03      0.00000000      0.00000000
 -0.00650000  0.28348560E+03  0.14877563E+03      0.00000000      0.00000000
 -0.00640000  0.31014810E+03  0.16261040E+03      0.00000000      0.00000000
 -0.00630000  0.33839929E+03  0.17918869E+03      0.00000000      0.00000000
 -0.00620000  0.36832193E+03  0.19907535E+03      0.00000000      0.00000000
 -0.00610000  0.40084598E+03  0.22389868E+03      0.00000000      0.00000000
 -0.00600000  0.43502567E+03  0.25399319E+03      0.00000000      0.00000000
 -0.00590000  0.47104633E+03  0.29126941E+03      0.00000000      0.00000000
 -0.00580000  0.50784097E+03  0.33699808E+03      0.00000000      0.00000000
 -0.00570000  0.54536157E+03  0.39570013E+03      0.00000000      0.00000000
 -0.00560000  0.58028711E+03  0.46939523E+03      0.00000000      0.00000000
 -0.00550000  0.60845361E+03  0.56408875E+03      0.00000000      0.00000000
 -0.00540000  0.62087622E+03  0.67987390E+03      0.00000000      0.00000000
 -0.00530000  0.60592322E+03  0.81646985E+03      0.00000000      0.00000000
 -0.00520000  0.54296259E+03  0.97476172E+03      0.00000000      0.00000000
 -0.00510000  0.41793405E+03  0.11248535E+04      0.00000000      0.00000000
 -0.00500000  0.22166835E+03  0.12335253E+04      0.00000000      0.00000000
 -0.00490000 -0.63591995E+01  0.12578691E+04      0.00000000      0.00000000
 -0.00480000 -0.22501353E+03  0.11893165E+04      0.00000000      0.00000000
 -0.00470000 -0.38214594E+03  0.10596681E+04      0.00000000      0.00000000
 -0.00460000 -0.47279132E+03  0.90665247E+03      0.00000000      0.00000000
 -0.00450000 -0.50807849E+03  0.75885620E+03      0.00000000      0.00000000
 -0.00440000 -0.50497919E+03  0.63107068E+03      0.00000000      0.00000000
 -0.00430000 -0.48040552E+03  0.53062372E+03      0.00000000      0.00000000
 -0.00420000 -0.44478821E+03  0.45119757E+03      0.00000000      0.00000000
 -0.00410000 -0.40580820E+03  0.39078073E+03      0.00000000      0.00000000
 -0.00400000 -0.36325439E+03  0.34158649E+03      0.00000000      0.00000000
 -0.00390000 -0.32084476E+03  0.30327228E+03      0.00000000      0.00000000
 -0.00380000 -0.27970450E+03  0.27377838E+03      0.00000000      0.00000000
 -0.00370000 -0.23824966E+03  0.25027972E+03      0.00000000      0.00000000
 -0.00360000 -0.19991800E+03  0.23285129E+03      0.00000000      0.00000000
 -0.00350000 -0.16258289E+03  0.21956155E+03      0.00000000      0.00000000
 -0.00340000 -0.12626208E+03  0.20971327E+03      0.00000000      0.00000000
 -0.00330000 -0.89540993E+02  0.20277490E+03      0.00000000      0.00000000
 -0.00320000 -0.53761414E+02  0.19846193E+03      0.00000000      0.00000000
 -0.00310000 -0.18264755E+02  0.19640555E+03      0.00000000      0.00000000
 -0.00300000  0.17261459E+02  0.19631589E+03      0.00000000      0.00000000
 -0.00290000  0.55073090E+02  0.19872595E+03      0.00000000      0.00000000
 -0.00280000  0.92026733E+02  0.20259619E+03      0.00000000      0.00000000
 -0.00270000  0.12862599E+03  0.20771227E+03      0.00000000      0.00000000
 -0.00260000  0.16744751E+03  0.21504886E+03      0.00000000      0.00000000
 -0.00250000  0.20837621E+03  0.22453137E+03      0.00000000      0.00000000
 -0.00240000  0.25118161E+03  0.23584071E+03      0.00000000      0.00000000
 -0.00230000  0.29757458E+03  0.25005475E+03      0.00000000      0.00000000
 -0.00220000  0.34378714E+03  0.26485593E+03      0.00000000      0.00000000
 -0.00210000  0.39259790E+03  0.28169452E+03      0.00000000      0.00000000
 -0.00200000  0.44607892E+03  0.30190280E+03      0.00000000      0.00000000
 -0.00190000  0.50336877E+03  0.32432285E+03      0.00000000      0.00000000
 -0.00180000  0.56744769E+03  0.35167007E+03      0.00000000      0.00000000
 -0.00170000  0.63174707E+03  0.37805737E+03      0.00000000      0.00000000
 -0.00160000  0.70559869E+03  0.41086783E+03      0.00000000      0.00000000
 -0.00150000  0.78511261E+03  0.44570358E+03      0.00000000      0.00000000
 -0.00140000  0.87054346E+03  0.48184137E+03      0.00000000      0.00000000
 -0.00130000  0.96569928E+03  0.52183899E+03      0.00000000      0.00000000
 -0.00120000  0.10691117E+04  0.56176776E+03      0.00000000      0.00000000
 -0.00110000  0.11836522E+04  0.60299542E+03      0.00000000      0.00000000
 -0.00100000  0.13100325E+04  0.64293500E+03      0.00000000      0.00000000
 -0.00090000  0.14668350E+04  0.69526123E+03      0.00000000      0.00000000
 -0.00080000  0.16162498E+04  0.71844177E+03      0.00000000      0.00000000
 -0.00070000  0.17927964E+04  0.73829553E+03      0.00000000      0.00000000
 -0.00060000  0.19944141E+04  0.74714862E+03      0.00000000      0.00000000
 -0.00050000  0.21955718E+04  0.71549170E+03      0.00000000      0.00000000
 -0.00040000  0.24011538E+04  0.64381897E+03      0.00000000      0.00000000
 -0.00030000  0.25693601E+04  0.51292572E+03      0.00000000      0.00000000
 -0.00020000  0.27634011E+04  0.34803162E+03      0.00000000      0.00000000
 -0.00010000  0.28156399E+04  0.11761612E+03      0.00000000      0.00000000
  0.00000000  0.27997202E+04 -0.12116917E+03      0.00000000      0.00000000
  0.00010000  0.27639019E+04 -0.36105579E+03      0.00000000      0.00000000
  0.00020000  0.26456802E+04 -0.57653540E+03      0.00000000      0.00000000
  0.00030000  0.24307725E+04 -0.72093127E+03      0.00000000      0.00000000
  0.00040000  0.22135066E+04 -0.81951453E+03      0.00000000      0.00000000
  0.00050000  0.19587286E+04 -0.84161444E+03      0.00000000      0.00000000
  0.00060000  0.17479611E+04 -0.84795129E+03      0.00000000      0.00000000
  0.00070000  0.15441729E+04 -0.81679114E+03      0.00000000      0.00000000
  0.00080000  0.13550320E+04 -0.76152014E+03      0.00000000      0.00000000
  0.00090000  0.11882006E+04 -0.69962512E+03      0.00000000      0.00000000
  0.00100000  0.10501863E+04 -0.64502313E+03      0.00000000      0.00000000
  0.00110000  0.92644751E+03 -0.58698016E+03      0.00000000      0.00000000
  0.00120000  0.81807477E+03 -0.53310089E+03      0.00000000      0.00000000
  0.00130000  0.71815326E+03 -0.47731116E+03      0.00000000      0.00000000
  0.00140000  0.63249951E+03 -0.43042987E+03      0.00000000      0.00000000
  0.00150000  0.55510089E+03 -0.38675781E+03      0.00000000      0.00000000
  0.00160000  0.48543005E+03 -0.34727112E+03      0.00000000      0.00000000
  0.00170000  0.42725861E+03 -0.31616824E+03      0.00000000      0.00000000
  0.00180000  0.37216534E+03 -0.28568134E+03      0.00000000      0.00000000
  0.00190000  0.32364780E+03 -0.25993088E+03      0.00000000      0.00000000
  0.00200000  0.27786365E+03 -0.23558090E+03      0.00000000      0.00000000
  0.00210000  0.23816624E+03 -0.21586946E+03      0.00000000      0.00000000
  0.00220000  0.20144754E+03 -0.19813290E+03      0.00000000      0.00000000
  0.00230000  0.16745697E+03 -0.18248343E+03      0.00000000      0.00000000
  0.00240000  0.13552429E+03 -0.16831339E+03      0.00000000      0.00000000
  0.00250000  0.10610626E+03 -0.15611511E+03      0.00000000      0.00000000
  0.00260000  0.78298607E+02 -0.14539355E+03      0.00000000      0.00000000
  0.00270000  0.52911324E+02 -0.13658435E+03      0.00000000      0.00000000
  0.00280000  0.28438740E+02 -0.12894463E+03      0.00000000      0.00000000
  0.00290000  0.61745720E+01 -0.12302577E+03      0.00000000      0.00000000
  0.00300000 -0.15630937E+02 -0.11811650E+03      0.00000000      0.00000000
  0.00310000 -0.36425541E+02 -0.11453384E+03      0.00000000      0.00000000
  0.00320000 -0.57488300E+02 -0.11201779E+03      0.00000000      0.00000000
  0.00330000 -0.77131645E+02 -0.11106994E+03      0.00000000      0.00000000
  0.00340000 -0.96343925E+02 -0.11152583E+03      0.00000000      0.00000000
  0.00350000 -0.11504026E+03 -0.11346445E+03      0.00000000      0.00000000
  0.00360000 -0.13407805E+03 -0.11710648E+03      0.00000000      0.00000000
  0.00370000 -0.15361832E+03 -0.12288277E+03      0.00000000      0.00000000
  0.00380000 -0.17305687E+03 -0.13104166E+03      0.00000000      0.00000000
  0.00390000 -0.19347600E+03 -0.14260986E+03      0.00000000      0.00000000
  0.00400000 -0.21355923E+03 -0.15785045E+03      0.00000000      0.00000000
  0.00410000 -0.23372104E+03 -0.17825784E+03      0.00000000      0.00000000
  0.00420000 -0.25270801E+03 -0.20485541E+03      0.00000000      0.00000000
  0.00430000 -0.26968033E+03 -0.24066487E+03      0.00000000      0.00000000
  0.00440000 -0.28021741E+03 -0.28439062E+03      0.00000000      0.00000000
  0.00450000 -0.28070486E+03 -0.34012408E+03      0.00000000      0.00000000
  0.00460000 -0.26399023E+03 -0.40220343E+03      0.00000000      0.00000000
  0.00470000 -0.22229160E+03 -0.46814371E+03      0.00000000      0.00000000
  0.00480000 -0.14943677E+03 -0.52366382E+03      0.00000000      0.00000000
  0.00490000 -0.54300381E+02 -0.54867291E+03      0.00000000      0.00000000
  0.00500000  0.46957489E+02 -0.53337024E+03      0.00000000      0.00000000
  0.00510000  0.12860362E+03 -0.48349936E+03      0.00000000      0.00000000
  0.00520000  0.18135406E+03 -0.41643845E+03      0.00000000      0.00000000
  0.00530000  0.20713719E+03 -0.34755612E+03      0.00000000      0.00000000
  0.00540000  0.21310840E+03 -0.28710205E+03      0.00000000      0.00000000
  0.00550000  0.20739157E+03 -0.23653345E+03      0.00000000      0.00000000
  0.00560000  0.19571829E+03 -0.19649078E+03      0.00000000      0.00000000
  0.00570000  0.18111633E+03 -0.16413445E+03      0.00000000      0.00000000
  0.00580000  0.16556862E+03 -0.13830823E+03      0.00000000      0.00000000
  0.00590000  0.15060739E+03 -0.11829443E+03      0.00000000      0.00000000
  0.00600000  0.13646841E+03 -0.10225244E+03      0.00000000      0.00000000
  0.00610000  0.12303018E+03 -0.88980431E+02      0.00000000      0.00000000
  0.00620000  0.11096355E+03 -0.78440155E+02      0.00000000      0.00000000
  0.00630000  0.99341164E+02 -0.69235252E+02      0.00000000      0.00000000
  0.00640000  0.88647583E+02 -0.61548676E+02      0.00000000      0.00000000
  0.00650000  0.78888786E+02 -0.55129875E+02      0.00000000      0.00000000
  0.00660000  0.69979004E+02 -0.49718803E+02      0.00000000      0.00000000
  0.00670000  0.61832764E+02 -0.45122444E+02      0.00000000      0.00000000
  0.00680000  0.54349747E+02 -0.41188499E+02      0.00000000      0.00000000
  0.00690000  0.47369507E+02 -0.37752724E+02      0.00000000      0.00000000
  0.00700000  0.40827164E+02 -0.34730141E+02      0.00000000      0.00000000
  0.00710000  0.34843842E+02 -0.32133083E+02      0.00000000      0.00000000
  0.00720000  0.29203964E+02 -0.29832619E+02      0.00000000      0.00000000
  0.00730000  0.23799034E+02 -0.27757320E+02      0.00000000      0.00000000
  0.00740000  0.18859440E+02 -0.25981205E+02      0.00000000      0.00000000
  0.00750000  0.14241917E+02 -0.24425659E+02      0.00000000      0.00000000
  0.00760000  0.97959480E+01 -0.23024635E+02      0.00000000      0.00000000
  0.00770000  0.55806637E+01 -0.21793701E+02      0.00000000      0.00000000
  0.00780000  0.15979691E+01 -0.20720123E+02      0.00000000      0.00000000
  0.00790000 -0.22091331E+01 -0.19786205E+02      0.00000000      0.00000000
  0.00800000 -0.58315506E+01 -0.18986279E+02      0.00000000      0.00000000
  0.00810000 -0.94206352E+01 -0.18283653E+02      0.00000000      0.00000000
  0.00820000 -0.12710001E+02 -0.17736145E+02      0.00000000      0.00000000
  0.00830000 -0.16082678E+02 -0.17274139E+02      0.00000000      0.00000000
  0.00840000 -0.19319492E+02 -0.16940018E+02      0.00000000      0.00000000
  0.00850000 -0.22455475E+02 -0.16729263E+02      0.00000000      0.00000000
  0.00860000 -0.25547150E+02 -0.16651161E+02      0.00000000      0.00000000
  0.00870000 -0.28594307E+02 -0.16707161E+02      0.00000000      0.00000000
  0.00880000 -0.31698898E+02 -0.16921974E+02      0.00000000      0.00000000
  0.00890000 -0.34709122E+02 -0.17311066E+02      0.00000000      0.00000000
  0.00900000 -0.37782928E+02 -0.17908615E+02      0.00000000      0.00000000
  0.00910000 -0.40930435E+02 -0.18770035E+02      0.00000000      0.00000000
  0.00920000 -0.44099205E+02 -0.19942009E+02      0.00000000      0.00000000
  0.00930000 -0.47263046E+02 -0.21474365E+02      0.00000000      0.00000000
  0.00940000 -0.50465393E+02 -0.23490784E+02      0.00000000      0.00000000
  0.00950000 -0.53684601E+02 -0.26152969E+02      0.00000000      0.00000000
  0.00960000 -0.56766541E+02 -0.29559784E+02      0.00000000      0.00000000
  0.00970000 -0.59551025E+02 -0.33975830E+02      0.00000000      0.00000000
  0.00980000 -0.61630676E+02 -0.39525513E+02      0.00000000      0.00000000
  0.00990000 -0.62406570E+02 -0.46133942E+02      0.00000000      0.00000000
