 -0.03000000  0.72534203E+02  0.20264373E+01      0.00000000      0.00000000
 -0.02990000  0.72938141E+02  0.20485826E+01      0.00000000      0.00000000
 -0.02980000  0.73348862E+02  0.20712309E+01      0.00000000      0.00000000
 -0.02970000  0.73766197E+02  0.20943773E+01      0.00000000      0.00000000
 -0.02960000  0.74184387E+02  0.21176987E+01      0.00000000      0.00000000
 -0.02950000  0.74600555E+02  0.21410458E+01      0.00000000      0.00000000
 -0.02940000  0.75031570E+02  0.21653688E+01      0.00000000      0.00000000
 -0.02930000  0.75469734E+02  0.21902378E+01      0.00000000      0.00000000
 -0.02920000  0.75908257E+02  0.22152698E+01      0.00000000      0.00000000
 -0.02910000  0.76362114E+02  0.22413425E+01      0.00000000      0.00000000
 -0.02900000  0.76808296E+02  0.22671266E+01      0.00000000      0.00000000
 -0.02890000  0.77266075E+02  0.22937388E+01      0.00000000      0.00000000
 -0.02880000  0.77734848E+02  0.23211508E+01      0.00000000      0.00000000
 -0.02870000  0.78197617E+02  0.23483920E+01      0.00000000      0.00000000
 -0.02860000  0.78662949E+02  0.23759484E+01      0.00000000      0.00000000
 -0.02850000  0.79140442E+02  0.24043925E+01      0.00000000      0.00000000
 -0.02840000  0.79624985E+02  0.24334416E+01      0.00000000      0.00000000
 -0.02830000  0.80111374E+02  0.24627855E+01      0.00000000      0.00000000
 -0.02820000  0.80604294E+02  0.24927144E+01      0.00000000      0.00000000
 -0.02810000  0.81105240E+02  0.25233319E+01      0.00000000      0.00000000
 -0.02800000  0.81618347E+02  0.25548873E+01      0.00000000      0.00000000
 -0.02790000  0.82138817E+02  0.25870981E+01      0.00000000      0.00000000
 -0.02780000  0.82651276E+02  0.26190352E+01      0.00000000      0.00000000
 -0.02770000  0.83179688E+02  0.26521733E+01      0.00000000      0.00000000
 -0.02760000  0.83709869E+02  0.26856394E+01      0.00000000      0.00000000
 -0.02750000  0.84250641E+02  0.27200069E+01      0.00000000      0.00000000
 -0.02740000  0.84799286E+02  0.27551103E+01      0.00000000      0.00000000
 -0.02730000  0.85357056E+02  0.27910361E+01      0.00000000      0.00000000
 -0.02720000  0.85917076E+02  0.28273630E+01      0.00000000      0.00000000
 -0.02710000  0.86483971E+02  0.28643832E+01      0.00000000      0.00000000
 -0.02700000  0.87064529E+02  0.29025645E+01      0.00000000      0.00000000
 -0.02690000  0.87644272E+02  0.29409366E+01      0.00000000      0.00000000
 -0.02680000  0.88237206E+02  0.29804721E+01      0.00000000      0.00000000
 -0.02670000  0.88838104E+02  0.30208178E+01      0.00000000      0.00000000
 -0.02660000  0.89443665E+02  0.30617807E+01      0.00000000      0.00000000
 -0.02650000  0.90057289E+02  0.31035790E+01      0.00000000      0.00000000
 -0.02640000  0.90682693E+02  0.31464870E+01      0.00000000      0.00000000
 -0.02630000  0.91319687E+02  0.31905184E+01      0.00000000      0.00000000
 -0.02620000  0.91956680E+02  0.32348518E+01      0.00000000      0.00000000
 -0.02610000  0.92605286E+02  0.32803478E+01      0.00000000      0.00000000
 -0.02600000  0.93265717E+02  0.33270283E+01      0.00000000      0.00000000
 -0.02590000  0.93941032E+02  0.33751059E+01      0.00000000      0.00000000
 -0.02580000  0.94613739E+02  0.34233570E+01      0.00000000      0.00000000
 -0.02570000  0.95297668E+02  0.34728045E+01      0.00000000      0.00000000
 -0.02560000  0.96006302E+02  0.35244331E+01      0.00000000      0.00000000
 -0.02550000  0.96708290E+02  0.35759597E+01      0.00000000      0.00000000
 -0.02540000  0.97430832E+02  0.36294379E+01      0.00000000      0.00000000
 -0.02530000  0.98149200E+02  0.36830220E+01      0.00000000      0.00000000
 -0.02520000  0.98889954E+02  0.37387214E+01      0.00000000      0.00000000
 -0.02510000  0.99631798E+02  0.37949314E+01      0.00000000      0.00000000
 -0.02500000  0.10039820E+03  0.38534935E+01      0.00000000      0.00000000
 -0.02490000  0.10117667E+03  0.39134541E+01      0.00000000      0.00000000
 -0.02480000  0.10197115E+03  0.39751670E+01      0.00000000      0.00000000
 -0.02470000  0.10277388E+03  0.40380430E+01      0.00000000      0.00000000
 -0.02460000  0.10358017E+03  0.41017308E+01      0.00000000      0.00000000
 -0.02450000  0.10439691E+03  0.41668119E+01      0.00000000      0.00000000
 -0.02440000  0.10524524E+03  0.42349653E+01      0.00000000      0.00000000
 -0.02430000  0.10608982E+03  0.43034286E+01      0.00000000      0.00000000
 -0.02420000  0.10695731E+03  0.43743529E+01      0.00000000      0.00000000
 -0.02410000  0.10783781E+03  0.44469662E+01      0.00000000      0.00000000
 -0.02400000  0.10872610E+03  0.45208912E+01      0.00000000      0.00000000
 -0.02390000  0.10962962E+03  0.45967717E+01      0.00000000      0.00000000
 -0.02380000  0.11056777E+03  0.46762667E+01      0.00000000      0.00000000
 -0.02370000  0.11149773E+03  0.47557864E+01      0.00000000      0.00000000
 -0.02360000  0.11246152E+03  0.48389845E+01      0.00000000      0.00000000
 -0.02350000  0.11344006E+03  0.49242496E+01      0.00000000      0.00000000
 -0.02340000  0.11443997E+03  0.50121980E+01      0.00000000      0.00000000
 -0.02330000  0.11545581E+03  0.51024184E+01      0.00000000      0.00000000
 -0.02320000  0.11647289E+03  0.51936359E+01      0.00000000      0.00000000
 -0.02310000  0.11750992E+03  0.52875462E+01      0.00000000      0.00000000
 -0.02300000  0.11857170E+03  0.53846488E+01      0.00000000      0.00000000
 -0.02290000  0.11965954E+03  0.54851112E+01      0.00000000      0.00000000
 -0.02280000  0.12074794E+03  0.55866594E+01      0.00000000      0.00000000
 -0.02270000  0.12185474E+03  0.56909943E+01      0.00000000      0.00000000
 -0.02260000  0.12300134E+03  0.58001690E+01      0.00000000      0.00000000
 -0.02250000  0.12415669E+03  0.59113321E+01      0.00000000      0.00000000
 -0.02240000  0.12535111E+03  0.60274320E+01      0.00000000      0.00000000
 -0.02230000  0.12656069E+03  0.61463022E+01      0.00000000      0.00000000
 -0.02220000  0.12779420E+03  0.62688313E+01      0.00000000      0.00000000
 -0.02210000  0.12905693E+03  0.63956413E+01      0.00000000      0.00000000
 -0.02200000  0.13034676E+03  0.65266113E+01      0.00000000      0.00000000
 -0.02190000  0.13166766E+03  0.66622276E+01      0.00000000      0.00000000
 -0.02180000  0.13300970E+03  0.68016167E+01      0.00000000      0.00000000
 -0.02170000  0.13436685E+03  0.69441948E+01      0.00000000      0.00000000
 -0.02160000  0.13576932E+03  0.70932341E+01      0.00000000      0.00000000
 -0.02150000  0.13720329E+03  0.72474260E+01      0.00000000      0.00000000
 -0.02140000  0.13867609E+03  0.74077358E+01      0.00000000      0.00000000
 -0.02130000  0.14015201E+03  0.75703287E+01      0.00000000      0.00000000
 -0.02120000  0.14167136E+03  0.77397413E+01      0.00000000      0.00000000
 -0.02110000  0.14321324E+03  0.79138212E+01      0.00000000      0.00000000
 -0.02100000  0.14477344E+03  0.80921373E+01      0.00000000      0.00000000
 -0.02090000  0.14639737E+03  0.82801218E+01      0.00000000      0.00000000
 -0.02080000  0.14806989E+03  0.84762144E+01      0.00000000      0.00000000
 -0.02070000  0.14978726E+03  0.86802053E+01      0.00000000      0.00000000
 -0.02060000  0.15153275E+03  0.88903408E+01      0.00000000      0.00000000
 -0.02050000  0.15332368E+03  0.91088820E+01      0.00000000      0.00000000
 -0.02040000  0.15514240E+03  0.93338566E+01      0.00000000      0.00000000
 -0.02030000  0.15701955E+03  0.95693026E+01      0.00000000      0.00000000
 -0.02020000  0.15896866E+03  0.98172331E+01      0.00000000      0.00000000
 -0.02010000  0.16096007E+03  0.10074237E+02      0.00000000      0.00000000
 -0.02000000  0.16296246E+03  0.10336479E+02      0.00000000      0.00000000
 -0.01990000  0.16501483E+03  0.10609118E+02      0.00000000      0.00000000
 -0.01980000  0.16716309E+03  0.10898797E+02      0.00000000      0.00000000
 -0.01970000  0.16933554E+03  0.11196302E+02      0.00000000      0.00000000
 -0.01960000  0.17157504E+03  0.11507737E+02      0.00000000      0.00000000
 -0.01950000  0.17387689E+03  0.11832836E+02      0.00000000      0.00000000
 -0.01940000  0.17625089E+03  0.12173531E+02      0.00000000      0.00000000
 -0.01930000  0.17870238E+03  0.12531126E+02      0.00000000      0.00000000
 -0.01920000  0.18120241E+03  0.12901703E+02      0.00000000      0.00000000
 -0.01910000  0.18379178E+03  0.13292233E+02      0.00000000      0.00000000
 -0.01900000  0.18648679E+03  0.13705719E+02      0.00000000      0.00000000
 -0.01890000  0.18924521E+03  0.14136435E+02      0.00000000      0.00000000
 -0.01880000  0.19210327E+03  0.14590837E+02      0.00000000      0.00000000
 -0.01870000  0.19504170E+03  0.15066420E+02      0.00000000      0.00000000
 -0.01860000  0.19805759E+03  0.15563789E+02      0.00000000      0.00000000
 -0.01850000  0.20117126E+03  0.16086983E+02      0.00000000      0.00000000
 -0.01840000  0.20436185E+03  0.16633566E+02      0.00000000      0.00000000
 -0.01830000  0.20772162E+03  0.17220505E+02      0.00000000      0.00000000
 -0.01820000  0.21113988E+03  0.17829639E+02      0.00000000      0.00000000
 -0.01810000  0.21472351E+03  0.18481419E+02      0.00000000      0.00000000
 -0.01800000  0.21838211E+03  0.19160988E+02      0.00000000      0.00000000
 -0.01790000  0.22218480E+03  0.19882360E+02      0.00000000      0.00000000
 -0.01780000  0.22611404E+03  0.20644196E+02      0.00000000      0.00000000
 -0.01770000  0.23027396E+03  0.21468920E+02      0.00000000      0.00000000
 -0.01760000  0.23459355E+03  0.22345142E+02      0.00000000      0.00000000
 -0.01750000  0.23905106E+03  0.23271149E+02      0.00000000      0.00000000
 -0.01740000  0.24372531E+03  0.24265934E+02      0.00000000      0.00000000
 -0.01730000  0.24858167E+03  0.25325302E+02      0.00000000      0.00000000
 -0.01720000  0.25366742E+03  0.26463711E+02      0.00000000      0.00000000
 -0.01710000  0.25890088E+03  0.27665913E+02      0.00000000      0.00000000
 -0.01700000  0.26435529E+03  0.28952578E+02      0.00000000      0.00000000
 -0.01690000  0.27021179E+03  0.30373056E+02      0.00000000      0.00000000
 -0.01680000  0.27619070E+03  0.31864908E+02      0.00000000      0.00000000
 -0.01670000  0.28258813E+03  0.33508938E+02      0.00000000      0.00000000
 -0.01660000  0.28916696E+03  0.35251183E+02      0.00000000      0.00000000
 -0.01650000  0.29614456E+03  0.37157219E+02      0.00000000      0.00000000
 -0.01640000  0.30351343E+03  0.39236382E+02      0.00000000      0.00000000
 -0.01630000  0.31113409E+03  0.41458839E+02      0.00000000      0.00000000
 -0.01620000  0.31932397E+03  0.43930573E+02      0.00000000      0.00000000
 -0.01610000  0.32791724E+03  0.46618240E+02      0.00000000      0.00000000
 -0.01600000  0.33682257E+03  0.49508453E+02      0.00000000      0.00000000
 -0.01590000  0.34643039E+03  0.52746937E+02      0.00000000      0.00000000
 -0.01580000  0.35667578E+03  0.56341213E+02      0.00000000      0.00000000
 -0.01570000  0.36778226E+03  0.60407150E+02      0.00000000      0.00000000
 -0.01560000  0.37951984E+03  0.64898933E+02      0.00000000      0.00000000
 -0.01550000  0.39222183E+03  0.69991966E+02      0.00000000      0.00000000
 -0.01540000  0.40577029E+03  0.75698242E+02      0.00000000      0.00000000
 -0.01530000  0.42007840E+03  0.82040817E+02      0.00000000      0.00000000
 -0.01520000  0.43549445E+03  0.89252167E+02      0.00000000      0.00000000
 -0.01510000  0.45186707E+03  0.97360031E+02      0.00000000      0.00000000
 -0.01500000  0.46946954E+03  0.10661385E+03      0.00000000      0.00000000
 -0.01490000  0.48915567E+03  0.11766054E+03      0.00000000      0.00000000
 -0.01480000  0.51030103E+03  0.13039545E+03      0.00000000      0.00000000
 -0.01470000  0.53321118E+03  0.14528354E+03      0.00000000      0.00000000
 -0.01460000  0.55810278E+03  0.16286247E+03      0.00000000      0.00000000
 -0.01450000  0.58552179E+03  0.18409467E+03      0.00000000      0.00000000
 -0.01440000  0.61450415E+03  0.20895036E+03      0.00000000      0.00000000
 -0.01430000  0.64631152E+03  0.23956511E+03      0.00000000      0.00000000
 -0.01420000  0.68022595E+03  0.27687390E+03      0.00000000      0.00000000
 -0.01410000  0.71634363E+03  0.32350330E+03      0.00000000      0.00000000
 -0.01400000  0.75342743E+03  0.38193802E+03      0.00000000      0.00000000
 -0.01390000  0.78901086E+03  0.45495264E+03      0.00000000      0.00000000
 -0.01380000  0.81910449E+03  0.54626489E+03      0.00000000      0.00000000
 -0.01370000  0.83684393E+03  0.65898560E+03      0.00000000      0.00000000
 -0.01360000  0.83106628E+03  0.79656799E+03      0.00000000      0.00000000
 -0.01350000  0.78770038E+03  0.94897595E+03      0.00000000      0.00000000
 -0.01340000  0.68964771E+03  0.11074441E+04      0.00000000      0.00000000
 -0.01330000  0.53638721E+03  0.12397277E+04      0.00000000      0.00000000
 -0.01320000  0.34486658E+03  0.13216036E+04      0.00000000      0.00000000
 -0.01310000  0.14070633E+03  0.13447778E+04      0.00000000      0.00000000
 -0.01300000 -0.59014610E+02  0.13115090E+04      0.00000000      0.00000000
 -0.01290000 -0.24183702E+03  0.12221447E+04      0.00000000      0.00000000
 -0.01280000 -0.38156671E+03  0.10889409E+04      0.00000000      0.00000000
 -0.01270000 -0.46512738E+03  0.94025946E+03      0.00000000      0.00000000
 -0.01260000 -0.50085019E+03  0.79178821E+03      0.00000000      0.00000000
 -0.01250000 -0.49964221E+03  0.66212274E+03      0.00000000      0.00000000
 -0.01240000 -0.47586401E+03  0.55584705E+03      0.00000000      0.00000000
 -0.01230000 -0.43999319E+03  0.47133157E+03      0.00000000      0.00000000
 -0.01220000 -0.39829218E+03  0.40499191E+03      0.00000000      0.00000000
 -0.01210000 -0.35600134E+03  0.35507507E+03      0.00000000      0.00000000
 -0.01200000 -0.31351868E+03  0.31642062E+03      0.00000000      0.00000000
 -0.01190000 -0.27206506E+03  0.28724524E+03      0.00000000      0.00000000
 -0.01180000 -0.23116754E+03  0.26543512E+03      0.00000000      0.00000000
 -0.01170000 -0.19167398E+03  0.25043274E+03      0.00000000      0.00000000
 -0.01160000 -0.15408197E+03  0.24152525E+03      0.00000000      0.00000000
 -0.01150000 -0.11757323E+03  0.23799069E+03      0.00000000      0.00000000
 -0.01140000 -0.80964325E+02  0.23981018E+03      0.00000000      0.00000000
 -0.01130000 -0.45012192E+02  0.24739697E+03      0.00000000      0.00000000
 -0.01120000 -0.10111389E+02  0.26117688E+03      0.00000000      0.00000000
 -0.01110000  0.24678871E+02  0.28283029E+03      0.00000000      0.00000000
 -0.01100000  0.57686661E+02  0.31376059E+03      0.00000000      0.00000000
 -0.01090000  0.86863586E+02  0.35577817E+03      0.00000000      0.00000000
 -0.01080000  0.10887839E+03  0.41153595E+03      0.00000000      0.00000000
 -0.01070000  0.11736229E+03  0.48212997E+03      0.00000000      0.00000000
 -0.01060000  0.10325020E+03  0.56524634E+03      0.00000000      0.00000000
 -0.01050000  0.54874462E+02  0.65464606E+03      0.00000000      0.00000000
 -0.01040000 -0.33843052E+02  0.73017462E+03      0.00000000      0.00000000
 -0.01030000 -0.15912978E+03  0.76885291E+03      0.00000000      0.00000000
 -0.01020000 -0.29044656E+03  0.75296631E+03      0.00000000      0.00000000
 -0.01010000 -0.40272211E+03  0.68746301E+03      0.00000000      0.00000000
 -0.01000000 -0.47516074E+03  0.59558563E+03      0.00000000      0.00000000
 -0.00990000 -0.50897955E+03  0.50202362E+03      0.00000000      0.00000000
 -0.00980000 -0.51576062E+03  0.41755344E+03      0.00000000      0.00000000
 -0.00970000 -0.50605789E+03  0.34809064E+03      0.00000000      0.00000000
 -0.00960000 -0.48720566E+03  0.29095557E+03      0.00000000      0.00000000
 -0.00950000 -0.46441724E+03  0.24580812E+03      0.00000000      0.00000000
 -0.00940000 -0.44023328E+03  0.20973328E+03      0.00000000      0.00000000
 -0.00930000 -0.41636755E+03  0.18103290E+03      0.00000000      0.00000000
 -0.00920000 -0.39330035E+03  0.15776562E+03      0.00000000      0.00000000
 -0.00910000 -0.37170718E+03  0.13900462E+03      0.00000000      0.00000000
 -0.00900000 -0.35143167E+03  0.12355055E+03      0.00000000      0.00000000
 -0.00890000 -0.33270508E+03  0.11084697E+03      0.00000000      0.00000000
 -0.00880000 -0.31529086E+03  0.10022485E+03      0.00000000      0.00000000
 -0.00870000 -0.29895258E+03  0.91202408E+02      0.00000000      0.00000000
 -0.00860000 -0.28398294E+03  0.83661301E+02      0.00000000      0.00000000
 -0.00850000 -0.26967804E+03  0.77071999E+02      0.00000000      0.00000000
 -0.00840000 -0.25658026E+03  0.71517662E+02      0.00000000      0.00000000
 -0.00830000 -0.24392439E+03  0.66581467E+02      0.00000000      0.00000000
 -0.00820000 -0.23213768E+03  0.62334869E+02      0.00000000      0.00000000
 -0.00810000 -0.22088873E+03  0.58591389E+02      0.00000000      0.00000000
 -0.00800000 -0.21033778E+03  0.55338184E+02      0.00000000      0.00000000
 -0.00790000 -0.20019205E+03  0.52443951E+02      0.00000000      0.00000000
 -0.00780000 -0.19059579E+03  0.49912689E+02      0.00000000      0.00000000
 -0.00770000 -0.18133267E+03  0.47656586E+02      0.00000000      0.00000000
 -0.00760000 -0.17249417E+03  0.45669250E+02      0.00000000      0.00000000
 -0.00750000 -0.16374696E+03  0.43867859E+02      0.00000000      0.00000000
 -0.00740000 -0.15537454E+03  0.42289505E+02      0.00000000      0.00000000
 -0.00730000 -0.14741663E+03  0.40913460E+02      0.00000000      0.00000000
 -0.00720000 -0.13959541E+03  0.39682980E+02      0.00000000      0.00000000
 -0.00710000 -0.13198871E+03  0.38609695E+02      0.00000000      0.00000000
 -0.00700000 -0.12460543E+03  0.37671982E+02      0.00000000      0.00000000
 -0.00690000 -0.11746524E+03  0.36863556E+02      0.00000000      0.00000000
 -0.00680000 -0.11036737E+03  0.36167259E+02      0.00000000      0.00000000
 -0.00670000 -0.10337420E+03  0.35573830E+02      0.00000000      0.00000000
 -0.00660000 -0.96431213E+02  0.35083290E+02      0.00000000      0.00000000
 -0.00650000 -0.89651367E+02  0.34689240E+02      0.00000000      0.00000000
 -0.00640000 -0.82887405E+02  0.34383713E+02      0.00000000      0.00000000
 -0.00630000 -0.76139633E+02  0.34172810E+02      0.00000000      0.00000000
 -0.00620000 -0.69430695E+02  0.34051975E+02      0.00000000      0.00000000
 -0.00610000 -0.62770092E+02  0.34017746E+02      0.00000000      0.00000000
 -0.00600000 -0.56221115E+02  0.34046867E+02      0.00000000      0.00000000
 -0.00590000 -0.49544403E+02  0.34175972E+02      0.00000000      0.00000000
 -0.00580000 -0.42759735E+02  0.34386383E+02      0.00000000      0.00000000
 -0.00570000 -0.36090378E+02  0.34667114E+02      0.00000000      0.00000000
 -0.00560000 -0.29184563E+02  0.35052429E+02      0.00000000      0.00000000
 -0.00550000 -0.22153526E+02  0.35536957E+02      0.00000000      0.00000000
 -0.00540000 -0.15206562E+02  0.36080505E+02      0.00000000      0.00000000
 -0.00530000 -0.81707354E+01  0.36720856E+02      0.00000000      0.00000000
 -0.00520000 -0.87236214E+00  0.37469475E+02      0.00000000      0.00000000
 -0.00510000  0.62926769E+01  0.38273815E+02      0.00000000      0.00000000
 -0.00500000  0.14010876E+02  0.39260025E+02      0.00000000      0.00000000
 -0.00490000  0.21640926E+02  0.40304268E+02      0.00000000      0.00000000
 -0.00480000  0.29658873E+02  0.41501961E+02      0.00000000      0.00000000
 -0.00470000  0.37892719E+02  0.42828060E+02      0.00000000      0.00000000
 -0.00460000  0.46216057E+02  0.44251812E+02      0.00000000      0.00000000
 -0.00450000  0.54888680E+02  0.45832207E+02      0.00000000      0.00000000
 -0.00440000  0.64012733E+02  0.47617828E+02      0.00000000      0.00000000
 -0.00430000  0.73606865E+02  0.49610424E+02      0.00000000      0.00000000
 -0.00420000  0.83560562E+02  0.51812912E+02      0.00000000      0.00000000
 -0.00410000  0.93869125E+02  0.54204399E+02      0.00000000      0.00000000
 -0.00400000  0.10445264E+03  0.56755432E+02      0.00000000      0.00000000
 -0.00390000  0.11566770E+03  0.59595291E+02      0.00000000      0.00000000
 -0.00380000  0.12759646E+03  0.62790009E+02      0.00000000      0.00000000
 -0.00370000  0.13964423E+03  0.66073235E+02      0.00000000      0.00000000
 -0.00360000  0.15266904E+03  0.69802643E+02      0.00000000      0.00000000
 -0.00350000  0.16598331E+03  0.73730270E+02      0.00000000      0.00000000
 -0.00340000  0.18056427E+03  0.78284500E+02      0.00000000      0.00000000
 -0.00330000  0.19631290E+03  0.83465675E+02      0.00000000      0.00000000
 -0.00320000  0.21219476E+03  0.88764839E+02      0.00000000      0.00000000
 -0.00310000  0.22950198E+03  0.94804886E+02      0.00000000      0.00000000
 -0.00300000  0.24805424E+03  0.10148491E+03      0.00000000      0.00000000
 -0.00290000  0.26866772E+03  0.10937111E+03      0.00000000      0.00000000
 -0.00280000  0.29008038E+03  0.11772936E+03      0.00000000      0.00000000
 -0.00270000  0.31212268E+03  0.12647530E+03      0.00000000      0.00000000
 -0.00260000  0.33620947E+03  0.13637270E+03      0.00000000      0.00000000
 -0.00250000  0.36197845E+03  0.14722012E+03      0.00000000      0.00000000
 -0.00240000  0.39099478E+03  0.16010309E+03      0.00000000      0.00000000
 -0.00230000  0.42255579E+03  0.17453603E+03      0.00000000      0.00000000
 -0.00220000  0.45567395E+03  0.18988303E+03      0.00000000      0.00000000
 -0.00210000  0.49133716E+03  0.20674377E+03      0.00000000      0.00000000
 -0.00200000  0.53178168E+03  0.22670712E+03      0.00000000      0.00000000
 -0.00190000  0.57466028E+03  0.24791211E+03      0.00000000      0.00000000
 -0.00180000  0.62216949E+03  0.27198013E+03      0.00000000      0.00000000
 -0.00170000  0.67411835E+03  0.29849670E+03      0.00000000      0.00000000
 -0.00160000  0.73116046E+03  0.32777667E+03      0.00000000      0.00000000
 -0.00150000  0.79536157E+03  0.36122653E+03      0.00000000      0.00000000
 -0.00140000  0.86377863E+03  0.39476410E+03      0.00000000      0.00000000
 -0.00130000  0.93979828E+03  0.43116452E+03      0.00000000      0.00000000
 -0.00120000  0.10309667E+04  0.47677493E+03      0.00000000      0.00000000
 -0.00110000  0.11339470E+04  0.52599176E+03      0.00000000      0.00000000
 -0.00100000  0.12495326E+04  0.57623633E+03      0.00000000      0.00000000
 -0.00090000  0.13716301E+04  0.61656262E+03      0.00000000      0.00000000
 -0.00080000  0.15218624E+04  0.66500452E+03      0.00000000      0.00000000
 -0.00070000  0.16901660E+04  0.70165137E+03      0.00000000      0.00000000
 -0.00060000  0.18621747E+04  0.70606238E+03      0.00000000      0.00000000
 -0.00050000  0.20873899E+04  0.71081268E+03      0.00000000      0.00000000
 -0.00040000  0.22982695E+04  0.65019421E+03      0.00000000      0.00000000
 -0.00030000  0.24710540E+04  0.51618774E+03      0.00000000      0.00000000
 -0.00020000  0.26741729E+04  0.34992203E+03      0.00000000      0.00000000
 -0.00010000  0.27657026E+04  0.10689883E+03      0.00000000      0.00000000
  0.00000000  0.27652920E+04 -0.15957213E+03      0.00000000      0.00000000
  0.00010000  0.26763167E+04 -0.41751495E+03      0.00000000      0.00000000
  0.00020000  0.24741514E+04 -0.61521094E+03      0.00000000      0.00000000
  0.00030000  0.22147356E+04 -0.73404132E+03      0.00000000      0.00000000
  0.00040000  0.19809042E+04 -0.80449939E+03      0.00000000      0.00000000
  0.00050000  0.17558860E+04 -0.82783789E+03      0.00000000      0.00000000
  0.00060000  0.15333855E+04 -0.79330682E+03      0.00000000      0.00000000
  0.00070000  0.13512296E+04 -0.75174768E+03      0.00000000      0.00000000
  0.00080000  0.11837559E+04 -0.68670068E+03      0.00000000      0.00000000
  0.00090000  0.10369181E+04 -0.61596173E+03      0.00000000      0.00000000
  0.00100000  0.92167633E+03 -0.56188214E+03      0.00000000      0.00000000
  0.00110000  0.81923767E+03 -0.50668445E+03      0.00000000      0.00000000
  0.00120000  0.73218201E+03 -0.45807562E+03      0.00000000      0.00000000
  0.00130000  0.64924414E+03 -0.40419424E+03      0.00000000      0.00000000
  0.00140000  0.58218719E+03 -0.36314883E+03      0.00000000      0.00000000
  0.00150000  0.52001282E+03 -0.32309271E+03      0.00000000      0.00000000
  0.00160000  0.46506879E+03 -0.28728918E+03      0.00000000      0.00000000
  0.00170000  0.41710272E+03 -0.25669025E+03      0.00000000      0.00000000
  0.00180000  0.37321933E+03 -0.22825595E+03      0.00000000      0.00000000
  0.00190000  0.33441254E+03 -0.20373032E+03      0.00000000      0.00000000
  0.00200000  0.30010724E+03 -0.18258946E+03      0.00000000      0.00000000
  0.00210000  0.26872229E+03 -0.16334399E+03      0.00000000      0.00000000
  0.00220000  0.24177972E+03 -0.14765965E+03      0.00000000      0.00000000
  0.00230000  0.21709122E+03 -0.13336151E+03      0.00000000      0.00000000
  0.00240000  0.19424573E+03 -0.12027347E+03      0.00000000      0.00000000
  0.00250000  0.17364064E+03 -0.10873017E+03      0.00000000      0.00000000
  0.00260000  0.15498050E+03 -0.98505783E+02      0.00000000      0.00000000
  0.00270000  0.13815894E+03 -0.89538139E+02      0.00000000      0.00000000
  0.00280000  0.12293996E+03 -0.81613930E+02      0.00000000      0.00000000
  0.00290000  0.10871011E+03 -0.74278656E+02      0.00000000      0.00000000
  0.00300000  0.95473328E+02 -0.67599022E+02      0.00000000      0.00000000
  0.00310000  0.83559097E+02 -0.61725048E+02      0.00000000      0.00000000
  0.00320000  0.72499344E+02 -0.56388977E+02      0.00000000      0.00000000
  0.00330000  0.62587700E+02 -0.51733940E+02      0.00000000      0.00000000
  0.00340000  0.53402351E+02 -0.47478416E+02      0.00000000      0.00000000
  0.00350000  0.45002983E+02 -0.43672138E+02      0.00000000      0.00000000
  0.00360000  0.37168072E+02 -0.40186974E+02      0.00000000      0.00000000
  0.00370000  0.30041634E+02 -0.37085686E+02      0.00000000      0.00000000
  0.00380000  0.23446716E+02 -0.34263859E+02      0.00000000      0.00000000
  0.00390000  0.17269096E+02 -0.31675348E+02      0.00000000      0.00000000
  0.00400000  0.11416416E+02 -0.29253870E+02      0.00000000      0.00000000
  0.00410000  0.61472931E+01 -0.27121258E+02      0.00000000      0.00000000
  0.00420000  0.11691818E+01 -0.25134912E+02      0.00000000      0.00000000
  0.00430000 -0.34476318E+01 -0.23322243E+02      0.00000000      0.00000000
  0.00440000 -0.76575241E+01 -0.21702831E+02      0.00000000      0.00000000
  0.00450000 -0.11633949E+02 -0.20196547E+02      0.00000000      0.00000000
  0.00460000 -0.15361855E+02 -0.18802237E+02      0.00000000      0.00000000
  0.00470000 -0.18832039E+02 -0.17527985E+02      0.00000000      0.00000000
  0.00480000 -0.22050545E+02 -0.16364330E+02      0.00000000      0.00000000
  0.00490000 -0.25089533E+02 -0.15283854E+02      0.00000000      0.00000000
  0.00500000 -0.27897728E+02 -0.14302122E+02      0.00000000      0.00000000
  0.00510000 -0.30462315E+02 -0.13419934E+02      0.00000000      0.00000000
  0.00520000 -0.32964687E+02 -0.12571471E+02      0.00000000      0.00000000
  0.00530000 -0.35271812E+02 -0.11802481E+02      0.00000000      0.00000000
  0.00540000 -0.37472485E+02 -0.11080947E+02      0.00000000      0.00000000
  0.00550000 -0.39529999E+02 -0.10417907E+02      0.00000000      0.00000000
  0.00560000 -0.41442028E+02 -0.98122864E+01      0.00000000      0.00000000
  0.00570000 -0.43258797E+02 -0.92475357E+01      0.00000000      0.00000000
  0.00580000 -0.44978886E+02 -0.87230911E+01      0.00000000      0.00000000
  0.00590000 -0.46597233E+02 -0.82392111E+01      0.00000000      0.00000000
  0.00600000 -0.48158520E+02 -0.77833481E+01      0.00000000      0.00000000
  0.00610000 -0.49615833E+02 -0.73671989E+01      0.00000000      0.00000000
  0.00620000 -0.50999889E+02 -0.69825325E+01      0.00000000      0.00000000
  0.00630000 -0.52307014E+02 -0.66288300E+01      0.00000000      0.00000000
  0.00640000 -0.53531471E+02 -0.63062181E+01      0.00000000      0.00000000
  0.00650000 -0.54728817E+02 -0.60022945E+01      0.00000000      0.00000000
  0.00660000 -0.55852528E+02 -0.57268696E+01      0.00000000      0.00000000
  0.00670000 -0.56920280E+02 -0.54756556E+01      0.00000000      0.00000000
  0.00680000 -0.57970306E+02 -0.52413149E+01      0.00000000      0.00000000
  0.00690000 -0.58967934E+02 -0.50302687E+01      0.00000000      0.00000000
  0.00700000 -0.59934521E+02 -0.48389626E+01      0.00000000      0.00000000
  0.00710000 -0.60849335E+02 -0.46698475E+01      0.00000000      0.00000000
  0.00720000 -0.61737602E+02 -0.45191097E+01      0.00000000      0.00000000
  0.00730000 -0.62590595E+02 -0.43879185E+01      0.00000000      0.00000000
  0.00740000 -0.63436810E+02 -0.42739296E+01      0.00000000      0.00000000
  0.00750000 -0.64265442E+02 -0.41792965E+01      0.00000000      0.00000000
  0.00760000 -0.65050102E+02 -0.41051731E+01      0.00000000      0.00000000
  0.00770000 -0.65840500E+02 -0.40494385E+01      0.00000000      0.00000000
  0.00780000 -0.66621788E+02 -0.40142250E+01      0.00000000      0.00000000
  0.00790000 -0.67372635E+02 -0.40004616E+01      0.00000000      0.00000000
  0.00800000 -0.68128456E+02 -0.40091743E+01      0.00000000      0.00000000
  0.00810000 -0.68868530E+02 -0.40416832E+01      0.00000000      0.00000000
  0.00820000 -0.69661842E+02 -0.41033707E+01      0.00000000      0.00000000
  0.00830000 -0.70425201E+02 -0.41929321E+01      0.00000000      0.00000000
  0.00840000 -0.71213943E+02 -0.43174057E+01      0.00000000      0.00000000
  0.00850000 -0.72007065E+02 -0.44790802E+01      0.00000000      0.00000000
  0.00860000 -0.72821457E+02 -0.46858673E+01      0.00000000      0.00000000
  0.00870000 -0.73690720E+02 -0.49509735E+01      0.00000000      0.00000000
  0.00880000 -0.74591339E+02 -0.52814140E+01      0.00000000      0.00000000
  0.00890000 -0.75502914E+02 -0.56814079E+01      0.00000000      0.00000000
  0.00900000 -0.76466385E+02 -0.61777725E+01      0.00000000      0.00000000
  0.00910000 -0.77512695E+02 -0.68076477E+01      0.00000000      0.00000000
  0.00920000 -0.78580780E+02 -0.75770874E+01      0.00000000      0.00000000
  0.00930000 -0.79686172E+02 -0.85328674E+01      0.00000000      0.00000000
  0.00940000 -0.80836639E+02 -0.97418594E+01      0.00000000      0.00000000
  0.00950000 -0.82001984E+02 -0.11280403E+02      0.00000000      0.00000000
  0.00960000 -0.83100433E+02 -0.13224426E+02      0.00000000      0.00000000
  0.00970000 -0.84011520E+02 -0.15686127E+02      0.00000000      0.00000000
  0.00980000 -0.84519592E+02 -0.18718704E+02      0.00000000      0.00000000
  0.00990000 -0.84295654E+02 -0.22419312E+02      0.00000000      0.00000000
