							
769	0.00000	-0.05770	-0.04707	-0.03964	-0.03278	-0.02452	-0.06971
775	0.03125	-0.05930	-0.04837	-0.04036	-0.03376	-0.02524	-0.07155
781	0.06250	-0.06387	-0.05214	-0.04348	-0.03643	-0.02737	-0.07686
787	0.09375	-0.07055	-0.05777	-0.04823	-0.04043	-0.03057	-0.08456
793	0.12500	-0.07850	-0.06435	-0.05374	-0.04515	-0.03435	-0.09356
799	0.15625	-0.08620	-0.07085	-0.05927	-0.04984	-0.03813	-0.1022
805	0.18750	-0.09328	-0.07675	-0.06422	-0.05410	-0.04156	-0.1098
811	0.21875	-0.09920	-0.08139	-0.068000	-0.05732	-0.04414	-0.1163
817	0.25000	-0.10150	-0.08300	-0.06930	-0.05841	-0.04506	-0.1186
823	0.28125	-0.09964	-0.08133	-0.06778	-0.05710	-0.04406	-0.1163
829	0.31250	-0.09384	-0.07649	-0.06353	-0.05349	-0.04127	-0.1098
835	0.34375	-0.08500	-0.06895	-0.05723	-0.04914	-0.03708	-0.09959
841	0.37500	-0.07444	-0.06022	-0.04983	-0.04176	-0.02920	-0.08725
