769	0.00000	-0.05500	-0.04424	-0.03640	-0.03025	-0.02204	-0.06730
775	0.03125	-0.05614	-0.04504	-0.03700	-0.03065	-0.02225	-0.06876
781	0.06250	-0.05938	-0.04734	-0.03861	-0.03174	-0.02266	-0.07274
787	0.09375	-0.06388	-0.05057	-0.04083	-0.03313	-0.02316	-0.07866
793	0.12500	-0.06872	-0.05396	-0.04297	-0.03434	-0.02332	-0.08507
799	0.15625	-0.07305	-0.05666	-0.04434	-0.03475	-0.02264	-0.09055
805	0.18750	-0.07605	-0.05802	-0.04454	-0.03404	-0.02096	-0.09466
811	0.21875	-0.07770	-0.05790	-0.04325	-0.03193	-0.01800	-0.09739
817	0.25000	-0.07550	-0.05460	-0.03920	-0.02746	-0.01326	-0.09574
823	0.28125	-0.06893	-0.04769	-0.03222	-0.02055	-0.00656	-0.08924
829	0.31250	-0.05832	-0.03756	-0.02260	-0.01145	0.001760	-0.07830
835	0.34375	-0.04463	-0.02513	-0.01122	-0.00090	0.011120	-0.06364
841	0.37500	-0.02955	-0.01176	0.000800	0.010000	0.020000	-0.04691
