 -0.04000000  0.12411951E+03  0.31451433E+01      0.00000000      0.00000000
 -0.03980000  0.12733572E+03  0.33171453E+01      0.00000000      0.00000000
 -0.03960000  0.13078842E+03  0.35076835E+01      0.00000000      0.00000000
 -0.03940000  0.13436160E+03  0.37113502E+01      0.00000000      0.00000000
 -0.03920000  0.13816689E+03  0.39343576E+01      0.00000000      0.00000000
 -0.03900000  0.14225632E+03  0.41835561E+01      0.00000000      0.00000000
 -0.03880000  0.14657469E+03  0.44549642E+01      0.00000000      0.00000000
 -0.03860000  0.15113571E+03  0.47531209E+01      0.00000000      0.00000000
 -0.03840000  0.15607523E+03  0.50884590E+01      0.00000000      0.00000000
 -0.03820000  0.16132571E+03  0.54592738E+01      0.00000000      0.00000000
 -0.03800000  0.16697339E+03  0.58749151E+01      0.00000000      0.00000000
 -0.03780000  0.17304810E+03  0.63418570E+01      0.00000000      0.00000000
 -0.03760000  0.17965176E+03  0.68723736E+01      0.00000000      0.00000000
 -0.03740000  0.18673260E+03  0.74699202E+01      0.00000000      0.00000000
 -0.03720000  0.19454227E+03  0.81596985E+01      0.00000000      0.00000000
 -0.03700000  0.20294113E+03  0.89427052E+01      0.00000000      0.00000000
 -0.03680000  0.21232553E+03  0.98669891E+01      0.00000000      0.00000000
 -0.03660000  0.22259763E+03  0.10941319E+02      0.00000000      0.00000000
 -0.03640000  0.23409955E+03  0.12221109E+02      0.00000000      0.00000000
 -0.03620000  0.24698161E+03  0.13753351E+02      0.00000000      0.00000000
 -0.03600000  0.26165524E+03  0.15630630E+02      0.00000000      0.00000000
 -0.03580000  0.27830188E+03  0.17927868E+02      0.00000000      0.00000000
 -0.03560000  0.29744238E+03  0.20806684E+02      0.00000000      0.00000000
 -0.03540000  0.31955725E+03  0.24442234E+02      0.00000000      0.00000000
 -0.03520000  0.34565829E+03  0.29185213E+02      0.00000000      0.00000000
 -0.03500000  0.37752863E+03  0.35645374E+02      0.00000000      0.00000000
 -0.03480000  0.41639926E+03  0.44570854E+02      0.00000000      0.00000000
 -0.03460000  0.46476318E+03  0.57322884E+02      0.00000000      0.00000000
 -0.03440000  0.52716473E+03  0.76640564E+02      0.00000000      0.00000000
 -0.03420000  0.61133551E+03  0.10812144E+03      0.00000000      0.00000000
 -0.03400000  0.73211572E+03  0.16545529E+03      0.00000000      0.00000000
 -0.03380000  0.91333002E+03  0.28426288E+03      0.00000000      0.00000000
 -0.03360000  0.11832993E+04  0.57933313E+03      0.00000000      0.00000000
 -0.03340000  0.13432979E+04  0.14492800E+04      0.00000000      0.00000000
 -0.03320000  0.34980190E+02  0.23647178E+04      0.00000000      0.00000000
 -0.03300000 -0.11216511E+04  0.13266365E+04      0.00000000      0.00000000
 -0.03280000 -0.90747620E+03  0.53398083E+03      0.00000000      0.00000000
 -0.03260000 -0.64457996E+03  0.27009024E+03      0.00000000      0.00000000
 -0.03240000 -0.46594876E+03  0.16143182E+03      0.00000000      0.00000000
 -0.03220000 -0.34647870E+03  0.10999466E+03      0.00000000      0.00000000
 -0.03200000 -0.25793231E+03  0.81424774E+02      0.00000000      0.00000000
 -0.03180000 -0.18871844E+03  0.64619690E+02      0.00000000      0.00000000
 -0.03160000 -0.13104683E+03  0.54376511E+02      0.00000000      0.00000000
 -0.03140000 -0.81558716E+02  0.48424858E+02      0.00000000      0.00000000
 -0.03120000 -0.35820221E+02  0.45362228E+02      0.00000000      0.00000000
 -0.03100000  0.80051689E+01  0.44691780E+02      0.00000000      0.00000000
 -0.03080000  0.52306419E+02  0.46259300E+02      0.00000000      0.00000000
 -0.03060000  0.99494324E+02  0.50398163E+02      0.00000000      0.00000000
 -0.03040000  0.15224591E+03  0.57921135E+02      0.00000000      0.00000000
 -0.03020000  0.21356496E+03  0.70313553E+02      0.00000000      0.00000000
 -0.03000000  0.29105133E+03  0.91384720E+02      0.00000000      0.00000000
 -0.02980000  0.38966644E+03  0.12694692E+03      0.00000000      0.00000000
 -0.02960000  0.52789478E+03  0.19427850E+03      0.00000000      0.00000000
 -0.02940000  0.73655713E+03  0.34315002E+03      0.00000000      0.00000000
 -0.02920000  0.10351606E+04  0.74301306E+03      0.00000000      0.00000000
 -0.02900000  0.97151129E+03  0.18463008E+04      0.00000000      0.00000000
 -0.02880000 -0.74266681E+03  0.22858730E+04      0.00000000      0.00000000
 -0.02860000 -0.13708098E+04  0.10241188E+04      0.00000000      0.00000000
 -0.02840000 -0.10777277E+04  0.43232007E+03      0.00000000      0.00000000
 -0.02820000 -0.84149786E+03  0.22874590E+03      0.00000000      0.00000000
 -0.02800000 -0.68611279E+03  0.14007587E+03      0.00000000      0.00000000
 -0.02780000 -0.57919800E+03  0.94102631E+02      0.00000000      0.00000000
 -0.02760000 -0.50423514E+03  0.68197708E+02      0.00000000      0.00000000
 -0.02740000 -0.44745770E+03  0.51781429E+02      0.00000000      0.00000000
 -0.02720000 -0.40284967E+03  0.40690102E+02      0.00000000      0.00000000
 -0.02700000 -0.36690826E+03  0.32859089E+02      0.00000000      0.00000000
 -0.02680000 -0.33754773E+03  0.27175737E+02      0.00000000      0.00000000
 -0.02660000 -0.31293771E+03  0.22891500E+02      0.00000000      0.00000000
 -0.02640000 -0.29203638E+03  0.19580269E+02      0.00000000      0.00000000
 -0.02620000 -0.27403571E+03  0.16970684E+02      0.00000000      0.00000000
 -0.02600000 -0.25829398E+03  0.14862914E+02      0.00000000      0.00000000
 -0.02580000 -0.24437991E+03  0.13137248E+02      0.00000000      0.00000000
 -0.02560000 -0.23205228E+03  0.11709976E+02      0.00000000      0.00000000
 -0.02540000 -0.22110979E+03  0.10521385E+02      0.00000000      0.00000000
 -0.02520000 -0.21111888E+03  0.94987698E+01      0.00000000      0.00000000
 -0.02500000 -0.20214575E+03  0.86344528E+01      0.00000000      0.00000000
 -0.02480000 -0.19391980E+03  0.78831739E+01      0.00000000      0.00000000
 -0.02460000 -0.18646231E+03  0.72363091E+01      0.00000000      0.00000000
 -0.02440000 -0.17958179E+03  0.66678796E+01      0.00000000      0.00000000
 -0.02420000 -0.17322966E+03  0.61660776E+01      0.00000000      0.00000000
 -0.02400000 -0.16717586E+03  0.57093163E+01      0.00000000      0.00000000
 -0.02380000 -0.16167749E+03  0.53108153E+01      0.00000000      0.00000000
 -0.02360000 -0.15659219E+03  0.49568729E+01      0.00000000      0.00000000
 -0.02340000 -0.15183165E+03  0.46384773E+01      0.00000000      0.00000000
 -0.02320000 -0.14732895E+03  0.43490458E+01      0.00000000      0.00000000
 -0.02300000 -0.14310391E+03  0.40864220E+01      0.00000000      0.00000000
 -0.02280000 -0.13908035E+03  0.38449817E+01      0.00000000      0.00000000
 -0.02260000 -0.13539308E+03  0.36301696E+01      0.00000000      0.00000000
 -0.02240000 -0.13188818E+03  0.34339099E+01      0.00000000      0.00000000
 -0.02220000 -0.12851456E+03  0.32499218E+01      0.00000000      0.00000000
 -0.02200000 -0.12533742E+03  0.30820842E+01      0.00000000      0.00000000
 -0.02180000 -0.12235394E+03  0.29286537E+01      0.00000000      0.00000000
 -0.02160000 -0.11949733E+03  0.27861838E+01      0.00000000      0.00000000
 -0.02140000 -0.11678841E+03  0.26542139E+01      0.00000000      0.00000000
 -0.02120000 -0.11420668E+03  0.25318656E+01      0.00000000      0.00000000
 -0.02100000 -0.11171778E+03  0.24168353E+01      0.00000000      0.00000000
 -0.02080000 -0.10932103E+03  0.23093579E+01      0.00000000      0.00000000
 -0.02060000 -0.10709023E+03  0.22113957E+01      0.00000000      0.00000000
 -0.02040000 -0.10493640E+03  0.21190100E+01      0.00000000      0.00000000
 -0.02020000 -0.10284670E+03  0.20319998E+01      0.00000000      0.00000000
 -0.02000000 -0.10085716E+03  0.19500400E+01      0.00000000      0.00000000
 -0.01980000 -0.98924469E+02  0.18727388E+01      0.00000000      0.00000000
 -0.01960000 -0.97095749E+02  0.18010066E+01      0.00000000      0.00000000
 -0.01940000 -0.95326958E+02  0.17330163E+01      0.00000000      0.00000000
 -0.01920000 -0.93627777E+02  0.16691310E+01      0.00000000      0.00000000
 -0.01900000 -0.92004410E+02  0.16092308E+01      0.00000000      0.00000000
 -0.01880000 -0.90427925E+02  0.15523078E+01      0.00000000      0.00000000
 -0.01860000 -0.88904106E+02  0.14980319E+01      0.00000000      0.00000000
 -0.01840000 -0.87438393E+02  0.14471834E+01      0.00000000      0.00000000
 -0.01820000 -0.86011169E+02  0.13983672E+01      0.00000000      0.00000000
 -0.01800000 -0.84637871E+02  0.13522940E+01      0.00000000      0.00000000
 -0.01780000 -0.83302109E+02  0.13081086E+01      0.00000000      0.00000000
 -0.01760000 -0.82026428E+02  0.12666883E+01      0.00000000      0.00000000
 -0.01740000 -0.80776588E+02  0.12268698E+01      0.00000000      0.00000000
 -0.01720000 -0.79565468E+02  0.11890991E+01      0.00000000      0.00000000
 -0.01700000 -0.78383339E+02  0.11526276E+01      0.00000000      0.00000000
 -0.01680000 -0.77262131E+02  0.11185691E+01      0.00000000      0.00000000
 -0.01660000 -0.76156578E+02  0.10857675E+01      0.00000000      0.00000000
 -0.01640000 -0.75080994E+02  0.10540233E+01      0.00000000      0.00000000
 -0.01620000 -0.74049210E+02  0.10241534E+01      0.00000000      0.00000000
 -0.01600000 -0.73046486E+02  0.99547029E+00      0.00000000      0.00000000
 -0.01580000 -0.72058640E+02  0.96787822E+00      0.00000000      0.00000000
 -0.01560000 -0.71091927E+02  0.94105428E+00      0.00000000      0.00000000
 -0.01540000 -0.70161263E+02  0.91574562E+00      0.00000000      0.00000000
 -0.01520000 -0.69274315E+02  0.89194632E+00      0.00000000      0.00000000
 -0.01500000 -0.68403481E+02  0.86894596E+00      0.00000000      0.00000000
 -0.01480000 -0.67539589E+02  0.84637094E+00      0.00000000      0.00000000
 -0.01460000 -0.66705704E+02  0.82482612E+00      0.00000000      0.00000000
 -0.01440000 -0.65889214E+02  0.80401731E+00      0.00000000      0.00000000
 -0.01420000 -0.65096107E+02  0.78416264E+00      0.00000000      0.00000000
 -0.01400000 -0.64327339E+02  0.76502860E+00      0.00000000      0.00000000
 -0.01380000 -0.63569176E+02  0.74637121E+00      0.00000000      0.00000000
 -0.01360000 -0.62828911E+02  0.72844028E+00      0.00000000      0.00000000
 -0.01340000 -0.62107109E+02  0.71127462E+00      0.00000000      0.00000000
 -0.01320000 -0.61411751E+02  0.69488990E+00      0.00000000      0.00000000
 -0.01300000 -0.60721218E+02  0.67877686E+00      0.00000000      0.00000000
 -0.01280000 -0.60053185E+02  0.66335797E+00      0.00000000      0.00000000
 -0.01260000 -0.59394466E+02  0.64848518E+00      0.00000000      0.00000000
 -0.01240000 -0.58754116E+02  0.63406873E+00      0.00000000      0.00000000
 -0.01220000 -0.58126747E+02  0.62010098E+00      0.00000000      0.00000000
 -0.01200000 -0.57510880E+02  0.60650510E+00      0.00000000      0.00000000
 -0.01180000 -0.56901196E+02  0.59334326E+00      0.00000000      0.00000000
 -0.01160000 -0.56316334E+02  0.58073854E+00      0.00000000      0.00000000
 -0.01140000 -0.55742348E+02  0.56856185E+00      0.00000000      0.00000000
 -0.01120000 -0.55186298E+02  0.55692792E+00      0.00000000      0.00000000
 -0.01100000 -0.54641621E+02  0.54546618E+00      0.00000000      0.00000000
 -0.01080000 -0.54101357E+02  0.53440875E+00      0.00000000      0.00000000
 -0.01060000 -0.53573257E+02  0.52366060E+00      0.00000000      0.00000000
 -0.01040000 -0.53059372E+02  0.51331764E+00      0.00000000      0.00000000
 -0.01020000 -0.52554817E+02  0.50335115E+00      0.00000000      0.00000000
 -0.01000000 -0.52053600E+02  0.49352199E+00      0.00000000      0.00000000
 -0.00980000 -0.51567677E+02  0.48398340E+00      0.00000000      0.00000000
 -0.00960000 -0.51085903E+02  0.47464567E+00      0.00000000      0.00000000
 -0.00940000 -0.50616245E+02  0.46559352E+00      0.00000000      0.00000000
 -0.00920000 -0.50155678E+02  0.45680732E+00      0.00000000      0.00000000
 -0.00900000 -0.49700665E+02  0.44824809E+00      0.00000000      0.00000000
 -0.00880000 -0.49252388E+02  0.43995574E+00      0.00000000      0.00000000
 -0.00860000 -0.48814770E+02  0.43192595E+00      0.00000000      0.00000000
 -0.00840000 -0.48390884E+02  0.42417592E+00      0.00000000      0.00000000
 -0.00820000 -0.47972797E+02  0.41661590E+00      0.00000000      0.00000000
 -0.00800000 -0.47561134E+02  0.40924859E+00      0.00000000      0.00000000
 -0.00780000 -0.47155190E+02  0.40202063E+00      0.00000000      0.00000000
 -0.00760000 -0.46758694E+02  0.39500290E+00      0.00000000      0.00000000
 -0.00740000 -0.46364342E+02  0.38813984E+00      0.00000000      0.00000000
 -0.00720000 -0.45978809E+02  0.38151586E+00      0.00000000      0.00000000
 -0.00700000 -0.45599312E+02  0.37503511E+00      0.00000000      0.00000000
 -0.00680000 -0.45229774E+02  0.36866310E+00      0.00000000      0.00000000
 -0.00660000 -0.44868359E+02  0.36258450E+00      0.00000000      0.00000000
 -0.00640000 -0.44510998E+02  0.35664824E+00      0.00000000      0.00000000
 -0.00620000 -0.44159401E+02  0.35075966E+00      0.00000000      0.00000000
 -0.00600000 -0.43811596E+02  0.34510326E+00      0.00000000      0.00000000
 -0.00580000 -0.43464520E+02  0.33943141E+00      0.00000000      0.00000000
 -0.00560000 -0.43126610E+02  0.33397153E+00      0.00000000      0.00000000
 -0.00540000 -0.42795067E+02  0.32867995E+00      0.00000000      0.00000000
 -0.00520000 -0.42466545E+02  0.32348770E+00      0.00000000      0.00000000
 -0.00500000 -0.42148602E+02  0.31841391E+00      0.00000000      0.00000000
 -0.00480000 -0.41831326E+02  0.31345502E+00      0.00000000      0.00000000
 -0.00460000 -0.41517563E+02  0.30864924E+00      0.00000000      0.00000000
 -0.00440000 -0.41207844E+02  0.30384386E+00      0.00000000      0.00000000
 -0.00420000 -0.40906460E+02  0.29924613E+00      0.00000000      0.00000000
 -0.00400000 -0.40608936E+02  0.29474333E+00      0.00000000      0.00000000
 -0.00380000 -0.40319092E+02  0.29040867E+00      0.00000000      0.00000000
 -0.00360000 -0.40029358E+02  0.28607431E+00      0.00000000      0.00000000
 -0.00340000 -0.39747868E+02  0.28181836E+00      0.00000000      0.00000000
 -0.00320000 -0.39472858E+02  0.27782443E+00      0.00000000      0.00000000
 -0.00300000 -0.39196144E+02  0.27378342E+00      0.00000000      0.00000000
 -0.00280000 -0.38924160E+02  0.26984698E+00      0.00000000      0.00000000
 -0.00260000 -0.38654655E+02  0.26597282E+00      0.00000000      0.00000000
 -0.00240000 -0.38388760E+02  0.26219016E+00      0.00000000      0.00000000
 -0.00220000 -0.38129505E+02  0.25844494E+00      0.00000000      0.00000000
 -0.00200000 -0.37875282E+02  0.25491744E+00      0.00000000      0.00000000
 -0.00180000 -0.37622540E+02  0.25137416E+00      0.00000000      0.00000000
 -0.00160000 -0.37374378E+02  0.24796428E+00      0.00000000      0.00000000
 -0.00140000 -0.37128235E+02  0.24462821E+00      0.00000000      0.00000000
 -0.00120000 -0.36885460E+02  0.24124007E+00      0.00000000      0.00000000
 -0.00100000 -0.36649349E+02  0.23806928E+00      0.00000000      0.00000000
 -0.00080000 -0.36415245E+02  0.23489952E+00      0.00000000      0.00000000
 -0.00060000 -0.36179726E+02  0.23176695E+00      0.00000000      0.00000000
 -0.00040000 -0.35948147E+02  0.22865885E+00      0.00000000      0.00000000
 -0.00020000 -0.35719460E+02  0.22565070E+00      0.00000000      0.00000000
  0.00000000 -0.35496414E+02  0.22270095E+00      0.00000000      0.00000000
  0.00020000 -0.35273048E+02  0.21975976E+00      0.00000000      0.00000000
  0.00040000 -0.35056026E+02  0.21694629E+00      0.00000000      0.00000000
  0.00060000 -0.34840141E+02  0.21419172E+00      0.00000000      0.00000000
  0.00080000 -0.34627686E+02  0.21148635E+00      0.00000000      0.00000000
  0.00100000 -0.34417900E+02  0.20876837E+00      0.00000000      0.00000000
  0.00120000 -0.34208927E+02  0.20616956E+00      0.00000000      0.00000000
  0.00140000 -0.34005722E+02  0.20357284E+00      0.00000000      0.00000000
  0.00160000 -0.33802483E+02  0.20108366E+00      0.00000000      0.00000000
  0.00180000 -0.33604149E+02  0.19861832E+00      0.00000000      0.00000000
  0.00200000 -0.33405697E+02  0.19615501E+00      0.00000000      0.00000000
  0.00220000 -0.33212746E+02  0.19375457E+00      0.00000000      0.00000000
  0.00240000 -0.33021126E+02  0.19145215E+00      0.00000000      0.00000000
  0.00260000 -0.32831329E+02  0.18914637E+00      0.00000000      0.00000000
  0.00280000 -0.32642414E+02  0.18691273E+00      0.00000000      0.00000000
  0.00300000 -0.32457607E+02  0.18465914E+00      0.00000000      0.00000000
  0.00320000 -0.32273628E+02  0.18251178E+00      0.00000000      0.00000000
  0.00340000 -0.32090294E+02  0.18032715E+00      0.00000000      0.00000000
  0.00360000 -0.31911177E+02  0.17827886E+00      0.00000000      0.00000000
  0.00380000 -0.31734007E+02  0.17616156E+00      0.00000000      0.00000000
  0.00400000 -0.31559544E+02  0.17413697E+00      0.00000000      0.00000000
  0.00420000 -0.31385376E+02  0.17219119E+00      0.00000000      0.00000000
  0.00440000 -0.31212826E+02  0.17018668E+00      0.00000000      0.00000000
  0.00460000 -0.31043690E+02  0.16824612E+00      0.00000000      0.00000000
  0.00480000 -0.30874752E+02  0.16630439E+00      0.00000000      0.00000000
  0.00500000 -0.30709522E+02  0.16443439E+00      0.00000000      0.00000000
  0.00520000 -0.30546007E+02  0.16261394E+00      0.00000000      0.00000000
  0.00540000 -0.30385111E+02  0.16084644E+00      0.00000000      0.00000000
  0.00560000 -0.30226297E+02  0.15905130E+00      0.00000000      0.00000000
  0.00580000 -0.30066925E+02  0.15726998E+00      0.00000000      0.00000000
  0.00600000 -0.29910925E+02  0.15558283E+00      0.00000000      0.00000000
  0.00620000 -0.29756504E+02  0.15390220E+00      0.00000000      0.00000000
  0.00640000 -0.29602089E+02  0.15225288E+00      0.00000000      0.00000000
  0.00660000 -0.29450804E+02  0.15061304E+00      0.00000000      0.00000000
  0.00680000 -0.29300926E+02  0.14898166E+00      0.00000000      0.00000000
  0.00700000 -0.29153851E+02  0.14742193E+00      0.00000000      0.00000000
  0.00720000 -0.29007238E+02  0.14585775E+00      0.00000000      0.00000000
  0.00740000 -0.28862862E+02  0.14434165E+00      0.00000000      0.00000000
  0.00760000 -0.28719131E+02  0.14286458E+00      0.00000000      0.00000000
  0.00780000 -0.28576910E+02  0.14135203E+00      0.00000000      0.00000000
  0.00800000 -0.28438185E+02  0.13991578E+00      0.00000000      0.00000000
  0.00820000 -0.28299398E+02  0.13851100E+00      0.00000000      0.00000000
  0.00840000 -0.28160240E+02  0.13707834E+00      0.00000000      0.00000000
  0.00860000 -0.28023453E+02  0.13566579E+00      0.00000000      0.00000000
  0.00880000 -0.27888168E+02  0.13424546E+00      0.00000000      0.00000000
  0.00900000 -0.27755482E+02  0.13293308E+00      0.00000000      0.00000000
  0.00920000 -0.27623274E+02  0.13159513E+00      0.00000000      0.00000000
  0.00940000 -0.27492359E+02  0.13027236E+00      0.00000000      0.00000000
  0.00960000 -0.27360767E+02  0.12895550E+00      0.00000000      0.00000000
  0.00980000 -0.27230263E+02  0.12767777E+00      0.00000000      0.00000000
  0.01000000 -0.27101650E+02  0.12640278E+00      0.00000000      0.00000000
  0.01020000 -0.26976486E+02  0.12517174E+00      0.00000000      0.00000000
  0.01040000 -0.26851101E+02  0.12393080E+00      0.00000000      0.00000000
  0.01060000 -0.26728924E+02  0.12278458E+00      0.00000000      0.00000000
  0.01080000 -0.26607613E+02  0.12159215E+00      0.00000000      0.00000000
  0.01100000 -0.26487526E+02  0.12041289E+00      0.00000000      0.00000000
  0.01120000 -0.26370064E+02  0.11924665E+00      0.00000000      0.00000000
  0.01140000 -0.26249779E+02  0.11811228E+00      0.00000000      0.00000000
  0.01160000 -0.26133743E+02  0.11703323E+00      0.00000000      0.00000000
  0.01180000 -0.26017584E+02  0.11596754E+00      0.00000000      0.00000000
  0.01200000 -0.25901665E+02  0.11485602E+00      0.00000000      0.00000000
  0.01220000 -0.25786499E+02  0.11378989E+00      0.00000000      0.00000000
  0.01240000 -0.25673817E+02  0.11275303E+00      0.00000000      0.00000000
  0.01260000 -0.25561296E+02  0.11167902E+00      0.00000000      0.00000000
  0.01280000 -0.25450136E+02  0.11063457E+00      0.00000000      0.00000000
  0.01300000 -0.25339649E+02  0.10962638E+00      0.00000000      0.00000000
  0.01320000 -0.25231224E+02  0.10863370E+00      0.00000000      0.00000000
  0.01340000 -0.25123392E+02  0.10765997E+00      0.00000000      0.00000000
  0.01360000 -0.25015665E+02  0.10668489E+00      0.00000000      0.00000000
  0.01380000 -0.24909098E+02  0.10572085E+00      0.00000000      0.00000000
  0.01400000 -0.24803703E+02  0.10476169E+00      0.00000000      0.00000000
  0.01420000 -0.24698383E+02  0.10384715E+00      0.00000000      0.00000000
  0.01440000 -0.24594360E+02  0.10292172E+00      0.00000000      0.00000000
  0.01460000 -0.24492260E+02  0.10199535E+00      0.00000000      0.00000000
  0.01480000 -0.24390678E+02  0.10110918E+00      0.00000000      0.00000000
  0.01500000 -0.24289248E+02  0.10022345E+00      0.00000000      0.00000000
  0.01520000 -0.24190258E+02  0.99345714E-01      0.00000000      0.00000000
  0.01540000 -0.24091494E+02  0.98503202E-01      0.00000000      0.00000000
  0.01560000 -0.23993475E+02  0.97649425E-01      0.00000000      0.00000000
  0.01580000 -0.23895811E+02  0.96788704E-01      0.00000000      0.00000000
  0.01600000 -0.23798914E+02  0.95964670E-01      0.00000000      0.00000000
  0.01619999 -0.23702770E+02  0.95123649E-01      0.00000000      0.00000000
  0.01640000 -0.23609282E+02  0.94285637E-01      0.00000000      0.00000000
  0.01660000 -0.23515877E+02  0.93487889E-01      0.00000000      0.00000000
  0.01680000 -0.23422083E+02  0.92726529E-01      0.00000000      0.00000000
  0.01700000 -0.23329508E+02  0.91940761E-01      0.00000000      0.00000000
  0.01720000 -0.23238419E+02  0.91189861E-01      0.00000000      0.00000000
  0.01740000 -0.23146694E+02  0.90434015E-01      0.00000000      0.00000000
  0.01760000 -0.23057205E+02  0.89677393E-01      0.00000000      0.00000000
  0.01780000 -0.22968451E+02  0.88948905E-01      0.00000000      0.00000000
  0.01800000 -0.22880234E+02  0.88234067E-01      0.00000000      0.00000000
  0.01820000 -0.22792189E+02  0.87509274E-01      0.00000000      0.00000000
  0.01840000 -0.22704922E+02  0.86794198E-01      0.00000000      0.00000000
  0.01860000 -0.22618130E+02  0.86085916E-01      0.00000000      0.00000000
  0.01880000 -0.22532295E+02  0.85374653E-01      0.00000000      0.00000000
  0.01900000 -0.22447510E+02  0.84707320E-01      0.00000000      0.00000000
  0.01920000 -0.22363220E+02  0.83999872E-01      0.00000000      0.00000000
  0.01940000 -0.22279221E+02  0.83332717E-01      0.00000000      0.00000000
  0.01960000 -0.22197006E+02  0.82694232E-01      0.00000000      0.00000000
  0.01980000 -0.22114151E+02  0.82017243E-01      0.00000000      0.00000000
  0.02000000 -0.22032074E+02  0.81353426E-01      0.00000000      0.00000000
  0.02020000 -0.21951336E+02  0.80739200E-01      0.00000000      0.00000000
  0.02040000 -0.21871128E+02  0.80128074E-01      0.00000000      0.00000000
  0.02060000 -0.21791451E+02  0.79479098E-01      0.00000000      0.00000000
  0.02080000 -0.21711964E+02  0.78886390E-01      0.00000000      0.00000000
  0.02100000 -0.21633812E+02  0.78275681E-01      0.00000000      0.00000000
  0.02120000 -0.21556160E+02  0.77657342E-01      0.00000000      0.00000000
  0.02140000 -0.21479801E+02  0.77079177E-01      0.00000000      0.00000000
  0.02160000 -0.21403862E+02  0.76495409E-01      0.00000000      0.00000000
  0.02180000 -0.21326305E+02  0.75887084E-01      0.00000000      0.00000000
  0.02200000 -0.21250191E+02  0.75320482E-01      0.00000000      0.00000000
  0.02220000 -0.21174194E+02  0.74724436E-01      0.00000000      0.00000000
  0.02240000 -0.21100113E+02  0.74195623E-01      0.00000000      0.00000000
  0.02260000 -0.21026955E+02  0.73636889E-01      0.00000000      0.00000000
  0.02280000 -0.20953018E+02  0.73055267E-01      0.00000000      0.00000000
  0.02300000 -0.20880299E+02  0.72540045E-01      0.00000000      0.00000000
  0.02320000 -0.20808308E+02  0.72000265E-01      0.00000000      0.00000000
  0.02340000 -0.20736786E+02  0.71469069E-01      0.00000000      0.00000000
  0.02360000 -0.20666740E+02  0.70943594E-01      0.00000000      0.00000000
  0.02380000 -0.20595451E+02  0.70437670E-01      0.00000000      0.00000000
  0.02400000 -0.20524536E+02  0.69908619E-01      0.00000000      0.00000000
  0.02420000 -0.20454514E+02  0.69372177E-01      0.00000000      0.00000000
  0.02440000 -0.20385910E+02  0.68892002E-01      0.00000000      0.00000000
  0.02460000 -0.20317154E+02  0.68381071E-01      0.00000000      0.00000000
  0.02480000 -0.20249458E+02  0.67893744E-01      0.00000000      0.00000000
  0.02500000 -0.20182182E+02  0.67405224E-01      0.00000000      0.00000000
  0.02520000 -0.20115356E+02  0.66926003E-01      0.00000000      0.00000000
  0.02540000 -0.20049210E+02  0.66452980E-01      0.00000000      0.00000000
  0.02560000 -0.19982559E+02  0.65983295E-01      0.00000000      0.00000000
  0.02580000 -0.19916367E+02  0.65501690E-01      0.00000000      0.00000000
  0.02600000 -0.19850822E+02  0.65060139E-01      0.00000000      0.00000000
  0.02620000 -0.19786316E+02  0.64601898E-01      0.00000000      0.00000000
  0.02640000 -0.19722412E+02  0.64129829E-01      0.00000000      0.00000000
  0.02660000 -0.19659088E+02  0.63678741E-01      0.00000000      0.00000000
  0.02680000 -0.19595520E+02  0.63242912E-01      0.00000000      0.00000000
  0.02700000 -0.19532181E+02  0.62810898E-01      0.00000000      0.00000000
  0.02720000 -0.19470001E+02  0.62397003E-01      0.00000000      0.00000000
  0.02740000 -0.19408081E+02  0.61958313E-01      0.00000000      0.00000000
  0.02760000 -0.19345825E+02  0.61519623E-01      0.00000000      0.00000000
  0.02780000 -0.19284027E+02  0.61092377E-01      0.00000000      0.00000000
  0.02800000 -0.19224152E+02  0.60684204E-01      0.00000000      0.00000000
  0.02820000 -0.19163696E+02  0.60287476E-01      0.00000000      0.00000000
  0.02840000 -0.19104065E+02  0.59875488E-01      0.00000000      0.00000000
  0.02860000 -0.19044189E+02  0.59539795E-01      0.00000000      0.00000000
  0.02880000 -0.18984497E+02  0.59204102E-01      0.00000000      0.00000000
  0.02900000 -0.18926270E+02  0.58715820E-01      0.00000000      0.00000000
  0.02920000 -0.18866455E+02  0.58288574E-01      0.00000000      0.00000000
  0.02940000 -0.18808319E+02  0.57907104E-01      0.00000000      0.00000000
  0.02959999 -0.18750977E+02  0.57472229E-01      0.00000000      0.00000000
  0.02980000 -0.18693680E+02  0.57121277E-01      0.00000000      0.00000000
  0.03000000 -0.18636826E+02  0.56743622E-01      0.00000000      0.00000000
  0.03020000 -0.18580490E+02  0.56373596E-01      0.00000000      0.00000000
  0.03040000 -0.18523384E+02  0.55992126E-01      0.00000000      0.00000000
  0.03060000 -0.18467945E+02  0.55616379E-01      0.00000000      0.00000000
  0.03080000 -0.18412369E+02  0.55248260E-01      0.00000000      0.00000000
  0.03100000 -0.18357719E+02  0.54893494E-01      0.00000000      0.00000000
  0.03120000 -0.18303038E+02  0.54552078E-01      0.00000000      0.00000000
  0.03140000 -0.18248211E+02  0.54204941E-01      0.00000000      0.00000000
  0.03160000 -0.18194504E+02  0.53853989E-01      0.00000000      0.00000000
  0.03179999 -0.18140877E+02  0.53501129E-01      0.00000000      0.00000000
  0.03200001 -0.18087067E+02  0.53161621E-01      0.00000000      0.00000000
  0.03220000 -0.18034271E+02  0.52818298E-01      0.00000000      0.00000000
  0.03240000 -0.17981506E+02  0.52459717E-01      0.00000000      0.00000000
  0.03260000 -0.17929108E+02  0.52139282E-01      0.00000000      0.00000000
  0.03280000 -0.17877228E+02  0.51818848E-01      0.00000000      0.00000000
  0.03300000 -0.17825256E+02  0.51452637E-01      0.00000000      0.00000000
  0.03320000 -0.17774117E+02  0.51269531E-01      0.00000000      0.00000000
  0.03340000 -0.17722839E+02  0.50781250E-01      0.00000000      0.00000000
  0.03360000 -0.17672241E+02  0.50476074E-01      0.00000000      0.00000000
  0.03380000 -0.17621704E+02  0.50201416E-01      0.00000000      0.00000000
  0.03399999 -0.17572449E+02  0.49896240E-01      0.00000000      0.00000000
  0.03420001 -0.17521851E+02  0.49594879E-01      0.00000000      0.00000000
  0.03440000 -0.17472260E+02  0.49285889E-01      0.00000000      0.00000000
  0.03460000 -0.17423248E+02  0.48980713E-01      0.00000000      0.00000000
  0.03479999 -0.17374435E+02  0.48677444E-01      0.00000000      0.00000000
  0.03500000 -0.17326141E+02  0.48381805E-01      0.00000000      0.00000000
  0.03520000 -0.17277878E+02  0.48083305E-01      0.00000000      0.00000000
  0.03540000 -0.17229691E+02  0.47805786E-01      0.00000000      0.00000000
  0.03560000 -0.17181870E+02  0.47512054E-01      0.00000000      0.00000000
  0.03580000 -0.17134369E+02  0.47246933E-01      0.00000000      0.00000000
  0.03600000 -0.17087280E+02  0.46949387E-01      0.00000000      0.00000000
  0.03619999 -0.17040459E+02  0.46665192E-01      0.00000000      0.00000000
  0.03640000 -0.16994301E+02  0.46386242E-01      0.00000000      0.00000000
  0.03660000 -0.16948166E+02  0.46092033E-01      0.00000000      0.00000000
  0.03680000 -0.16901802E+02  0.45814037E-01      0.00000000      0.00000000
  0.03700000 -0.16855957E+02  0.45565128E-01      0.00000000      0.00000000
  0.03720000 -0.16810577E+02  0.45279980E-01      0.00000000      0.00000000
  0.03740000 -0.16765846E+02  0.44996977E-01      0.00000000      0.00000000
  0.03760000 -0.16721130E+02  0.44748068E-01      0.00000000      0.00000000
  0.03780000 -0.16676544E+02  0.44481039E-01      0.00000000      0.00000000
  0.03800000 -0.16632065E+02  0.44230461E-01      0.00000000      0.00000000
  0.03820000 -0.16588066E+02  0.43989420E-01      0.00000000      0.00000000
  0.03839999 -0.16544083E+02  0.43731451E-01      0.00000000      0.00000000
  0.03860000 -0.16500366E+02  0.43471098E-01      0.00000000      0.00000000
  0.03880000 -0.16456696E+02  0.43225765E-01      0.00000000      0.00000000
  0.03900000 -0.16413605E+02  0.42978525E-01      0.00000000      0.00000000
  0.03920000 -0.16371071E+02  0.42738438E-01      0.00000000      0.00000000
  0.03940000 -0.16328709E+02  0.42469978E-01      0.00000000      0.00000000
  0.03960000 -0.16286514E+02  0.42236209E-01      0.00000000      0.00000000
  0.03980000 -0.16244217E+02  0.41989803E-01      0.00000000      0.00000000
  0.04000000 -0.16202618E+02  0.41754961E-01      0.00000000      0.00000000
  0.04020000 -0.16161297E+02  0.41513205E-01      0.00000000      0.00000000
  0.04040000 -0.16119621E+02  0.41265488E-01      0.00000000      0.00000000
  0.04060000 -0.16078033E+02  0.41040778E-01      0.00000000      0.00000000
  0.04080000 -0.16036839E+02  0.40807128E-01      0.00000000      0.00000000
  0.04100000 -0.15995541E+02  0.40579319E-01      0.00000000      0.00000000
  0.04120000 -0.15955425E+02  0.40365219E-01      0.00000000      0.00000000
  0.04140000 -0.15915157E+02  0.40155172E-01      0.00000000      0.00000000
  0.04160000 -0.15875378E+02  0.39921522E-01      0.00000000      0.00000000
  0.04180000 -0.15835060E+02  0.39687395E-01      0.00000000      0.00000000
  0.04200000 -0.15795738E+02  0.39479136E-01      0.00000000      0.00000000
  0.04220000 -0.15755909E+02  0.39247692E-01      0.00000000      0.00000000
  0.04240000 -0.15716217E+02  0.39037526E-01      0.00000000      0.00000000
  0.04260000 -0.15677597E+02  0.38830340E-01      0.00000000      0.00000000
  0.04280000 -0.15639389E+02  0.38611591E-01      0.00000000      0.00000000
  0.04300000 -0.15600697E+02  0.38402021E-01      0.00000000      0.00000000
  0.04320000 -0.15562466E+02  0.38183689E-01      0.00000000      0.00000000
  0.04340000 -0.15524044E+02  0.37977397E-01      0.00000000      0.00000000
  0.04360000 -0.15486752E+02  0.37768602E-01      0.00000000      0.00000000
  0.04380000 -0.15449303E+02  0.37581801E-01      0.00000000      0.00000000
  0.04400000 -0.15411762E+02  0.37383914E-01      0.00000000      0.00000000
  0.04420000 -0.15375088E+02  0.37185848E-01      0.00000000      0.00000000
  0.04440000 -0.15338017E+02  0.36969662E-01      0.00000000      0.00000000
  0.04460000 -0.15300560E+02  0.36774516E-01      0.00000000      0.00000000
  0.04480000 -0.15263487E+02  0.36579132E-01      0.00000000      0.00000000
  0.04500000 -0.15226501E+02  0.36391437E-01      0.00000000      0.00000000
  0.04520000 -0.15190403E+02  0.36193967E-01      0.00000000      0.00000000
  0.04539999 -0.15154884E+02  0.36006927E-01      0.00000000      0.00000000
  0.04560000 -0.15119431E+02  0.35816848E-01      0.00000000      0.00000000
  0.04580000 -0.15083725E+02  0.35621524E-01      0.00000000      0.00000000
  0.04600000 -0.15048103E+02  0.35438508E-01      0.00000000      0.00000000
  0.04620000 -0.15012642E+02  0.35261929E-01      0.00000000      0.00000000
  0.04640000 -0.14977043E+02  0.35074919E-01      0.00000000      0.00000000
  0.04660000 -0.14942181E+02  0.34894496E-01      0.00000000      0.00000000
  0.04680000 -0.14907370E+02  0.34715384E-01      0.00000000      0.00000000
  0.04700000 -0.14872879E+02  0.34524739E-01      0.00000000      0.00000000
  0.04720000 -0.14838778E+02  0.34353644E-01      0.00000000      0.00000000
  0.04740000 -0.14804245E+02  0.34166843E-01      0.00000000      0.00000000
  0.04759999 -0.14770247E+02  0.33984691E-01      0.00000000      0.00000000
  0.04780000 -0.14736446E+02  0.33818007E-01      0.00000000      0.00000000
  0.04800000 -0.14702793E+02  0.33652067E-01      0.00000000      0.00000000
  0.04820000 -0.14669292E+02  0.33475429E-01      0.00000000      0.00000000
  0.04840000 -0.14635702E+02  0.33310890E-01      0.00000000      0.00000000
  0.04860000 -0.14602798E+02  0.33143014E-01      0.00000000      0.00000000
  0.04880000 -0.14569731E+02  0.32975554E-01      0.00000000      0.00000000
  0.04899999 -0.14537104E+02  0.32810271E-01      0.00000000      0.00000000
  0.04920000 -0.14504427E+02  0.32642335E-01      0.00000000      0.00000000
  0.04940000 -0.14471642E+02  0.32466978E-01      0.00000000      0.00000000
  0.04960000 -0.14439013E+02  0.32312661E-01      0.00000000      0.00000000
  0.04979999 -0.14406700E+02  0.32146126E-01      0.00000000      0.00000000
  0.05000000 -0.14374428E+02  0.31982869E-01      0.00000000      0.00000000
  0.05020000 -0.14342537E+02  0.31836033E-01      0.00000000      0.00000000
  0.05040000 -0.14310768E+02  0.31667739E-01      0.00000000      0.00000000
  0.05060000 -0.14279472E+02  0.31512231E-01      0.00000000      0.00000000
  0.05080000 -0.14247843E+02  0.31348914E-01      0.00000000      0.00000000
  0.05100000 -0.14216356E+02  0.31185299E-01      0.00000000      0.00000000
  0.05119999 -0.14185198E+02  0.31041056E-01      0.00000000      0.00000000
  0.05140000 -0.14154364E+02  0.30897543E-01      0.00000000      0.00000000
  0.05160000 -0.14123493E+02  0.30747026E-01      0.00000000      0.00000000
  0.05180000 -0.14093054E+02  0.30599788E-01      0.00000000      0.00000000
  0.05199999 -0.14062740E+02  0.30456483E-01      0.00000000      0.00000000
  0.05220000 -0.14032223E+02  0.30287772E-01      0.00000000      0.00000000
  0.05240000 -0.14001896E+02  0.30143499E-01      0.00000000      0.00000000
  0.05260000 -0.13972204E+02  0.30005366E-01      0.00000000      0.00000000
  0.05280000 -0.13942282E+02  0.29861629E-01      0.00000000      0.00000000
  0.05300000 -0.13912619E+02  0.29704407E-01      0.00000000      0.00000000
  0.05320000 -0.13883024E+02  0.29574379E-01      0.00000000      0.00000000
  0.05339999 -0.13853300E+02  0.29432535E-01      0.00000000      0.00000000
  0.05360000 -0.13823687E+02  0.29297948E-01      0.00000000      0.00000000
  0.05380000 -0.13794770E+02  0.29156595E-01      0.00000000      0.00000000
  0.05400000 -0.13765751E+02  0.29022321E-01      0.00000000      0.00000000
  0.05420000 -0.13736610E+02  0.28876662E-01      0.00000000      0.00000000
  0.05440000 -0.13708022E+02  0.28740242E-01      0.00000000      0.00000000
  0.05460000 -0.13679397E+02  0.28593153E-01      0.00000000      0.00000000
  0.05480000 -0.13650473E+02  0.28464198E-01      0.00000000      0.00000000
  0.05500000 -0.13621525E+02  0.28322697E-01      0.00000000      0.00000000
  0.05520000 -0.13593312E+02  0.28192312E-01      0.00000000      0.00000000
  0.05540000 -0.13565057E+02  0.28069213E-01      0.00000000      0.00000000
  0.05560000 -0.13537007E+02  0.27942628E-01      0.00000000      0.00000000
  0.05580000 -0.13509388E+02  0.27804866E-01      0.00000000      0.00000000
  0.05600000 -0.13481860E+02  0.27670711E-01      0.00000000      0.00000000
  0.05620000 -0.13454244E+02  0.27544662E-01      0.00000000      0.00000000
  0.05640000 -0.13426967E+02  0.27418956E-01      0.00000000      0.00000000
  0.05660000 -0.13399670E+02  0.27299151E-01      0.00000000      0.00000000
  0.05680000 -0.13372270E+02  0.27169436E-01      0.00000000      0.00000000
  0.05700000 -0.13344859E+02  0.27037963E-01      0.00000000      0.00000000
  0.05720000 -0.13317707E+02  0.26924878E-01      0.00000000      0.00000000
  0.05740000 -0.13291021E+02  0.26803732E-01      0.00000000      0.00000000
  0.05760000 -0.13264340E+02  0.26675493E-01      0.00000000      0.00000000
  0.05780000 -0.13237465E+02  0.26546910E-01      0.00000000      0.00000000
  0.05800000 -0.13211142E+02  0.26423812E-01      0.00000000      0.00000000
  0.05819999 -0.13184711E+02  0.26308089E-01      0.00000000      0.00000000
  0.05840000 -0.13158270E+02  0.26195139E-01      0.00000000      0.00000000
  0.05860000 -0.13132291E+02  0.26078507E-01      0.00000000      0.00000000
  0.05880000 -0.13106397E+02  0.25958940E-01      0.00000000      0.00000000
  0.05900000 -0.13080606E+02  0.25837839E-01      0.00000000      0.00000000
  0.05920000 -0.13055108E+02  0.25722146E-01      0.00000000      0.00000000
  0.05940000 -0.13029475E+02  0.25610015E-01      0.00000000      0.00000000
  0.05960000 -0.13003571E+02  0.25503926E-01      0.00000000      0.00000000
  0.05980000 -0.12978591E+02  0.25386646E-01      0.00000000      0.00000000
  0.06000000 -0.12953055E+02  0.25276825E-01      0.00000000      0.00000000
  0.06020000 -0.12927646E+02  0.25153846E-01      0.00000000      0.00000000
  0.06039999 -0.12902769E+02  0.25038883E-01      0.00000000      0.00000000
  0.06060000 -0.12877706E+02  0.24922349E-01      0.00000000      0.00000000
  0.06080000 -0.12852486E+02  0.24820246E-01      0.00000000      0.00000000
  0.06100000 -0.12827958E+02  0.24718285E-01      0.00000000      0.00000000
  0.06119999 -0.12803298E+02  0.24602875E-01      0.00000000      0.00000000
  0.06140000 -0.12778596E+02  0.24502173E-01      0.00000000      0.00000000
  0.06160000 -0.12754136E+02  0.24391972E-01      0.00000000      0.00000000
  0.06180000 -0.12730051E+02  0.24277009E-01      0.00000000      0.00000000
  0.06200000 -0.12706222E+02  0.24186835E-01      0.00000000      0.00000000
  0.06220000 -0.12681938E+02  0.24066813E-01      0.00000000      0.00000000
  0.06240000 -0.12658236E+02  0.23963884E-01      0.00000000      0.00000000
  0.06259999 -0.12634181E+02  0.23857266E-01      0.00000000      0.00000000
  0.06280001 -0.12610343E+02  0.23754448E-01      0.00000000      0.00000000
  0.06300000 -0.12586431E+02  0.23648620E-01      0.00000000      0.00000000
  0.06320000 -0.12562634E+02  0.23556478E-01      0.00000000      0.00000000
  0.06339999 -0.12539294E+02  0.23443528E-01      0.00000000      0.00000000
  0.06360000 -0.12515975E+02  0.23354523E-01      0.00000000      0.00000000
  0.06380000 -0.12492579E+02  0.23252308E-01      0.00000000      0.00000000
  0.06400000 -0.12469124E+02  0.23151502E-01      0.00000000      0.00000000
  0.06420000 -0.12446233E+02  0.23062810E-01      0.00000000      0.00000000
  0.06440000 -0.12423058E+02  0.22957928E-01      0.00000000      0.00000000
  0.06460000 -0.12399917E+02  0.22852555E-01      0.00000000      0.00000000
  0.06479999 -0.12377208E+02  0.22748515E-01      0.00000000      0.00000000
  0.06500000 -0.12354441E+02  0.22651091E-01      0.00000000      0.00000000
  0.06520000 -0.12332136E+02  0.22557758E-01      0.00000000      0.00000000
  0.06540000 -0.12309537E+02  0.22478595E-01      0.00000000      0.00000000
  0.06559999 -0.12287048E+02  0.22379592E-01      0.00000000      0.00000000
  0.06580000 -0.12264916E+02  0.22277139E-01      0.00000000      0.00000000
  0.06600000 -0.12242846E+02  0.22189230E-01      0.00000000      0.00000000
  0.06620000 -0.12220686E+02  0.22097379E-01      0.00000000      0.00000000
  0.06640000 -0.12198485E+02  0.22009268E-01      0.00000000      0.00000000
  0.06660000 -0.12176733E+02  0.21920003E-01      0.00000000      0.00000000
  0.06680001 -0.12154563E+02  0.21821424E-01      0.00000000      0.00000000
  0.06699999 -0.12132885E+02  0.21732353E-01      0.00000000      0.00000000
  0.06720000 -0.12111532E+02  0.21642409E-01      0.00000000      0.00000000
  0.06739999 -0.12089622E+02  0.21553203E-01      0.00000000      0.00000000
  0.06760000 -0.12068042E+02  0.21466047E-01      0.00000000      0.00000000
  0.06780000 -0.12046577E+02  0.21379538E-01      0.00000000      0.00000000
  0.06800000 -0.12025076E+02  0.21283336E-01      0.00000000      0.00000000
  0.06820000 -0.12004004E+02  0.21197364E-01      0.00000000      0.00000000
  0.06840000 -0.11982929E+02  0.21108374E-01      0.00000000      0.00000000
  0.06859999 -0.11962044E+02  0.21018915E-01      0.00000000      0.00000000
  0.06880000 -0.11940809E+02  0.20943247E-01      0.00000000      0.00000000
  0.06900001 -0.11919849E+02  0.20856388E-01      0.00000000      0.00000000
  0.06919999 -0.11899305E+02  0.20770907E-01      0.00000000      0.00000000
  0.06940000 -0.11878605E+02  0.20700809E-01      0.00000000      0.00000000
  0.06960000 -0.11857808E+02  0.20606436E-01      0.00000000      0.00000000
  0.06980000 -0.11837317E+02  0.20520128E-01      0.00000000      0.00000000
  0.07000000 -0.11816909E+02  0.20442981E-01      0.00000000      0.00000000
  0.07020000 -0.11796349E+02  0.20349588E-01      0.00000000      0.00000000
  0.07040000 -0.11775904E+02  0.20267550E-01      0.00000000      0.00000000
  0.07060000 -0.11755659E+02  0.20183980E-01      0.00000000      0.00000000
  0.07079999 -0.11735304E+02  0.20107321E-01      0.00000000      0.00000000
  0.07099999 -0.11715162E+02  0.20026010E-01      0.00000000      0.00000000
  0.07120001 -0.11695390E+02  0.19958332E-01      0.00000000      0.00000000
  0.07139999 -0.11675591E+02  0.19878224E-01      0.00000000      0.00000000
  0.07160000 -0.11655525E+02  0.19797646E-01      0.00000000      0.00000000
  0.07180000 -0.11635834E+02  0.19713897E-01      0.00000000      0.00000000
  0.07200000 -0.11616355E+02  0.19636303E-01      0.00000000      0.00000000
  0.07220000 -0.11596619E+02  0.19563891E-01      0.00000000      0.00000000
  0.07239999 -0.11577188E+02  0.19482426E-01      0.00000000      0.00000000
  0.07260000 -0.11557695E+02  0.19399825E-01      0.00000000      0.00000000
  0.07280000 -0.11538174E+02  0.19328590E-01      0.00000000      0.00000000
  0.07299999 -0.11518805E+02  0.19250184E-01      0.00000000      0.00000000
  0.07319999 -0.11499884E+02  0.19177470E-01      0.00000000      0.00000000
  0.07340001 -0.11480564E+02  0.19111156E-01      0.00000000      0.00000000
  0.07359999 -0.11461618E+02  0.19031849E-01      0.00000000      0.00000000
  0.07380000 -0.11442669E+02  0.18951878E-01      0.00000000      0.00000000
  0.07400000 -0.11423647E+02  0.18877383E-01      0.00000000      0.00000000
  0.07420000 -0.11404928E+02  0.18807016E-01      0.00000000      0.00000000
  0.07440000 -0.11386219E+02  0.18735312E-01      0.00000000      0.00000000
  0.07460000 -0.11367518E+02  0.18665496E-01      0.00000000      0.00000000
  0.07480000 -0.11349056E+02  0.18597260E-01      0.00000000      0.00000000
  0.07500000 -0.11330653E+02  0.18525761E-01      0.00000000      0.00000000
  0.07519999 -0.11312098E+02  0.18448740E-01      0.00000000      0.00000000
  0.07539999 -0.11293842E+02  0.18376850E-01      0.00000000      0.00000000
  0.07560000 -0.11275244E+02  0.18311594E-01      0.00000000      0.00000000
  0.07579999 -0.11257185E+02  0.18240321E-01      0.00000000      0.00000000
  0.07600000 -0.11238809E+02  0.18163227E-01      0.00000000      0.00000000
  0.07620000 -0.11220554E+02  0.18107966E-01      0.00000000      0.00000000
  0.07640000 -0.11202765E+02  0.18037703E-01      0.00000000      0.00000000
  0.07660000 -0.11184660E+02  0.17977670E-01      0.00000000      0.00000000
  0.07680000 -0.11166702E+02  0.17900646E-01      0.00000000      0.00000000
  0.07699999 -0.11148975E+02  0.17833285E-01      0.00000000      0.00000000
  0.07720000 -0.11131151E+02  0.17758083E-01      0.00000000      0.00000000
  0.07739999 -0.11113289E+02  0.17695233E-01      0.00000000      0.00000000
  0.07759999 -0.11095703E+02  0.17630897E-01      0.00000000      0.00000000
  0.07780000 -0.11078006E+02  0.17561939E-01      0.00000000      0.00000000
  0.07799999 -0.11060423E+02  0.17484780E-01      0.00000000      0.00000000
  0.07820000 -0.11042961E+02  0.17426476E-01      0.00000000      0.00000000
  0.07840000 -0.11025431E+02  0.17362855E-01      0.00000000      0.00000000
  0.07860000 -0.11008114E+02  0.17295685E-01      0.00000000      0.00000000
  0.07880000 -0.10990833E+02  0.17237477E-01      0.00000000      0.00000000
  0.07900000 -0.10973722E+02  0.17178040E-01      0.00000000      0.00000000
  0.07919999 -0.10956672E+02  0.17111424E-01      0.00000000      0.00000000
  0.07940000 -0.10939423E+02  0.17041821E-01      0.00000000      0.00000000
  0.07960001 -0.10922556E+02  0.16986318E-01      0.00000000      0.00000000
  0.07979999 -0.10905455E+02  0.16919974E-01      0.00000000      0.00000000
