 -0.04000000  0.83485374E+01  0.20727158E-01      0.00000000      0.00000000
 -0.03980000  0.83690796E+01  0.20824671E-01      0.00000000      0.00000000
 -0.03960000  0.83898315E+01  0.20916700E-01      0.00000000      0.00000000
 -0.03940000  0.84108315E+01  0.21033764E-01      0.00000000      0.00000000
 -0.03920000  0.84319878E+01  0.21134615E-01      0.00000000      0.00000000
 -0.03900000  0.84534912E+01  0.21238327E-01      0.00000000      0.00000000
 -0.03880000  0.84747543E+01  0.21333814E-01      0.00000000      0.00000000
 -0.03860000  0.84960442E+01  0.21427631E-01      0.00000000      0.00000000
 -0.03840000  0.85174446E+01  0.21525621E-01      0.00000000      0.00000000
 -0.03820000  0.85391541E+01  0.21629691E-01      0.00000000      0.00000000
 -0.03800000  0.85607262E+01  0.21718860E-01      0.00000000      0.00000000
 -0.03780000  0.85823517E+01  0.21821976E-01      0.00000000      0.00000000
 -0.03760000  0.86040001E+01  0.21925688E-01      0.00000000      0.00000000
 -0.03740000  0.86262741E+01  0.22034764E-01      0.00000000      0.00000000
 -0.03720000  0.86483002E+01  0.22140861E-01      0.00000000      0.00000000
 -0.03700000  0.86705971E+01  0.22245824E-01      0.00000000      0.00000000
 -0.03680000  0.86924973E+01  0.22355676E-01      0.00000000      0.00000000
 -0.03660000  0.87147789E+01  0.22444725E-01      0.00000000      0.00000000
 -0.03640000  0.87372246E+01  0.22558510E-01      0.00000000      0.00000000
 -0.03620000  0.87597923E+01  0.22684395E-01      0.00000000      0.00000000
 -0.03600000  0.87826309E+01  0.22799313E-01      0.00000000      0.00000000
 -0.03580000  0.88055725E+01  0.22898555E-01      0.00000000      0.00000000
 -0.03560000  0.88288422E+01  0.23017108E-01      0.00000000      0.00000000
 -0.03540000  0.88520241E+01  0.23137927E-01      0.00000000      0.00000000
 -0.03520000  0.88753014E+01  0.23237884E-01      0.00000000      0.00000000
 -0.03500000  0.88986988E+01  0.23351014E-01      0.00000000      0.00000000
 -0.03480000  0.89224033E+01  0.23464501E-01      0.00000000      0.00000000
 -0.03460000  0.89457321E+01  0.23589015E-01      0.00000000      0.00000000
 -0.03440000  0.89690132E+01  0.23705959E-01      0.00000000      0.00000000
 -0.03420000  0.89925175E+01  0.23823917E-01      0.00000000      0.00000000
 -0.03400000  0.90163269E+01  0.23928821E-01      0.00000000      0.00000000
 -0.03380000  0.90405712E+01  0.24048835E-01      0.00000000      0.00000000
 -0.03360000  0.90646019E+01  0.24170727E-01      0.00000000      0.00000000
 -0.03340000  0.90888176E+01  0.24288833E-01      0.00000000      0.00000000
 -0.03320000  0.91132832E+01  0.24413288E-01      0.00000000      0.00000000
 -0.03300000  0.91377506E+01  0.24525493E-01      0.00000000      0.00000000
 -0.03280000  0.91624088E+01  0.24654150E-01      0.00000000      0.00000000
 -0.03260000  0.91871128E+01  0.24792850E-01      0.00000000      0.00000000
 -0.03240000  0.92120190E+01  0.24913222E-01      0.00000000      0.00000000
 -0.03220000  0.92369366E+01  0.25034666E-01      0.00000000      0.00000000
 -0.03200000  0.92621098E+01  0.25175482E-01      0.00000000      0.00000000
 -0.03180000  0.92875004E+01  0.25296330E-01      0.00000000      0.00000000
 -0.03160000  0.93127594E+01  0.25424093E-01      0.00000000      0.00000000
 -0.03140000  0.93384171E+01  0.25551349E-01      0.00000000      0.00000000
 -0.03120000  0.93639069E+01  0.25691569E-01      0.00000000      0.00000000
 -0.03100000  0.93898315E+01  0.25830090E-01      0.00000000      0.00000000
 -0.03080000  0.94156990E+01  0.25952458E-01      0.00000000      0.00000000
 -0.03060000  0.94419003E+01  0.26073486E-01      0.00000000      0.00000000
 -0.03040000  0.94677582E+01  0.26219696E-01      0.00000000      0.00000000
 -0.03020000  0.94940643E+01  0.26359469E-01      0.00000000      0.00000000
 -0.03000000  0.95205173E+01  0.26495069E-01      0.00000000      0.00000000
 -0.02980000  0.95469742E+01  0.26642621E-01      0.00000000      0.00000000
 -0.02960000  0.95736370E+01  0.26778519E-01      0.00000000      0.00000000
 -0.02940000  0.96005497E+01  0.26912004E-01      0.00000000      0.00000000
 -0.02920000  0.96274948E+01  0.27049363E-01      0.00000000      0.00000000
 -0.02900000  0.96543655E+01  0.27197838E-01      0.00000000      0.00000000
 -0.02880000  0.96819248E+01  0.27354315E-01      0.00000000      0.00000000
 -0.02860000  0.97092113E+01  0.27506694E-01      0.00000000      0.00000000
 -0.02840000  0.97369709E+01  0.27642608E-01      0.00000000      0.00000000
 -0.02820000  0.97646551E+01  0.27794793E-01      0.00000000      0.00000000
 -0.02800000  0.97926683E+01  0.27942181E-01      0.00000000      0.00000000
 -0.02780000  0.98205423E+01  0.28076723E-01      0.00000000      0.00000000
 -0.02760000  0.98487949E+01  0.28231561E-01      0.00000000      0.00000000
 -0.02740000  0.98771896E+01  0.28380498E-01      0.00000000      0.00000000
 -0.02720000  0.99054365E+01  0.28539062E-01      0.00000000      0.00000000
 -0.02700000  0.99342089E+01  0.28702512E-01      0.00000000      0.00000000
 -0.02680000  0.99630060E+01  0.28863549E-01      0.00000000      0.00000000
 -0.02660000  0.99920788E+01  0.29009789E-01      0.00000000      0.00000000
 -0.02640000  0.10021115E+02  0.29164940E-01      0.00000000      0.00000000
 -0.02620000  0.10050147E+02  0.29316038E-01      0.00000000      0.00000000
 -0.02600000  0.10079577E+02  0.29488191E-01      0.00000000      0.00000000
 -0.02580000  0.10109579E+02  0.29655784E-01      0.00000000      0.00000000
 -0.02560000  0.10139279E+02  0.29811069E-01      0.00000000      0.00000000
 -0.02540000  0.10169199E+02  0.29975891E-01      0.00000000      0.00000000
 -0.02520000  0.10198681E+02  0.30141369E-01      0.00000000      0.00000000
 -0.02500000  0.10228751E+02  0.30323520E-01      0.00000000      0.00000000
 -0.02480000  0.10258989E+02  0.30493230E-01      0.00000000      0.00000000
 -0.02460000  0.10289926E+02  0.30666187E-01      0.00000000      0.00000000
 -0.02440000  0.10320798E+02  0.30848786E-01      0.00000000      0.00000000
 -0.02420000  0.10351519E+02  0.31010181E-01      0.00000000      0.00000000
 -0.02400000  0.10382539E+02  0.31189397E-01      0.00000000      0.00000000
 -0.02380000  0.10414079E+02  0.31368643E-01      0.00000000      0.00000000
 -0.02360000  0.10445512E+02  0.31534463E-01      0.00000000      0.00000000
 -0.02340000  0.10476898E+02  0.31700298E-01      0.00000000      0.00000000
 -0.02320000  0.10508372E+02  0.31870693E-01      0.00000000      0.00000000
 -0.02300000  0.10540437E+02  0.32073483E-01      0.00000000      0.00000000
 -0.02280000  0.10572283E+02  0.32266036E-01      0.00000000      0.00000000
 -0.02260000  0.10604923E+02  0.32444239E-01      0.00000000      0.00000000
 -0.02240000  0.10637697E+02  0.32635123E-01      0.00000000      0.00000000
 -0.02220000  0.10670455E+02  0.32824025E-01      0.00000000      0.00000000
 -0.02200000  0.10703379E+02  0.33034071E-01      0.00000000      0.00000000
 -0.02180000  0.10736356E+02  0.33214182E-01      0.00000000      0.00000000
 -0.02160000  0.10770188E+02  0.33404961E-01      0.00000000      0.00000000
 -0.02140000  0.10803704E+02  0.33597656E-01      0.00000000      0.00000000
 -0.02120000  0.10837596E+02  0.33803388E-01      0.00000000      0.00000000
 -0.02100000  0.10871540E+02  0.33999041E-01      0.00000000      0.00000000
 -0.02080000  0.10905462E+02  0.34202315E-01      0.00000000      0.00000000
 -0.02060000  0.10940274E+02  0.34407713E-01      0.00000000      0.00000000
 -0.02040000  0.10974747E+02  0.34613021E-01      0.00000000      0.00000000
 -0.02020000  0.11009656E+02  0.34838967E-01      0.00000000      0.00000000
 -0.02000000  0.11044517E+02  0.35039395E-01      0.00000000      0.00000000
 -0.01980000  0.11079324E+02  0.35230353E-01      0.00000000      0.00000000
 -0.01960000  0.11114541E+02  0.35453275E-01      0.00000000      0.00000000
 -0.01940000  0.11150028E+02  0.35658270E-01      0.00000000      0.00000000
 -0.01920000  0.11185629E+02  0.35903849E-01      0.00000000      0.00000000
 -0.01900000  0.11221358E+02  0.36107786E-01      0.00000000      0.00000000
 -0.01880000  0.11257720E+02  0.36320828E-01      0.00000000      0.00000000
 -0.01860000  0.11294289E+02  0.36544062E-01      0.00000000      0.00000000
 -0.01840000  0.11330700E+02  0.36767431E-01      0.00000000      0.00000000
 -0.01820000  0.11367351E+02  0.36990404E-01      0.00000000      0.00000000
 -0.01800000  0.11404439E+02  0.37221588E-01      0.00000000      0.00000000
 -0.01780000  0.11441860E+02  0.37427984E-01      0.00000000      0.00000000
 -0.01760000  0.11479670E+02  0.37667960E-01      0.00000000      0.00000000
 -0.01740000  0.11517975E+02  0.37920550E-01      0.00000000      0.00000000
 -0.01720000  0.11556162E+02  0.38166352E-01      0.00000000      0.00000000
 -0.01700000  0.11594143E+02  0.38424693E-01      0.00000000      0.00000000
 -0.01680000  0.11632753E+02  0.38643688E-01      0.00000000      0.00000000
 -0.01660000  0.11671640E+02  0.38890548E-01      0.00000000      0.00000000
 -0.01640000  0.11710392E+02  0.39124146E-01      0.00000000      0.00000000
 -0.01620000  0.11749636E+02  0.39380990E-01      0.00000000      0.00000000
 -0.01600000  0.11788931E+02  0.39627723E-01      0.00000000      0.00000000
 -0.01580000  0.11828581E+02  0.39874930E-01      0.00000000      0.00000000
 -0.01560000  0.11868610E+02  0.40146194E-01      0.00000000      0.00000000
 -0.01540000  0.11909453E+02  0.40419668E-01      0.00000000      0.00000000
 -0.01520000  0.11950372E+02  0.40687378E-01      0.00000000      0.00000000
 -0.01500000  0.11990837E+02  0.40941712E-01      0.00000000      0.00000000
 -0.01480000  0.12031799E+02  0.41200977E-01      0.00000000      0.00000000
 -0.01460000  0.12073030E+02  0.41467141E-01      0.00000000      0.00000000
 -0.01440000  0.12114755E+02  0.41724194E-01      0.00000000      0.00000000
 -0.01420000  0.12156528E+02  0.42000655E-01      0.00000000      0.00000000
 -0.01400000  0.12198243E+02  0.42291500E-01      0.00000000      0.00000000
 -0.01380000  0.12240149E+02  0.42553205E-01      0.00000000      0.00000000
 -0.01360000  0.12283066E+02  0.42840589E-01      0.00000000      0.00000000
 -0.01340000  0.12325924E+02  0.43121513E-01      0.00000000      0.00000000
 -0.01320000  0.12369005E+02  0.43404423E-01      0.00000000      0.00000000
 -0.01300000  0.12412605E+02  0.43698005E-01      0.00000000      0.00000000
 -0.01280000  0.12456440E+02  0.43997046E-01      0.00000000      0.00000000
 -0.01260000  0.12500639E+02  0.44295110E-01      0.00000000      0.00000000
 -0.01240000  0.12545081E+02  0.44596389E-01      0.00000000      0.00000000
 -0.01220000  0.12589632E+02  0.44883482E-01      0.00000000      0.00000000
 -0.01200000  0.12635674E+02  0.45202151E-01      0.00000000      0.00000000
 -0.01180000  0.12680357E+02  0.45492250E-01      0.00000000      0.00000000
 -0.01160000  0.12726051E+02  0.45842875E-01      0.00000000      0.00000000
 -0.01140000  0.12772120E+02  0.46145290E-01      0.00000000      0.00000000
 -0.01120000  0.12819336E+02  0.46473384E-01      0.00000000      0.00000000
 -0.01100000  0.12865652E+02  0.46772212E-01      0.00000000      0.00000000
 -0.01080000  0.12912170E+02  0.47097653E-01      0.00000000      0.00000000
 -0.01060000  0.12958984E+02  0.47442958E-01      0.00000000      0.00000000
 -0.01040000  0.13006584E+02  0.47781847E-01      0.00000000      0.00000000
 -0.01020000  0.13054788E+02  0.48102699E-01      0.00000000      0.00000000
 -0.01000000  0.13103013E+02  0.48445903E-01      0.00000000      0.00000000
 -0.00980000  0.13152492E+02  0.48783772E-01      0.00000000      0.00000000
 -0.00960000  0.13201266E+02  0.49142279E-01      0.00000000      0.00000000
 -0.00940000  0.13250328E+02  0.49490169E-01      0.00000000      0.00000000
 -0.00920000  0.13300168E+02  0.49837995E-01      0.00000000      0.00000000
 -0.00900000  0.13350224E+02  0.50203193E-01      0.00000000      0.00000000
 -0.00880000  0.13400875E+02  0.50586037E-01      0.00000000      0.00000000
 -0.00860000  0.13451909E+02  0.50974138E-01      0.00000000      0.00000000
 -0.00840000  0.13502611E+02  0.51316269E-01      0.00000000      0.00000000
 -0.00820000  0.13554454E+02  0.51675647E-01      0.00000000      0.00000000
 -0.00800000  0.13605238E+02  0.52028272E-01      0.00000000      0.00000000
 -0.00780000  0.13657197E+02  0.52423052E-01      0.00000000      0.00000000
 -0.00760000  0.13710487E+02  0.52828401E-01      0.00000000      0.00000000
 -0.00740000  0.13763420E+02  0.53211056E-01      0.00000000      0.00000000
 -0.00720000  0.13816583E+02  0.53625531E-01      0.00000000      0.00000000
 -0.00700000  0.13869835E+02  0.53989567E-01      0.00000000      0.00000000
 -0.00680000  0.13924479E+02  0.54410331E-01      0.00000000      0.00000000
 -0.00660000  0.13979517E+02  0.54796696E-01      0.00000000      0.00000000
 -0.00640000  0.14034712E+02  0.55231482E-01      0.00000000      0.00000000
 -0.00620000  0.14090593E+02  0.55660464E-01      0.00000000      0.00000000
 -0.00600000  0.14145989E+02  0.56063302E-01      0.00000000      0.00000000
 -0.00580000  0.14201479E+02  0.56500994E-01      0.00000000      0.00000000
 -0.00560000  0.14258337E+02  0.56929193E-01      0.00000000      0.00000000
 -0.00540000  0.14315280E+02  0.57359964E-01      0.00000000      0.00000000
 -0.00520000  0.14373601E+02  0.57817046E-01      0.00000000      0.00000000
 -0.00500000  0.14431634E+02  0.58265187E-01      0.00000000      0.00000000
 -0.00480000  0.14490175E+02  0.58711331E-01      0.00000000      0.00000000
 -0.00460000  0.14548963E+02  0.59173737E-01      0.00000000      0.00000000
 -0.00440000  0.14607723E+02  0.59634130E-01      0.00000000      0.00000000
 -0.00420000  0.14667290E+02  0.60102217E-01      0.00000000      0.00000000
 -0.00400000  0.14728186E+02  0.60568694E-01      0.00000000      0.00000000
 -0.00380000  0.14788590E+02  0.61026298E-01      0.00000000      0.00000000
 -0.00360000  0.14849733E+02  0.61512806E-01      0.00000000      0.00000000
 -0.00340000  0.14911260E+02  0.62030088E-01      0.00000000      0.00000000
 -0.00320000  0.14973104E+02  0.62548496E-01      0.00000000      0.00000000
 -0.00300000  0.15035604E+02  0.63064255E-01      0.00000000      0.00000000
 -0.00280000  0.15098995E+02  0.63543610E-01      0.00000000      0.00000000
 -0.00260000  0.15162327E+02  0.64027101E-01      0.00000000      0.00000000
 -0.00240000  0.15226972E+02  0.64544655E-01      0.00000000      0.00000000
 -0.00220000  0.15291614E+02  0.65057784E-01      0.00000000      0.00000000
 -0.00200000  0.15357533E+02  0.65609448E-01      0.00000000      0.00000000
 -0.00180000  0.15423756E+02  0.66172354E-01      0.00000000      0.00000000
 -0.00160000  0.15489610E+02  0.66740319E-01      0.00000000      0.00000000
 -0.00140000  0.15556279E+02  0.67275017E-01      0.00000000      0.00000000
 -0.00120000  0.15624075E+02  0.67843467E-01      0.00000000      0.00000000
 -0.00100000  0.15692755E+02  0.68409555E-01      0.00000000      0.00000000
 -0.00080000  0.15761609E+02  0.68992905E-01      0.00000000      0.00000000
 -0.00060000  0.15830792E+02  0.69584101E-01      0.00000000      0.00000000
 -0.00040000  0.15900557E+02  0.70153132E-01      0.00000000      0.00000000
 -0.00020000  0.15971309E+02  0.70759386E-01      0.00000000      0.00000000
  0.00000000  0.16042940E+02  0.71375929E-01      0.00000000      0.00000000
  0.00020000  0.16114548E+02  0.71972862E-01      0.00000000      0.00000000
  0.00040000  0.16185846E+02  0.72599448E-01      0.00000000      0.00000000
  0.00060000  0.16259459E+02  0.73220670E-01      0.00000000      0.00000000
  0.00080000  0.16332920E+02  0.73878765E-01      0.00000000      0.00000000
  0.00100000  0.16407206E+02  0.74517690E-01      0.00000000      0.00000000
  0.00120000  0.16483162E+02  0.75185932E-01      0.00000000      0.00000000
  0.00140000  0.16558605E+02  0.75870849E-01      0.00000000      0.00000000
  0.00160000  0.16635460E+02  0.76566622E-01      0.00000000      0.00000000
  0.00180000  0.16711281E+02  0.77214077E-01      0.00000000      0.00000000
  0.00200000  0.16788918E+02  0.77907667E-01      0.00000000      0.00000000
  0.00220000  0.16867498E+02  0.78614399E-01      0.00000000      0.00000000
  0.00240000  0.16946413E+02  0.79341277E-01      0.00000000      0.00000000
  0.00260000  0.17024918E+02  0.80028251E-01      0.00000000      0.00000000
  0.00280000  0.17105230E+02  0.80736235E-01      0.00000000      0.00000000
  0.00300000  0.17186008E+02  0.81495881E-01      0.00000000      0.00000000
  0.00320000  0.17267380E+02  0.82251146E-01      0.00000000      0.00000000
  0.00340000  0.17351124E+02  0.83024390E-01      0.00000000      0.00000000
  0.00360000  0.17433710E+02  0.83773784E-01      0.00000000      0.00000000
  0.00380000  0.17517626E+02  0.84544674E-01      0.00000000      0.00000000
  0.00400000  0.17602470E+02  0.85318848E-01      0.00000000      0.00000000
  0.00420000  0.17688728E+02  0.86122699E-01      0.00000000      0.00000000
  0.00440000  0.17774414E+02  0.86922832E-01      0.00000000      0.00000000
  0.00460000  0.17862331E+02  0.87791935E-01      0.00000000      0.00000000
  0.00480000  0.17950502E+02  0.88657498E-01      0.00000000      0.00000000
  0.00500000  0.18039820E+02  0.89500397E-01      0.00000000      0.00000000
  0.00520000  0.18130621E+02  0.90381853E-01      0.00000000      0.00000000
  0.00540000  0.18220451E+02  0.91261491E-01      0.00000000      0.00000000
  0.00560000  0.18312145E+02  0.92151418E-01      0.00000000      0.00000000
  0.00580000  0.18404667E+02  0.93061119E-01      0.00000000      0.00000000
  0.00600000  0.18498348E+02  0.93963847E-01      0.00000000      0.00000000
  0.00620000  0.18591896E+02  0.94855480E-01      0.00000000      0.00000000
  0.00640000  0.18687101E+02  0.95811106E-01      0.00000000      0.00000000
  0.00660000  0.18783142E+02  0.96764274E-01      0.00000000      0.00000000
  0.00680000  0.18880745E+02  0.97747698E-01      0.00000000      0.00000000
  0.00700000  0.18979656E+02  0.98726951E-01      0.00000000      0.00000000
  0.00720000  0.19079460E+02  0.99709220E-01      0.00000000      0.00000000
  0.00740000  0.19178886E+02  0.10072626E+00      0.00000000      0.00000000
  0.00760000  0.19280005E+02  0.10179367E+00      0.00000000      0.00000000
  0.00780000  0.19383167E+02  0.10286634E+00      0.00000000      0.00000000
  0.00800000  0.19487442E+02  0.10392679E+00      0.00000000      0.00000000
  0.00820000  0.19593344E+02  0.10504658E+00      0.00000000      0.00000000
  0.00840000  0.19699875E+02  0.10613564E+00      0.00000000      0.00000000
  0.00860000  0.19805874E+02  0.10725449E+00      0.00000000      0.00000000
  0.00880000  0.19913149E+02  0.10838695E+00      0.00000000      0.00000000
  0.00900000  0.20022610E+02  0.10952932E+00      0.00000000      0.00000000
  0.00920000  0.20134331E+02  0.11074421E+00      0.00000000      0.00000000
  0.00940000  0.20245420E+02  0.11191554E+00      0.00000000      0.00000000
  0.00960000  0.20356733E+02  0.11311388E+00      0.00000000      0.00000000
  0.00980000  0.20470730E+02  0.11436307E+00      0.00000000      0.00000000
  0.01000000  0.20585602E+02  0.11560676E+00      0.00000000      0.00000000
  0.01020000  0.20701881E+02  0.11688225E+00      0.00000000      0.00000000
  0.01040000  0.20820089E+02  0.11818402E+00      0.00000000      0.00000000
  0.01060000  0.20937279E+02  0.11947217E+00      0.00000000      0.00000000
  0.01080000  0.21057508E+02  0.12082405E+00      0.00000000      0.00000000
  0.01100000  0.21179310E+02  0.12217246E+00      0.00000000      0.00000000
  0.01120000  0.21302240E+02  0.12357712E+00      0.00000000      0.00000000
  0.01140000  0.21427013E+02  0.12498736E+00      0.00000000      0.00000000
  0.01160000  0.21551580E+02  0.12644243E+00      0.00000000      0.00000000
  0.01180000  0.21677963E+02  0.12786487E+00      0.00000000      0.00000000
  0.01200000  0.21806133E+02  0.12933913E+00      0.00000000      0.00000000
  0.01220000  0.21937126E+02  0.13086352E+00      0.00000000      0.00000000
  0.01240000  0.22069695E+02  0.13238832E+00      0.00000000      0.00000000
  0.01260000  0.22201195E+02  0.13393646E+00      0.00000000      0.00000000
  0.01280000  0.22335888E+02  0.13553561E+00      0.00000000      0.00000000
  0.01300000  0.22470509E+02  0.13713485E+00      0.00000000      0.00000000
  0.01320000  0.22608400E+02  0.13878763E+00      0.00000000      0.00000000
  0.01340000  0.22748377E+02  0.14048547E+00      0.00000000      0.00000000
  0.01360000  0.22891777E+02  0.14219549E+00      0.00000000      0.00000000
  0.01380000  0.23035742E+02  0.14396651E+00      0.00000000      0.00000000
  0.01400000  0.23181824E+02  0.14576259E+00      0.00000000      0.00000000
  0.01420000  0.23328281E+02  0.14754632E+00      0.00000000      0.00000000
  0.01440000  0.23477795E+02  0.14940082E+00      0.00000000      0.00000000
  0.01460000  0.23627167E+02  0.15127583E+00      0.00000000      0.00000000
  0.01480000  0.23777733E+02  0.15315983E+00      0.00000000      0.00000000
  0.01500000  0.23931166E+02  0.15514283E+00      0.00000000      0.00000000
  0.01520000  0.24088940E+02  0.15718380E+00      0.00000000      0.00000000
  0.01540000  0.24246185E+02  0.15919586E+00      0.00000000      0.00000000
  0.01560000  0.24407936E+02  0.16126598E+00      0.00000000      0.00000000
  0.01580000  0.24569551E+02  0.16338329E+00      0.00000000      0.00000000
  0.01600000  0.24733782E+02  0.16550866E+00      0.00000000      0.00000000
  0.01619999  0.24899845E+02  0.16764969E+00      0.00000000      0.00000000
  0.01640000  0.25069962E+02  0.16995993E+00      0.00000000      0.00000000
  0.01660000  0.25241016E+02  0.17224976E+00      0.00000000      0.00000000
  0.01680000  0.25414658E+02  0.17459427E+00      0.00000000      0.00000000
  0.01700000  0.25592102E+02  0.17700391E+00      0.00000000      0.00000000
  0.01720000  0.25769695E+02  0.17939538E+00      0.00000000      0.00000000
  0.01740000  0.25950397E+02  0.18186487E+00      0.00000000      0.00000000
  0.01760000  0.26132202E+02  0.18434110E+00      0.00000000      0.00000000
  0.01780000  0.26315517E+02  0.18690957E+00      0.00000000      0.00000000
  0.01800000  0.26505053E+02  0.18960406E+00      0.00000000      0.00000000
  0.01820000  0.26698854E+02  0.19232866E+00      0.00000000      0.00000000
  0.01840000  0.26891449E+02  0.19510351E+00      0.00000000      0.00000000
  0.01860000  0.27088402E+02  0.19790637E+00      0.00000000      0.00000000
  0.01880000  0.27288769E+02  0.20076963E+00      0.00000000      0.00000000
  0.01900000  0.27490126E+02  0.20367052E+00      0.00000000      0.00000000
  0.01920000  0.27693157E+02  0.20667428E+00      0.00000000      0.00000000
  0.01940000  0.27902512E+02  0.20977974E+00      0.00000000      0.00000000
  0.01960000  0.28113472E+02  0.21292838E+00      0.00000000      0.00000000
  0.01980000  0.28329508E+02  0.21616629E+00      0.00000000      0.00000000
  0.02000000  0.28544895E+02  0.21938668E+00      0.00000000      0.00000000
  0.02020000  0.28765329E+02  0.22278386E+00      0.00000000      0.00000000
  0.02040000  0.28989746E+02  0.22627264E+00      0.00000000      0.00000000
  0.02060000  0.29218681E+02  0.22981215E+00      0.00000000      0.00000000
  0.02080000  0.29448505E+02  0.23337448E+00      0.00000000      0.00000000
  0.02100000  0.29683729E+02  0.23710829E+00      0.00000000      0.00000000
  0.02120000  0.29921511E+02  0.24088231E+00      0.00000000      0.00000000
  0.02140000  0.30163170E+02  0.24474573E+00      0.00000000      0.00000000
  0.02160000  0.30411341E+02  0.24875879E+00      0.00000000      0.00000000
  0.02180000  0.30662239E+02  0.25284505E+00      0.00000000      0.00000000
  0.02200000  0.30914734E+02  0.25696158E+00      0.00000000      0.00000000
  0.02220000  0.31174110E+02  0.26126999E+00      0.00000000      0.00000000
  0.02240000  0.31436859E+02  0.26564732E+00      0.00000000      0.00000000
  0.02260000  0.31708344E+02  0.27032152E+00      0.00000000      0.00000000
  0.02280000  0.31981138E+02  0.27486339E+00      0.00000000      0.00000000
  0.02300000  0.32257523E+02  0.27959612E+00      0.00000000      0.00000000
  0.02320000  0.32537937E+02  0.28448269E+00      0.00000000      0.00000000
  0.02340000  0.32826248E+02  0.28952861E+00      0.00000000      0.00000000
  0.02360000  0.33118046E+02  0.29467577E+00      0.00000000      0.00000000
  0.02380000  0.33415287E+02  0.30000353E+00      0.00000000      0.00000000
  0.02400000  0.33717094E+02  0.30541146E+00      0.00000000      0.00000000
  0.02420000  0.34022446E+02  0.31090420E+00      0.00000000      0.00000000
  0.02440000  0.34336414E+02  0.31671086E+00      0.00000000      0.00000000
  0.02460000  0.34657536E+02  0.32255262E+00      0.00000000      0.00000000
  0.02480000  0.34984505E+02  0.32874542E+00      0.00000000      0.00000000
  0.02500000  0.35315170E+02  0.33492601E+00      0.00000000      0.00000000
  0.02520000  0.35653111E+02  0.34135902E+00      0.00000000      0.00000000
  0.02540000  0.35994823E+02  0.34793907E+00      0.00000000      0.00000000
  0.02560000  0.36347069E+02  0.35481647E+00      0.00000000      0.00000000
  0.02580000  0.36707058E+02  0.36192620E+00      0.00000000      0.00000000
  0.02600000  0.37070347E+02  0.36906594E+00      0.00000000      0.00000000
  0.02620000  0.37446693E+02  0.37659860E+00      0.00000000      0.00000000
  0.02640000  0.37826729E+02  0.38438570E+00      0.00000000      0.00000000
  0.02660000  0.38211102E+02  0.39231277E+00      0.00000000      0.00000000
  0.02680000  0.38609737E+02  0.40056878E+00      0.00000000      0.00000000
  0.02700000  0.39014618E+02  0.40903735E+00      0.00000000      0.00000000
  0.02720000  0.39431572E+02  0.41790143E+00      0.00000000      0.00000000
  0.02740000  0.39852932E+02  0.42689180E+00      0.00000000      0.00000000
  0.02760000  0.40282143E+02  0.43618733E+00      0.00000000      0.00000000
  0.02780000  0.40719627E+02  0.44583338E+00      0.00000000      0.00000000
  0.02800000  0.41169777E+02  0.45581824E+00      0.00000000      0.00000000
  0.02820000  0.41634083E+02  0.46625492E+00      0.00000000      0.00000000
  0.02840000  0.42109436E+02  0.47713140E+00      0.00000000      0.00000000
  0.02860000  0.42589096E+02  0.48823425E+00      0.00000000      0.00000000
  0.02880000  0.43086273E+02  0.49978530E+00      0.00000000      0.00000000
  0.02900000  0.43594326E+02  0.51181430E+00      0.00000000      0.00000000
  0.02920000  0.44113091E+02  0.52430212E+00      0.00000000      0.00000000
  0.02940000  0.44645187E+02  0.53714794E+00      0.00000000      0.00000000
  0.02959999  0.45185875E+02  0.55051780E+00      0.00000000      0.00000000
  0.02980000  0.45740078E+02  0.56427884E+00      0.00000000      0.00000000
  0.03000000  0.46317406E+02  0.57890970E+00      0.00000000      0.00000000
  0.03020000  0.46907764E+02  0.59398806E+00      0.00000000      0.00000000
  0.03040000  0.47507828E+02  0.60956073E+00      0.00000000      0.00000000
  0.03060000  0.48113159E+02  0.62556291E+00      0.00000000      0.00000000
  0.03080000  0.48741318E+02  0.64251912E+00      0.00000000      0.00000000
  0.03100000  0.49401390E+02  0.66037750E+00      0.00000000      0.00000000
  0.03120000  0.50065819E+02  0.67869174E+00      0.00000000      0.00000000
  0.03140000  0.50751232E+02  0.69780195E+00      0.00000000      0.00000000
  0.03160000  0.51459019E+02  0.71797889E+00      0.00000000      0.00000000
  0.03179999  0.52194847E+02  0.73915690E+00      0.00000000      0.00000000
  0.03200001  0.52936356E+02  0.76104897E+00      0.00000000      0.00000000
  0.03220000  0.53714897E+02  0.78418821E+00      0.00000000      0.00000000
  0.03240000  0.54504082E+02  0.80821699E+00      0.00000000      0.00000000
  0.03260000  0.55322788E+02  0.83346426E+00      0.00000000      0.00000000
  0.03280000  0.56172218E+02  0.86018908E+00      0.00000000      0.00000000
  0.03300000  0.57044628E+02  0.88816297E+00      0.00000000      0.00000000
  0.03320000  0.57942905E+02  0.91742474E+00      0.00000000      0.00000000
  0.03340000  0.58880577E+02  0.94872832E+00      0.00000000      0.00000000
  0.03360000  0.59843365E+02  0.98151064E+00      0.00000000      0.00000000
  0.03380000  0.60860546E+02  0.10164133E+01      0.00000000      0.00000000
  0.03399999  0.61896854E+02  0.10528624E+01      0.00000000      0.00000000
  0.03420001  0.62958084E+02  0.10911540E+01      0.00000000      0.00000000
  0.03440000  0.64074287E+02  0.11321689E+01      0.00000000      0.00000000
  0.03460000  0.65221909E+02  0.11751752E+01      0.00000000      0.00000000
  0.03479999  0.66420525E+02  0.12212591E+01      0.00000000      0.00000000
  0.03500000  0.67660027E+02  0.12698276E+01      0.00000000      0.00000000
  0.03520000  0.68946609E+02  0.13214302E+01      0.00000000      0.00000000
  0.03540000  0.70297424E+02  0.13770413E+01      0.00000000      0.00000000
  0.03560000  0.71692032E+02  0.14357045E+01      0.00000000      0.00000000
  0.03580000  0.73166183E+02  0.14994700E+01      0.00000000      0.00000000
  0.03600000  0.74682770E+02  0.15668292E+01      0.00000000      0.00000000
  0.03619999  0.76285995E+02  0.16398486E+01      0.00000000      0.00000000
  0.03640000  0.77993767E+02  0.17197182E+01      0.00000000      0.00000000
  0.03660000  0.79776276E+02  0.18060741E+01      0.00000000      0.00000000
  0.03680000  0.81602745E+02  0.18968203E+01      0.00000000      0.00000000
  0.03700000  0.83541672E+02  0.19959064E+01      0.00000000      0.00000000
  0.03720000  0.85580994E+02  0.21039023E+01      0.00000000      0.00000000
  0.03740000  0.87744980E+02  0.22220459E+01      0.00000000      0.00000000
  0.03760000  0.90070343E+02  0.23537445E+01      0.00000000      0.00000000
  0.03780000  0.92482903E+02  0.24950538E+01      0.00000000      0.00000000
  0.03800000  0.95008987E+02  0.26482058E+01      0.00000000      0.00000000
  0.03820000  0.97718857E+02  0.28195586E+01      0.00000000      0.00000000
  0.03839999  0.10062120E+03  0.30107560E+01      0.00000000      0.00000000
  0.03860000  0.10370871E+03  0.32224329E+01      0.00000000      0.00000000
  0.03880000  0.10705499E+03  0.34628954E+01      0.00000000      0.00000000
  0.03900000  0.11067465E+03  0.37354107E+01      0.00000000      0.00000000
  0.03920000  0.11454659E+03  0.40410175E+01      0.00000000      0.00000000
  0.03940000  0.11872014E+03  0.43887634E+01      0.00000000      0.00000000
  0.03960000  0.12334559E+03  0.47962828E+01      0.00000000      0.00000000
  0.03980000  0.12833418E+03  0.52625422E+01      0.00000000      0.00000000
  0.04000000  0.13394167E+03  0.58206406E+01      0.00000000      0.00000000
  0.04020000  0.13994377E+03  0.64596376E+01      0.00000000      0.00000000
  0.04040000  0.14669595E+03  0.72324705E+01      0.00000000      0.00000000
  0.04060000  0.15426343E+03  0.81694546E+01      0.00000000      0.00000000
  0.04080000  0.16293619E+03  0.93377180E+01      0.00000000      0.00000000
  0.04100000  0.17276138E+03  0.10788589E+02      0.00000000      0.00000000
  0.04120000  0.18411505E+03  0.12642134E+02      0.00000000      0.00000000
  0.04140000  0.19777121E+03  0.15135021E+02      0.00000000      0.00000000
  0.04160000  0.21425563E+03  0.18553953E+02      0.00000000      0.00000000
  0.04180000  0.23458713E+03  0.23426785E+02      0.00000000      0.00000000
  0.04200000  0.26001761E+03  0.30609430E+02      0.00000000      0.00000000
  0.04220000  0.29391989E+03  0.42231270E+02      0.00000000      0.00000000
  0.04240000  0.34083624E+03  0.62653831E+02      0.00000000      0.00000000
  0.04260000  0.40947644E+03  0.10341843E+03      0.00000000      0.00000000
  0.04280000  0.51234949E+03  0.20003604E+03      0.00000000      0.00000000
  0.04300000  0.62052240E+03  0.49147665E+03      0.00000000      0.00000000
  0.04320000  0.14202307E+03  0.99699561E+03      0.00000000      0.00000000
  0.04340000 -0.35311035E+03  0.50655899E+03      0.00000000      0.00000000
  0.04360000 -0.24511687E+03  0.20916019E+03      0.00000000      0.00000000
  0.04380000 -0.13296771E+03  0.11070834E+03      0.00000000      0.00000000
  0.04400000 -0.56187962E+02  0.73303215E+02      0.00000000      0.00000000
  0.04420000  0.25081642E+01  0.57107300E+02      0.00000000      0.00000000
  0.04440000  0.52567513E+02  0.51345818E+02      0.00000000      0.00000000
  0.04460000  0.10153552E+03  0.52829533E+02      0.00000000      0.00000000
  0.04480000  0.15469336E+03  0.62273811E+02      0.00000000      0.00000000
  0.04500000  0.21993439E+03  0.84999481E+02      0.00000000      0.00000000
  0.04520000  0.30969104E+03  0.13851880E+03      0.00000000      0.00000000
  0.04539999  0.43379114E+03  0.28198242E+03      0.00000000      0.00000000
  0.04560000  0.44871808E+03  0.72532129E+03      0.00000000      0.00000000
  0.04580000 -0.30865329E+03  0.88319397E+03      0.00000000      0.00000000
  0.04600000 -0.44960208E+03  0.35733661E+03      0.00000000      0.00000000
  0.04620000 -0.32322522E+03  0.16106018E+03      0.00000000      0.00000000
  0.04640000 -0.22764534E+03  0.90475327E+02      0.00000000      0.00000000
  0.04660000 -0.16330637E+03  0.60130787E+02      0.00000000      0.00000000
  0.04680000 -0.11492198E+03  0.44398994E+02      0.00000000      0.00000000
  0.04700000 -0.76928177E+02  0.35987633E+02      0.00000000      0.00000000
  0.04720000 -0.44347610E+02  0.31419558E+02      0.00000000      0.00000000
  0.04740000 -0.14879584E+02  0.29402046E+02      0.00000000      0.00000000
  0.04759999  0.13788211E+02  0.29375557E+02      0.00000000      0.00000000
  0.04780000  0.43251804E+02  0.31320183E+02      0.00000000      0.00000000
  0.04800000  0.75219215E+02  0.35687439E+02      0.00000000      0.00000000
  0.04820000  0.11304089E+03  0.43922722E+02      0.00000000      0.00000000
  0.04840000  0.16034749E+03  0.58998352E+02      0.00000000      0.00000000
  0.04860000  0.22496817E+03  0.88903091E+02      0.00000000      0.00000000
  0.04880000  0.31724368E+03  0.15505760E+03      0.00000000      0.00000000
  0.04899999  0.44640210E+03  0.34479761E+03      0.00000000      0.00000000
  0.04920000  0.33794897E+03  0.86201056E+03      0.00000000      0.00000000
  0.04940000 -0.44311414E+03  0.74854034E+03      0.00000000      0.00000000
  0.04960000 -0.44366486E+03  0.29412988E+03      0.00000000      0.00000000
  0.04979999 -0.31756445E+03  0.14246506E+03      0.00000000      0.00000000
  0.05000000 -0.22656464E+03  0.86655815E+02      0.00000000      0.00000000
  0.05020000 -0.16095425E+03  0.62932198E+02      0.00000000      0.00000000
  0.05040000 -0.10715900E+03  0.52610611E+02      0.00000000      0.00000000
  0.05060000 -0.58891647E+02  0.50396011E+02      0.00000000      0.00000000
  0.05080000 -0.86934929E+01  0.55258621E+02      0.00000000      0.00000000
  0.05100000  0.47658485E+02  0.69463470E+02      0.00000000      0.00000000
  0.05119999  0.12037213E+03  0.10198645E+03      0.00000000      0.00000000
  0.05140000  0.22376755E+03  0.18227783E+03      0.00000000      0.00000000
  0.05160000  0.34902475E+03  0.42186914E+03      0.00000000      0.00000000
  0.05180000  0.63242546E+02  0.96781409E+03      0.00000000      0.00000000
  0.05199999 -0.61754688E+03  0.61227722E+03      0.00000000      0.00000000
  0.05220000 -0.54576294E+03  0.24082468E+03      0.00000000      0.00000000
  0.05240000 -0.43151959E+03  0.11753658E+03      0.00000000      0.00000000
  0.05260000 -0.35579938E+03  0.69027603E+02      0.00000000      0.00000000
  0.05280000 -0.30532062E+03  0.45808315E+02      0.00000000      0.00000000
  0.05300000 -0.26901917E+03  0.32784069E+02      0.00000000      0.00000000
  0.05320000 -0.24205264E+03  0.24874088E+02      0.00000000      0.00000000
  0.05339999 -0.22060959E+03  0.19557148E+02      0.00000000      0.00000000
  0.05360000 -0.20339342E+03  0.15876600E+02      0.00000000      0.00000000
  0.05380000 -0.18910162E+03  0.13193581E+02      0.00000000      0.00000000
  0.05400000 -0.17715619E+03  0.11196390E+02      0.00000000      0.00000000
  0.05420000 -0.16688037E+03  0.96459694E+01      0.00000000      0.00000000
  0.05440000 -0.15793295E+03  0.84189434E+01      0.00000000      0.00000000
  0.05460000 -0.15002771E+03  0.74252906E+01      0.00000000      0.00000000
  0.05480000 -0.14304007E+03  0.66132159E+01      0.00000000      0.00000000
  0.05500000 -0.13676123E+03  0.59364452E+01      0.00000000      0.00000000
  0.05520000 -0.13114902E+03  0.53712664E+01      0.00000000      0.00000000
  0.05540000 -0.12608102E+03  0.48917532E+01      0.00000000      0.00000000
  0.05560000 -0.12145595E+03  0.44794970E+01      0.00000000      0.00000000
  0.05580000 -0.11718041E+03  0.41181412E+01      0.00000000      0.00000000
  0.05600000 -0.11328111E+03  0.38068142E+01      0.00000000      0.00000000
  0.05620000 -0.10959882E+03  0.35267055E+01      0.00000000      0.00000000
  0.05640000 -0.10617136E+03  0.32778096E+01      0.00000000      0.00000000
  0.05660000 -0.10303081E+03  0.30604348E+01      0.00000000      0.00000000
  0.05680000 -0.10008323E+03  0.28643329E+01      0.00000000      0.00000000
  0.05700000 -0.97315903E+02  0.26883006E+01      0.00000000      0.00000000
  0.05720000 -0.94682327E+02  0.25265501E+01      0.00000000      0.00000000
  0.05740000 -0.92259071E+02  0.23833616E+01      0.00000000      0.00000000
  0.05760000 -0.89962250E+02  0.22525401E+01      0.00000000      0.00000000
  0.05780000 -0.87775200E+02  0.21319232E+01      0.00000000      0.00000000
  0.05800000 -0.85711060E+02  0.20221577E+01      0.00000000      0.00000000
  0.05819999 -0.83736740E+02  0.19203415E+01      0.00000000      0.00000000
  0.05840000 -0.81847321E+02  0.18258462E+01      0.00000000      0.00000000
  0.05860000 -0.80086967E+02  0.17403200E+01      0.00000000      0.00000000
  0.05880000 -0.78364693E+02  0.16590056E+01      0.00000000      0.00000000
  0.05900000 -0.76778473E+02  0.15863750E+01      0.00000000      0.00000000
  0.05920000 -0.75220505E+02  0.15169532E+01      0.00000000      0.00000000
  0.05940000 -0.73749268E+02  0.14531127E+01      0.00000000      0.00000000
  0.05960000 -0.72318962E+02  0.13922105E+01      0.00000000      0.00000000
  0.05980000 -0.70936859E+02  0.13350966E+01      0.00000000      0.00000000
  0.06000000 -0.69631874E+02  0.12821791E+01      0.00000000      0.00000000
  0.06020000 -0.68386642E+02  0.12329692E+01      0.00000000      0.00000000
  0.06039999 -0.67172142E+02  0.11863091E+01      0.00000000      0.00000000
  0.06060000 -0.66007095E+02  0.11423941E+01      0.00000000      0.00000000
  0.06080000 -0.64893593E+02  0.11012707E+01      0.00000000      0.00000000
  0.06100000 -0.63813553E+02  0.10621920E+01      0.00000000      0.00000000
  0.06119999 -0.62768856E+02  0.10250884E+01      0.00000000      0.00000000
  0.06140000 -0.61767960E+02  0.99035335E+00      0.00000000      0.00000000
  0.06160000 -0.60797676E+02  0.95746171E+00      0.00000000      0.00000000
  0.06180000 -0.59848015E+02  0.92564332E+00      0.00000000      0.00000000
  0.06200000 -0.58942444E+02  0.89609653E+00      0.00000000      0.00000000
  0.06220000 -0.58058479E+02  0.86753416E+00      0.00000000      0.00000000
  0.06240000 -0.57206673E+02  0.84072888E+00      0.00000000      0.00000000
  0.06259999 -0.56389122E+02  0.81526232E+00      0.00000000      0.00000000
  0.06280001 -0.55590992E+02  0.79098749E+00      0.00000000      0.00000000
  0.06300000 -0.54810520E+02  0.76737797E+00      0.00000000      0.00000000
  0.06320000 -0.54047729E+02  0.74494600E+00      0.00000000      0.00000000
  0.06339999 -0.53312874E+02  0.72365272E+00      0.00000000      0.00000000
  0.06360000 -0.52602783E+02  0.70334548E+00      0.00000000      0.00000000
  0.06380000 -0.51910378E+02  0.68385446E+00      0.00000000      0.00000000
  0.06400000 -0.51233932E+02  0.66517198E+00      0.00000000      0.00000000
  0.06420000 -0.50579872E+02  0.64724433E+00      0.00000000      0.00000000
  0.06440000 -0.49941574E+02  0.63012838E+00      0.00000000      0.00000000
  0.06460000 -0.49314209E+02  0.61349320E+00      0.00000000      0.00000000
  0.06479999 -0.48706886E+02  0.59759963E+00      0.00000000      0.00000000
  0.06500000 -0.48124111E+02  0.58265483E+00      0.00000000      0.00000000
  0.06520000 -0.47545612E+02  0.56806052E+00      0.00000000      0.00000000
  0.06540000 -0.46982727E+02  0.55399638E+00      0.00000000      0.00000000
  0.06559999 -0.46441917E+02  0.54058737E+00      0.00000000      0.00000000
  0.06580000 -0.45905014E+02  0.52750850E+00      0.00000000      0.00000000
  0.06600000 -0.45377621E+02  0.51478100E+00      0.00000000      0.00000000
  0.06620000 -0.44866856E+02  0.50270402E+00      0.00000000      0.00000000
  0.06640000 -0.44363373E+02  0.49086615E+00      0.00000000      0.00000000
  0.06660000 -0.43872265E+02  0.47943383E+00      0.00000000      0.00000000
  0.06680001 -0.43405365E+02  0.46883291E+00      0.00000000      0.00000000
  0.06699999 -0.42944111E+02  0.45850417E+00      0.00000000      0.00000000
  0.06720000 -0.42486504E+02  0.44829753E+00      0.00000000      0.00000000
  0.06739999 -0.42046890E+02  0.43865135E+00      0.00000000      0.00000000
  0.06760000 -0.41615540E+02  0.42924261E+00      0.00000000      0.00000000
  0.06780000 -0.41192619E+02  0.42016718E+00      0.00000000      0.00000000
  0.06800000 -0.40780449E+02  0.41140831E+00      0.00000000      0.00000000
  0.06820000 -0.40367928E+02  0.40268534E+00      0.00000000      0.00000000
  0.06840000 -0.39968674E+02  0.39435995E+00      0.00000000      0.00000000
  0.06859999 -0.39580692E+02  0.38640016E+00      0.00000000      0.00000000
  0.06880000 -0.39197533E+02  0.37863392E+00      0.00000000      0.00000000
  0.06900001 -0.38825291E+02  0.37110555E+00      0.00000000      0.00000000
  0.06919999 -0.38458359E+02  0.36374891E+00      0.00000000      0.00000000
  0.06940000 -0.38099335E+02  0.35668552E+00      0.00000000      0.00000000
  0.06960000 -0.37744373E+02  0.34986150E+00      0.00000000      0.00000000
  0.06980000 -0.37398598E+02  0.34316599E+00      0.00000000      0.00000000
  0.07000000 -0.37059071E+02  0.33667380E+00      0.00000000      0.00000000
  0.07020000 -0.36724754E+02  0.33041769E+00      0.00000000      0.00000000
  0.07040000 -0.36397907E+02  0.32421446E+00      0.00000000      0.00000000
  0.07060000 -0.36075333E+02  0.31817627E+00      0.00000000      0.00000000
  0.07079999 -0.35765629E+02  0.31253922E+00      0.00000000      0.00000000
  0.07099999 -0.35458595E+02  0.30695873E+00      0.00000000      0.00000000
  0.07120001 -0.35152390E+02  0.30145115E+00      0.00000000      0.00000000
  0.07139999 -0.34850002E+02  0.29601848E+00      0.00000000      0.00000000
  0.07160000 -0.34555439E+02  0.29077971E+00      0.00000000      0.00000000
  0.07180000 -0.34264633E+02  0.28570956E+00      0.00000000      0.00000000
  0.07200000 -0.33983459E+02  0.28081286E+00      0.00000000      0.00000000
  0.07220000 -0.33704086E+02  0.27604321E+00      0.00000000      0.00000000
  0.07239999 -0.33431068E+02  0.27140161E+00      0.00000000      0.00000000
  0.07260000 -0.33164627E+02  0.26686740E+00      0.00000000      0.00000000
  0.07280000 -0.32899666E+02  0.26240188E+00      0.00000000      0.00000000
  0.07299999 -0.32640045E+02  0.25814864E+00      0.00000000      0.00000000
  0.07319999 -0.32387001E+02  0.25397885E+00      0.00000000      0.00000000
  0.07340001 -0.32137138E+02  0.24988790E+00      0.00000000      0.00000000
  0.07359999 -0.31888233E+02  0.24583572E+00      0.00000000      0.00000000
  0.07380000 -0.31641661E+02  0.24186045E+00      0.00000000      0.00000000
  0.07400000 -0.31403433E+02  0.23807403E+00      0.00000000      0.00000000
  0.07420000 -0.31167410E+02  0.23436981E+00      0.00000000      0.00000000
  0.07440000 -0.30932362E+02  0.23073086E+00      0.00000000      0.00000000
  0.07460000 -0.30703463E+02  0.22712536E+00      0.00000000      0.00000000
  0.07480000 -0.30477875E+02  0.22363272E+00      0.00000000      0.00000000
  0.07500000 -0.30256182E+02  0.22026724E+00      0.00000000      0.00000000
  0.07519999 -0.30035925E+02  0.21692292E+00      0.00000000      0.00000000
  0.07539999 -0.29824087E+02  0.21372986E+00      0.00000000      0.00000000
  0.07560000 -0.29612255E+02  0.21056320E+00      0.00000000      0.00000000
  0.07579999 -0.29401157E+02  0.20745610E+00      0.00000000      0.00000000
  0.07600000 -0.29193127E+02  0.20439160E+00      0.00000000      0.00000000
  0.07620000 -0.28989769E+02  0.20146915E+00      0.00000000      0.00000000
  0.07640000 -0.28791355E+02  0.19853735E+00      0.00000000      0.00000000
  0.07660000 -0.28596298E+02  0.19567245E+00      0.00000000      0.00000000
  0.07680000 -0.28402782E+02  0.19295669E+00      0.00000000      0.00000000
  0.07699999 -0.28211330E+02  0.19029865E+00      0.00000000      0.00000000
  0.07720000 -0.28023886E+02  0.18766175E+00      0.00000000      0.00000000
  0.07739999 -0.27835707E+02  0.18502921E+00      0.00000000      0.00000000
  0.07759999 -0.27650818E+02  0.18247819E+00      0.00000000      0.00000000
  0.07780000 -0.27468199E+02  0.17989479E+00      0.00000000      0.00000000
  0.07799999 -0.27289806E+02  0.17748940E+00      0.00000000      0.00000000
  0.07820000 -0.27113941E+02  0.17505522E+00      0.00000000      0.00000000
  0.07840000 -0.26940098E+02  0.17276651E+00      0.00000000      0.00000000
  0.07860000 -0.26771393E+02  0.17048559E+00      0.00000000      0.00000000
  0.07880000 -0.26602245E+02  0.16824511E+00      0.00000000      0.00000000
  0.07900000 -0.26434460E+02  0.16602772E+00      0.00000000      0.00000000
  0.07919999 -0.26267117E+02  0.16384619E+00      0.00000000      0.00000000
  0.07940000 -0.26105650E+02  0.16172439E+00      0.00000000      0.00000000
  0.07960001 -0.25947182E+02  0.15970427E+00      0.00000000      0.00000000
  0.07979999 -0.25787510E+02  0.15765524E+00      0.00000000      0.00000000
