 -0.04000000  0.15792633E+03  0.51905222E+01      0.00000000      0.00000000
 -0.03980000  0.16324930E+03  0.55660095E+01      0.00000000      0.00000000
 -0.03960000  0.16903726E+03  0.59887786E+01      0.00000000      0.00000000
 -0.03940000  0.17524507E+03  0.64636550E+01      0.00000000      0.00000000
 -0.03920000  0.18195714E+03  0.69956789E+01      0.00000000      0.00000000
 -0.03900000  0.18925992E+03  0.76043892E+01      0.00000000      0.00000000
 -0.03880000  0.19717889E+03  0.82974014E+01      0.00000000      0.00000000
 -0.03860000  0.20591649E+03  0.91023579E+01      0.00000000      0.00000000
 -0.03840000  0.21549774E+03  0.10035151E+02      0.00000000      0.00000000
 -0.03820000  0.22603221E+03  0.11125631E+02      0.00000000      0.00000000
 -0.03800000  0.23770137E+03  0.12404716E+02      0.00000000      0.00000000
 -0.03780000  0.25063342E+03  0.13919512E+02      0.00000000      0.00000000
 -0.03760000  0.26532037E+03  0.15770192E+02      0.00000000      0.00000000
 -0.03740000  0.28192670E+03  0.18019466E+02      0.00000000      0.00000000
 -0.03720000  0.30104181E+03  0.20824181E+02      0.00000000      0.00000000
 -0.03700000  0.32310190E+03  0.24372669E+02      0.00000000      0.00000000
 -0.03680000  0.34946951E+03  0.29044224E+02      0.00000000      0.00000000
 -0.03660000  0.38082742E+03  0.35247337E+02      0.00000000      0.00000000
 -0.03640000  0.41900555E+03  0.43771950E+02      0.00000000      0.00000000
 -0.03620000  0.46699011E+03  0.56106087E+02      0.00000000      0.00000000
 -0.03600000  0.52828430E+03  0.74546288E+02      0.00000000      0.00000000
 -0.03580000  0.61327637E+03  0.10554744E+03      0.00000000      0.00000000
 -0.03560000  0.73161890E+03  0.16030519E+03      0.00000000      0.00000000
 -0.03540000  0.90510486E+03  0.27021423E+03      0.00000000      0.00000000
 -0.03520000  0.11703218E+04  0.54499329E+03      0.00000000      0.00000000
 -0.03500000  0.13701783E+04  0.13507551E+04      0.00000000      0.00000000
 -0.03480000  0.18158473E+03  0.23680054E+04      0.00000000      0.00000000
 -0.03460000 -0.10698652E+04  0.13800864E+04      0.00000000      0.00000000
 -0.03440000 -0.87816180E+03  0.55863513E+03      0.00000000      0.00000000
 -0.03420000 -0.60801257E+03  0.28148373E+03      0.00000000      0.00000000
 -0.03400000 -0.42356732E+03  0.17047243E+03      0.00000000      0.00000000
 -0.03380000 -0.29518686E+03  0.11813989E+03      0.00000000      0.00000000
 -0.03360000 -0.19872137E+03  0.90818794E+02      0.00000000      0.00000000
 -0.03340000 -0.11976160E+03  0.76117409E+02      0.00000000      0.00000000
 -0.03320000 -0.49623100E+02  0.69123795E+02      0.00000000      0.00000000
 -0.03300000  0.17317749E+02  0.67851471E+02      0.00000000      0.00000000
 -0.03280000  0.84542923E+02  0.72031441E+02      0.00000000      0.00000000
 -0.03260000  0.15912103E+03  0.82855789E+02      0.00000000      0.00000000
 -0.03240000  0.24661705E+03  0.10339357E+03      0.00000000      0.00000000
 -0.03220000  0.35788995E+03  0.14177219E+03      0.00000000      0.00000000
 -0.03200000  0.51258057E+03  0.21873209E+03      0.00000000      0.00000000
 -0.03180000  0.74303284E+03  0.39751141E+03      0.00000000      0.00000000
 -0.03160000  0.10394186E+04  0.89428894E+03      0.00000000      0.00000000
 -0.03140000  0.63307581E+03  0.21214226E+04      0.00000000      0.00000000
 -0.03120000 -0.10921304E+04  0.19730334E+04      0.00000000      0.00000000
 -0.03100000 -0.13121295E+04  0.80674365E+03      0.00000000      0.00000000
 -0.03080000 -0.10209119E+04  0.36609946E+03      0.00000000      0.00000000
 -0.03060000 -0.80759570E+03  0.20173129E+03      0.00000000      0.00000000
 -0.03040000 -0.66612524E+03  0.12691175E+03      0.00000000      0.00000000
 -0.03020000 -0.56837091E+03  0.87356750E+02      0.00000000      0.00000000
 -0.03000000 -0.49653238E+03  0.63829819E+02      0.00000000      0.00000000
 -0.02980000 -0.44314465E+03  0.49110806E+02      0.00000000      0.00000000
 -0.02960000 -0.40087329E+03  0.39055252E+02      0.00000000      0.00000000
 -0.02940000 -0.36646579E+03  0.31852093E+02      0.00000000      0.00000000
 -0.02920000 -0.33792755E+03  0.26513948E+02      0.00000000      0.00000000
 -0.02900000 -0.31400494E+03  0.22481403E+02      0.00000000      0.00000000
 -0.02880000 -0.29362845E+03  0.19351475E+02      0.00000000      0.00000000
 -0.02860000 -0.27562006E+03  0.16812000E+02      0.00000000      0.00000000
 -0.02840000 -0.25980829E+03  0.14752999E+02      0.00000000      0.00000000
 -0.02820000 -0.24596692E+03  0.13078077E+02      0.00000000      0.00000000
 -0.02800000 -0.23371834E+03  0.11695408E+02      0.00000000      0.00000000
 -0.02780000 -0.22269238E+03  0.10524275E+02      0.00000000      0.00000000
 -0.02760000 -0.21274722E+03  0.95308037E+01      0.00000000      0.00000000
 -0.02740000 -0.20366112E+03  0.86725483E+01      0.00000000      0.00000000
 -0.02720000 -0.19545224E+03  0.79359021E+01      0.00000000      0.00000000
 -0.02700000 -0.18788959E+03  0.72911139E+01      0.00000000      0.00000000
 -0.02680000 -0.18088943E+03  0.67205658E+01      0.00000000      0.00000000
 -0.02660000 -0.17451028E+03  0.62230930E+01      0.00000000      0.00000000
 -0.02640000 -0.16853127E+03  0.57772532E+01      0.00000000      0.00000000
 -0.02620000 -0.16295865E+03  0.53785768E+01      0.00000000      0.00000000
 -0.02600000 -0.15776822E+03  0.50220957E+01      0.00000000      0.00000000
 -0.02580000 -0.15292737E+03  0.47009158E+01      0.00000000      0.00000000
 -0.02560000 -0.14838141E+03  0.44106197E+01      0.00000000      0.00000000
 -0.02540000 -0.14408698E+03  0.41452875E+01      0.00000000      0.00000000
 -0.02520000 -0.14005083E+03  0.39041963E+01      0.00000000      0.00000000
 -0.02500000 -0.13627536E+03  0.36859398E+01      0.00000000      0.00000000
 -0.02480000 -0.13269293E+03  0.34855042E+01      0.00000000      0.00000000
 -0.02460000 -0.12931046E+03  0.33022895E+01      0.00000000      0.00000000
 -0.02440000 -0.12609794E+03  0.31326678E+01      0.00000000      0.00000000
 -0.02420000 -0.12309042E+03  0.29778466E+01      0.00000000      0.00000000
 -0.02400000 -0.12014956E+03  0.28306189E+01      0.00000000      0.00000000
 -0.02380000 -0.11737393E+03  0.26965032E+01      0.00000000      0.00000000
 -0.02360000 -0.11475798E+03  0.25732019E+01      0.00000000      0.00000000
 -0.02340000 -0.11225735E+03  0.24570432E+01      0.00000000      0.00000000
 -0.02320000 -0.10984805E+03  0.23486567E+01      0.00000000      0.00000000
 -0.02300000 -0.10757146E+03  0.22486999E+01      0.00000000      0.00000000
 -0.02280000 -0.10538765E+03  0.21548538E+01      0.00000000      0.00000000
 -0.02260000 -0.10324876E+03  0.20655298E+01      0.00000000      0.00000000
 -0.02240000 -0.10123463E+03  0.19820259E+01      0.00000000      0.00000000
 -0.02220000 -0.99312958E+02  0.19047334E+01      0.00000000      0.00000000
 -0.02200000 -0.97428253E+02  0.18301494E+01      0.00000000      0.00000000
 -0.02180000 -0.95661201E+02  0.17627809E+01      0.00000000      0.00000000
 -0.02160000 -0.93918938E+02  0.16968852E+01      0.00000000      0.00000000
 -0.02140000 -0.92249283E+02  0.16351947E+01      0.00000000      0.00000000
 -0.02120000 -0.90633621E+02  0.15760856E+01      0.00000000      0.00000000
 -0.02100000 -0.89074753E+02  0.15203931E+01      0.00000000      0.00000000
 -0.02080000 -0.87577164E+02  0.14682357E+01      0.00000000      0.00000000
 -0.02060000 -0.86118187E+02  0.14177217E+01      0.00000000      0.00000000
 -0.02040000 -0.84720459E+02  0.13708812E+01      0.00000000      0.00000000
 -0.02020000 -0.83363739E+02  0.13263457E+01      0.00000000      0.00000000
 -0.02000000 -0.82066299E+02  0.12834607E+01      0.00000000      0.00000000
 -0.01980000 -0.80804817E+02  0.12431526E+01      0.00000000      0.00000000
 -0.01960000 -0.79593338E+02  0.12049491E+01      0.00000000      0.00000000
 -0.01940000 -0.78404297E+02  0.11682268E+01      0.00000000      0.00000000
 -0.01920000 -0.77260330E+02  0.11330298E+01      0.00000000      0.00000000
 -0.01900000 -0.76147163E+02  0.10996357E+01      0.00000000      0.00000000
 -0.01880000 -0.75065201E+02  0.10680041E+01      0.00000000      0.00000000
 -0.01860000 -0.74016136E+02  0.10372752E+01      0.00000000      0.00000000
 -0.01840000 -0.73004883E+02  0.10084858E+01      0.00000000      0.00000000
 -0.01820000 -0.72001785E+02  0.98009485E+00      0.00000000      0.00000000
 -0.01800000 -0.71033226E+02  0.95308495E+00      0.00000000      0.00000000
 -0.01780000 -0.70084328E+02  0.92693537E+00      0.00000000      0.00000000
 -0.01760000 -0.69180115E+02  0.90251756E+00      0.00000000      0.00000000
 -0.01740000 -0.68291595E+02  0.87864304E+00      0.00000000      0.00000000
 -0.01720000 -0.67424156E+02  0.85591280E+00      0.00000000      0.00000000
 -0.01700000 -0.66585403E+02  0.83410823E+00      0.00000000      0.00000000
 -0.01680000 -0.65766701E+02  0.81304324E+00      0.00000000      0.00000000
 -0.01660000 -0.64961594E+02  0.79281223E+00      0.00000000      0.00000000
 -0.01640000 -0.64183861E+02  0.77340436E+00      0.00000000      0.00000000
 -0.01620000 -0.63421852E+02  0.75455189E+00      0.00000000      0.00000000
 -0.01600000 -0.62668835E+02  0.73609161E+00      0.00000000      0.00000000
 -0.01580000 -0.61937397E+02  0.71884561E+00      0.00000000      0.00000000
 -0.01560000 -0.61231529E+02  0.70187974E+00      0.00000000      0.00000000
 -0.01540000 -0.60545197E+02  0.68561786E+00      0.00000000      0.00000000
 -0.01520000 -0.59869949E+02  0.67023981E+00      0.00000000      0.00000000
 -0.01500000 -0.59207016E+02  0.65476131E+00      0.00000000      0.00000000
 -0.01480000 -0.58555855E+02  0.64009166E+00      0.00000000      0.00000000
 -0.01460000 -0.57927597E+02  0.62592065E+00      0.00000000      0.00000000
 -0.01440000 -0.57308685E+02  0.61219692E+00      0.00000000      0.00000000
 -0.01420000 -0.56692886E+02  0.59864235E+00      0.00000000      0.00000000
 -0.01400000 -0.56098270E+02  0.58578438E+00      0.00000000      0.00000000
 -0.01380000 -0.55516403E+02  0.57333398E+00      0.00000000      0.00000000
 -0.01360000 -0.54947216E+02  0.56109321E+00      0.00000000      0.00000000
 -0.01340000 -0.54401882E+02  0.54976499E+00      0.00000000      0.00000000
 -0.01320000 -0.53855919E+02  0.53861248E+00      0.00000000      0.00000000
 -0.01300000 -0.53322704E+02  0.52762693E+00      0.00000000      0.00000000
 -0.01280000 -0.52792976E+02  0.51703477E+00      0.00000000      0.00000000
 -0.01260000 -0.52278145E+02  0.50654989E+00      0.00000000      0.00000000
 -0.01240000 -0.51782043E+02  0.49658221E+00      0.00000000      0.00000000
 -0.01220000 -0.51297554E+02  0.48715830E+00      0.00000000      0.00000000
 -0.01200000 -0.50814251E+02  0.47774690E+00      0.00000000      0.00000000
 -0.01180000 -0.50336742E+02  0.46848911E+00      0.00000000      0.00000000
 -0.01160000 -0.49869350E+02  0.45954436E+00      0.00000000      0.00000000
 -0.01140000 -0.49419113E+02  0.45103288E+00      0.00000000      0.00000000
 -0.01120000 -0.48972301E+02  0.44253883E+00      0.00000000      0.00000000
 -0.01100000 -0.48535309E+02  0.43444526E+00      0.00000000      0.00000000
 -0.01080000 -0.48104443E+02  0.42665228E+00      0.00000000      0.00000000
 -0.01060000 -0.47682995E+02  0.41882694E+00      0.00000000      0.00000000
 -0.01040000 -0.47271412E+02  0.41146809E+00      0.00000000      0.00000000
 -0.01020000 -0.46860939E+02  0.40416417E+00      0.00000000      0.00000000
 -0.01000000 -0.46461643E+02  0.39699602E+00      0.00000000      0.00000000
 -0.00980000 -0.46068287E+02  0.39007807E+00      0.00000000      0.00000000
 -0.00960000 -0.45680489E+02  0.38331810E+00      0.00000000      0.00000000
 -0.00940000 -0.45304138E+02  0.37678573E+00      0.00000000      0.00000000
 -0.00920000 -0.44930992E+02  0.37039417E+00      0.00000000      0.00000000
 -0.00900000 -0.44564053E+02  0.36412460E+00      0.00000000      0.00000000
 -0.00880000 -0.44204094E+02  0.35808682E+00      0.00000000      0.00000000
 -0.00860000 -0.43851284E+02  0.35218996E+00      0.00000000      0.00000000
 -0.00840000 -0.43500351E+02  0.34633547E+00      0.00000000      0.00000000
 -0.00820000 -0.43158554E+02  0.34072232E+00      0.00000000      0.00000000
 -0.00800000 -0.42818886E+02  0.33518869E+00      0.00000000      0.00000000
 -0.00780000 -0.42484047E+02  0.32981816E+00      0.00000000      0.00000000
 -0.00760000 -0.42154133E+02  0.32455257E+00      0.00000000      0.00000000
 -0.00740000 -0.41831142E+02  0.31942046E+00      0.00000000      0.00000000
 -0.00720000 -0.41513561E+02  0.31435969E+00      0.00000000      0.00000000
 -0.00700000 -0.41203110E+02  0.30958277E+00      0.00000000      0.00000000
 -0.00680000 -0.40898121E+02  0.30480981E+00      0.00000000      0.00000000
 -0.00660000 -0.40595310E+02  0.30018514E+00      0.00000000      0.00000000
 -0.00640000 -0.40294090E+02  0.29565093E+00      0.00000000      0.00000000
 -0.00620000 -0.40004559E+02  0.29122165E+00      0.00000000      0.00000000
 -0.00600000 -0.39716698E+02  0.28683019E+00      0.00000000      0.00000000
 -0.00580000 -0.39427856E+02  0.28252769E+00      0.00000000      0.00000000
 -0.00560000 -0.39150978E+02  0.27848136E+00      0.00000000      0.00000000
 -0.00540000 -0.38875954E+02  0.27434379E+00      0.00000000      0.00000000
 -0.00520000 -0.38601234E+02  0.27038777E+00      0.00000000      0.00000000
 -0.00500000 -0.38334896E+02  0.26651430E+00      0.00000000      0.00000000
 -0.00480000 -0.38070442E+02  0.26272541E+00      0.00000000      0.00000000
 -0.00460000 -0.37808296E+02  0.25895861E+00      0.00000000      0.00000000
 -0.00440000 -0.37550854E+02  0.25530112E+00      0.00000000      0.00000000
 -0.00420000 -0.37298958E+02  0.25171435E+00      0.00000000      0.00000000
 -0.00400000 -0.37050911E+02  0.24832210E+00      0.00000000      0.00000000
 -0.00380000 -0.36804085E+02  0.24481203E+00      0.00000000      0.00000000
 -0.00360000 -0.36563522E+02  0.24157500E+00      0.00000000      0.00000000
 -0.00340000 -0.36321899E+02  0.23820074E+00      0.00000000      0.00000000
 -0.00320000 -0.36087894E+02  0.23504627E+00      0.00000000      0.00000000
 -0.00300000 -0.35853600E+02  0.23189725E+00      0.00000000      0.00000000
 -0.00280000 -0.35621422E+02  0.22879785E+00      0.00000000      0.00000000
 -0.00260000 -0.35390984E+02  0.22570881E+00      0.00000000      0.00000000
 -0.00240000 -0.35165096E+02  0.22280833E+00      0.00000000      0.00000000
 -0.00220000 -0.34943974E+02  0.21981601E+00      0.00000000      0.00000000
 -0.00200000 -0.34728531E+02  0.21700063E+00      0.00000000      0.00000000
 -0.00180000 -0.34513954E+02  0.21417792E+00      0.00000000      0.00000000
 -0.00160000 -0.34300354E+02  0.21145123E+00      0.00000000      0.00000000
 -0.00140000 -0.34089985E+02  0.20880492E+00      0.00000000      0.00000000
 -0.00120000 -0.33882084E+02  0.20612417E+00      0.00000000      0.00000000
 -0.00100000 -0.33677078E+02  0.20349433E+00      0.00000000      0.00000000
 -0.00080000 -0.33475277E+02  0.20094237E+00      0.00000000      0.00000000
 -0.00060000 -0.33274265E+02  0.19843414E+00      0.00000000      0.00000000
 -0.00040000 -0.33076561E+02  0.19602337E+00      0.00000000      0.00000000
 -0.00020000 -0.32882298E+02  0.19360374E+00      0.00000000      0.00000000
  0.00000000 -0.32691246E+02  0.19123848E+00      0.00000000      0.00000000
  0.00020000 -0.32501637E+02  0.18895629E+00      0.00000000      0.00000000
  0.00040000 -0.32314659E+02  0.18679409E+00      0.00000000      0.00000000
  0.00060000 -0.32127701E+02  0.18441808E+00      0.00000000      0.00000000
  0.00080000 -0.31944942E+02  0.18223763E+00      0.00000000      0.00000000
  0.00100000 -0.31765564E+02  0.18012382E+00      0.00000000      0.00000000
  0.00120000 -0.31585899E+02  0.17796302E+00      0.00000000      0.00000000
  0.00140000 -0.31407310E+02  0.17592514E+00      0.00000000      0.00000000
  0.00160000 -0.31232857E+02  0.17386585E+00      0.00000000      0.00000000
  0.00180000 -0.31059727E+02  0.17188424E+00      0.00000000      0.00000000
  0.00200000 -0.30887756E+02  0.16984014E+00      0.00000000      0.00000000
  0.00220000 -0.30719868E+02  0.16790906E+00      0.00000000      0.00000000
  0.00240000 -0.30553341E+02  0.16604470E+00      0.00000000      0.00000000
  0.00260000 -0.30387281E+02  0.16417259E+00      0.00000000      0.00000000
  0.00280000 -0.30223747E+02  0.16233066E+00      0.00000000      0.00000000
  0.00300000 -0.30062298E+02  0.16048740E+00      0.00000000      0.00000000
  0.00320000 -0.29905006E+02  0.15876448E+00      0.00000000      0.00000000
  0.00340000 -0.29747089E+02  0.15701248E+00      0.00000000      0.00000000
  0.00360000 -0.29590199E+02  0.15524344E+00      0.00000000      0.00000000
  0.00380000 -0.29435543E+02  0.15355849E+00      0.00000000      0.00000000
  0.00400000 -0.29282883E+02  0.15184389E+00      0.00000000      0.00000000
  0.00420000 -0.29131075E+02  0.15027450E+00      0.00000000      0.00000000
  0.00440000 -0.28980560E+02  0.14864993E+00      0.00000000      0.00000000
  0.00460000 -0.28831387E+02  0.14706999E+00      0.00000000      0.00000000
  0.00480000 -0.28685833E+02  0.14549804E+00      0.00000000      0.00000000
  0.00500000 -0.28540831E+02  0.14395604E+00      0.00000000      0.00000000
  0.00520000 -0.28399906E+02  0.14248884E+00      0.00000000      0.00000000
  0.00540000 -0.28256571E+02  0.14089313E+00      0.00000000      0.00000000
  0.00560000 -0.28115540E+02  0.13944855E+00      0.00000000      0.00000000
  0.00580000 -0.27976830E+02  0.13800821E+00      0.00000000      0.00000000
  0.00600000 -0.27840576E+02  0.13662723E+00      0.00000000      0.00000000
  0.00620000 -0.27706022E+02  0.13524657E+00      0.00000000      0.00000000
  0.00640000 -0.27572012E+02  0.13384563E+00      0.00000000      0.00000000
  0.00660000 -0.27438845E+02  0.13249221E+00      0.00000000      0.00000000
  0.00680000 -0.27305592E+02  0.13114733E+00      0.00000000      0.00000000
  0.00700000 -0.27175224E+02  0.12983210E+00      0.00000000      0.00000000
  0.00720000 -0.27045662E+02  0.12849596E+00      0.00000000      0.00000000
  0.00740000 -0.26917858E+02  0.12725231E+00      0.00000000      0.00000000
  0.00760000 -0.26790524E+02  0.12598705E+00      0.00000000      0.00000000
  0.00780000 -0.26665726E+02  0.12474056E+00      0.00000000      0.00000000
  0.00800000 -0.26539139E+02  0.12350223E+00      0.00000000      0.00000000
  0.00820000 -0.26415485E+02  0.12229135E+00      0.00000000      0.00000000
  0.00840000 -0.26295486E+02  0.12115189E+00      0.00000000      0.00000000
  0.00860000 -0.26175667E+02  0.11996954E+00      0.00000000      0.00000000
  0.00880000 -0.26056484E+02  0.11881487E+00      0.00000000      0.00000000
  0.00900000 -0.25938541E+02  0.11766623E+00      0.00000000      0.00000000
  0.00920000 -0.25820379E+02  0.11655174E+00      0.00000000      0.00000000
  0.00940000 -0.25703913E+02  0.11542049E+00      0.00000000      0.00000000
  0.00960000 -0.25589130E+02  0.11432287E+00      0.00000000      0.00000000
  0.00980000 -0.25474602E+02  0.11323646E+00      0.00000000      0.00000000
  0.01000000 -0.25362118E+02  0.11217125E+00      0.00000000      0.00000000
  0.01020000 -0.25250521E+02  0.11112738E+00      0.00000000      0.00000000
  0.01040000 -0.25141056E+02  0.11013092E+00      0.00000000      0.00000000
  0.01060000 -0.25031612E+02  0.10912403E+00      0.00000000      0.00000000
  0.01080000 -0.24922213E+02  0.10815968E+00      0.00000000      0.00000000
  0.01100000 -0.24814968E+02  0.10718411E+00      0.00000000      0.00000000
  0.01120000 -0.24708670E+02  0.10621689E+00      0.00000000      0.00000000
  0.01140000 -0.24603382E+02  0.10520369E+00      0.00000000      0.00000000
  0.01160000 -0.24498821E+02  0.10427567E+00      0.00000000      0.00000000
  0.01180000 -0.24395218E+02  0.10331716E+00      0.00000000      0.00000000
  0.01200000 -0.24291607E+02  0.10240738E+00      0.00000000      0.00000000
  0.01220000 -0.24190197E+02  0.10151577E+00      0.00000000      0.00000000
  0.01240000 -0.24089792E+02  0.10062948E+00      0.00000000      0.00000000
  0.01260000 -0.23989040E+02  0.99738747E-01      0.00000000      0.00000000
  0.01280000 -0.23889481E+02  0.98844752E-01      0.00000000      0.00000000
  0.01300000 -0.23791857E+02  0.98031342E-01      0.00000000      0.00000000
  0.01320000 -0.23694077E+02  0.97139135E-01      0.00000000      0.00000000
  0.01340000 -0.23597500E+02  0.96327364E-01      0.00000000      0.00000000
  0.01360000 -0.23502716E+02  0.95467195E-01      0.00000000      0.00000000
  0.01380000 -0.23408302E+02  0.94611079E-01      0.00000000      0.00000000
  0.01400000 -0.23314167E+02  0.93826175E-01      0.00000000      0.00000000
  0.01420000 -0.23220070E+02  0.93092859E-01      0.00000000      0.00000000
  0.01440000 -0.23127409E+02  0.92248619E-01      0.00000000      0.00000000
  0.01460000 -0.23035551E+02  0.91538996E-01      0.00000000      0.00000000
  0.01480000 -0.22944036E+02  0.90721011E-01      0.00000000      0.00000000
  0.01500000 -0.22852705E+02  0.89950889E-01      0.00000000      0.00000000
  0.01520000 -0.22762808E+02  0.89174420E-01      0.00000000      0.00000000
  0.01540000 -0.22672714E+02  0.88437021E-01      0.00000000      0.00000000
  0.01560000 -0.22584515E+02  0.87718248E-01      0.00000000      0.00000000
  0.01580000 -0.22496771E+02  0.86990237E-01      0.00000000      0.00000000
  0.01600000 -0.22409782E+02  0.86281270E-01      0.00000000      0.00000000
  0.01619999 -0.22324898E+02  0.85574597E-01      0.00000000      0.00000000
  0.01640000 -0.22239321E+02  0.84907413E-01      0.00000000      0.00000000
  0.01660000 -0.22155392E+02  0.84197670E-01      0.00000000      0.00000000
  0.01680000 -0.22072227E+02  0.83506107E-01      0.00000000      0.00000000
  0.01700000 -0.21989376E+02  0.82839847E-01      0.00000000      0.00000000
  0.01720000 -0.21906542E+02  0.82202882E-01      0.00000000      0.00000000
  0.01740000 -0.21824253E+02  0.81515133E-01      0.00000000      0.00000000
  0.01760000 -0.21742313E+02  0.80862820E-01      0.00000000      0.00000000
  0.01780000 -0.21661013E+02  0.80210686E-01      0.00000000      0.00000000
  0.01800000 -0.21581091E+02  0.79600215E-01      0.00000000      0.00000000
  0.01820000 -0.21502178E+02  0.79001218E-01      0.00000000      0.00000000
  0.01840000 -0.21423304E+02  0.78369468E-01      0.00000000      0.00000000
  0.01860000 -0.21345848E+02  0.77753931E-01      0.00000000      0.00000000
  0.01880000 -0.21269062E+02  0.77166855E-01      0.00000000      0.00000000
  0.01900000 -0.21191645E+02  0.76557517E-01      0.00000000      0.00000000
  0.01920000 -0.21115400E+02  0.75975418E-01      0.00000000      0.00000000
  0.01940000 -0.21038889E+02  0.75405598E-01      0.00000000      0.00000000
  0.01960000 -0.20965553E+02  0.74812531E-01      0.00000000      0.00000000
  0.01980000 -0.20892237E+02  0.74248374E-01      0.00000000      0.00000000
  0.02000000 -0.20818623E+02  0.73688745E-01      0.00000000      0.00000000
  0.02020000 -0.20744259E+02  0.73132396E-01      0.00000000      0.00000000
  0.02040000 -0.20670250E+02  0.72567940E-01      0.00000000      0.00000000
  0.02060000 -0.20599731E+02  0.72024405E-01      0.00000000      0.00000000
  0.02080000 -0.20527569E+02  0.71494818E-01      0.00000000      0.00000000
  0.02100000 -0.20456249E+02  0.70973158E-01      0.00000000      0.00000000
  0.02120000 -0.20385448E+02  0.70418715E-01      0.00000000      0.00000000
  0.02140000 -0.20315002E+02  0.69914222E-01      0.00000000      0.00000000
  0.02160000 -0.20245354E+02  0.69378555E-01      0.00000000      0.00000000
  0.02180000 -0.20176430E+02  0.68864703E-01      0.00000000      0.00000000
  0.02200000 -0.20108131E+02  0.68376601E-01      0.00000000      0.00000000
  0.02220000 -0.20039749E+02  0.67917585E-01      0.00000000      0.00000000
  0.02240000 -0.19971741E+02  0.67400634E-01      0.00000000      0.00000000
  0.02260000 -0.19904423E+02  0.66935182E-01      0.00000000      0.00000000
  0.02280000 -0.19837959E+02  0.66464067E-01      0.00000000      0.00000000
  0.02300000 -0.19771885E+02  0.65972686E-01      0.00000000      0.00000000
  0.02320000 -0.19706707E+02  0.65488696E-01      0.00000000      0.00000000
  0.02340000 -0.19641483E+02  0.65014005E-01      0.00000000      0.00000000
  0.02360000 -0.19575855E+02  0.64549685E-01      0.00000000      0.00000000
  0.02380000 -0.19511703E+02  0.64090610E-01      0.00000000      0.00000000
  0.02400000 -0.19448212E+02  0.63637137E-01      0.00000000      0.00000000
  0.02420000 -0.19385220E+02  0.63199997E-01      0.00000000      0.00000000
  0.02440000 -0.19322090E+02  0.62741995E-01      0.00000000      0.00000000
  0.02460000 -0.19260033E+02  0.62314510E-01      0.00000000      0.00000000
  0.02480000 -0.19197792E+02  0.61894536E-01      0.00000000      0.00000000
  0.02500000 -0.19135452E+02  0.61450005E-01      0.00000000      0.00000000
  0.02520000 -0.19074638E+02  0.61027408E-01      0.00000000      0.00000000
  0.02540000 -0.19013645E+02  0.60605288E-01      0.00000000      0.00000000
  0.02560000 -0.18953453E+02  0.60199738E-01      0.00000000      0.00000000
  0.02580000 -0.18893333E+02  0.59788465E-01      0.00000000      0.00000000
  0.02600000 -0.18833534E+02  0.59397221E-01      0.00000000      0.00000000
  0.02620000 -0.18774460E+02  0.58964491E-01      0.00000000      0.00000000
  0.02640000 -0.18715134E+02  0.58575392E-01      0.00000000      0.00000000
  0.02660000 -0.18656494E+02  0.58169603E-01      0.00000000      0.00000000
  0.02680000 -0.18598160E+02  0.57772636E-01      0.00000000      0.00000000
  0.02700000 -0.18540749E+02  0.57408810E-01      0.00000000      0.00000000
  0.02720000 -0.18483833E+02  0.57026625E-01      0.00000000      0.00000000
  0.02740000 -0.18427101E+02  0.56651115E-01      0.00000000      0.00000000
  0.02760000 -0.18370956E+02  0.56252003E-01      0.00000000      0.00000000
  0.02780000 -0.18314613E+02  0.55878639E-01      0.00000000      0.00000000
  0.02800000 -0.18259315E+02  0.55494785E-01      0.00000000      0.00000000
  0.02820000 -0.18204056E+02  0.55143356E-01      0.00000000      0.00000000
  0.02840000 -0.18148651E+02  0.54791451E-01      0.00000000      0.00000000
  0.02860000 -0.18093918E+02  0.54430962E-01      0.00000000      0.00000000
  0.02880000 -0.18039536E+02  0.54078102E-01      0.00000000      0.00000000
  0.02900000 -0.17985443E+02  0.53707123E-01      0.00000000      0.00000000
  0.02920000 -0.17932175E+02  0.53374290E-01      0.00000000      0.00000000
  0.02940000 -0.17879013E+02  0.53027153E-01      0.00000000      0.00000000
  0.02959999 -0.17825882E+02  0.52700043E-01      0.00000000      0.00000000
  0.02980000 -0.17773331E+02  0.52356720E-01      0.00000000      0.00000000
  0.03000000 -0.17721329E+02  0.52015305E-01      0.00000000      0.00000000
  0.03020000 -0.17669342E+02  0.51685333E-01      0.00000000      0.00000000
  0.03040000 -0.17617645E+02  0.51376343E-01      0.00000000      0.00000000
  0.03060000 -0.17566742E+02  0.51040649E-01      0.00000000      0.00000000
  0.03080000 -0.17515503E+02  0.50704956E-01      0.00000000      0.00000000
  0.03100000 -0.17465088E+02  0.50384521E-01      0.00000000      0.00000000
  0.03120000 -0.17414612E+02  0.50109863E-01      0.00000000      0.00000000
  0.03140000 -0.17364960E+02  0.49804688E-01      0.00000000      0.00000000
  0.03160000 -0.17315552E+02  0.49468994E-01      0.00000000      0.00000000
  0.03179999 -0.17265869E+02  0.49148560E-01      0.00000000      0.00000000
  0.03200001 -0.17216537E+02  0.48812866E-01      0.00000000      0.00000000
  0.03220000 -0.17167648E+02  0.48545837E-01      0.00000000      0.00000000
  0.03240000 -0.17119370E+02  0.48233032E-01      0.00000000      0.00000000
  0.03260000 -0.17070961E+02  0.47946930E-01      0.00000000      0.00000000
  0.03280000 -0.17023243E+02  0.47634125E-01      0.00000000      0.00000000
  0.03300000 -0.16975714E+02  0.47370911E-01      0.00000000      0.00000000
  0.03320000 -0.16929138E+02  0.47077179E-01      0.00000000      0.00000000
  0.03340000 -0.16882320E+02  0.46802521E-01      0.00000000      0.00000000
  0.03360000 -0.16835472E+02  0.46512604E-01      0.00000000      0.00000000
  0.03380000 -0.16789536E+02  0.46211243E-01      0.00000000      0.00000000
  0.03399999 -0.16743164E+02  0.45951843E-01      0.00000000      0.00000000
  0.03420001 -0.16697296E+02  0.45669556E-01      0.00000000      0.00000000
  0.03440000 -0.16652130E+02  0.45440674E-01      0.00000000      0.00000000
  0.03460000 -0.16607056E+02  0.45166016E-01      0.00000000      0.00000000
  0.03479999 -0.16561882E+02  0.44799805E-01      0.00000000      0.00000000
  0.03500000 -0.16517212E+02  0.44555664E-01      0.00000000      0.00000000
  0.03520000 -0.16472961E+02  0.44342041E-01      0.00000000      0.00000000
  0.03540000 -0.16428955E+02  0.44097900E-01      0.00000000      0.00000000
  0.03560000 -0.16385284E+02  0.43823242E-01      0.00000000      0.00000000
  0.03580000 -0.16341034E+02  0.43590546E-01      0.00000000      0.00000000
  0.03600000 -0.16297211E+02  0.43319702E-01      0.00000000      0.00000000
  0.03619999 -0.16253677E+02  0.43077469E-01      0.00000000      0.00000000
  0.03640000 -0.16210632E+02  0.42812347E-01      0.00000000      0.00000000
  0.03660000 -0.16167969E+02  0.42552948E-01      0.00000000      0.00000000
  0.03680000 -0.16125412E+02  0.42313576E-01      0.00000000      0.00000000
  0.03700000 -0.16083115E+02  0.42078972E-01      0.00000000      0.00000000
  0.03720000 -0.16041245E+02  0.41831017E-01      0.00000000      0.00000000
  0.03740000 -0.15999191E+02  0.41584969E-01      0.00000000      0.00000000
  0.03760000 -0.15957611E+02  0.41342258E-01      0.00000000      0.00000000
  0.03780000 -0.15916786E+02  0.41109562E-01      0.00000000      0.00000000
  0.03800000 -0.15875778E+02  0.40886879E-01      0.00000000      0.00000000
  0.03820000 -0.15834961E+02  0.40654182E-01      0.00000000      0.00000000
  0.03839999 -0.15794418E+02  0.40435314E-01      0.00000000      0.00000000
  0.03860000 -0.15754066E+02  0.40199280E-01      0.00000000      0.00000000
  0.03880000 -0.15714157E+02  0.39970875E-01      0.00000000      0.00000000
  0.03900000 -0.15674561E+02  0.39751768E-01      0.00000000      0.00000000
  0.03920000 -0.15634888E+02  0.39516211E-01      0.00000000      0.00000000
  0.03940000 -0.15595528E+02  0.39306164E-01      0.00000000      0.00000000
  0.03960000 -0.15556000E+02  0.39084196E-01      0.00000000      0.00000000
  0.03980000 -0.15517113E+02  0.38858414E-01      0.00000000      0.00000000
  0.04000000 -0.15478279E+02  0.38628340E-01      0.00000000      0.00000000
  0.04020000 -0.15439384E+02  0.38423538E-01      0.00000000      0.00000000
  0.04040000 -0.15401245E+02  0.38223267E-01      0.00000000      0.00000000
  0.04060000 -0.15363022E+02  0.38017988E-01      0.00000000      0.00000000
  0.04080000 -0.15325497E+02  0.37827373E-01      0.00000000      0.00000000
  0.04100000 -0.15287659E+02  0.37591815E-01      0.00000000      0.00000000
  0.04120000 -0.15250320E+02  0.37405610E-01      0.00000000      0.00000000
  0.04140000 -0.15212891E+02  0.37196755E-01      0.00000000      0.00000000
  0.04160000 -0.15175808E+02  0.36993265E-01      0.00000000      0.00000000
  0.04180000 -0.15139542E+02  0.36792397E-01      0.00000000      0.00000000
  0.04200000 -0.15102692E+02  0.36599517E-01      0.00000000      0.00000000
  0.04220000 -0.15065945E+02  0.36402702E-01      0.00000000      0.00000000
  0.04240000 -0.15029537E+02  0.36203146E-01      0.00000000      0.00000000
  0.04260000 -0.14993984E+02  0.36033869E-01      0.00000000      0.00000000
  0.04280000 -0.14957745E+02  0.35829425E-01      0.00000000      0.00000000
  0.04300000 -0.14921925E+02  0.35636425E-01      0.00000000      0.00000000
  0.04320000 -0.14886292E+02  0.35447836E-01      0.00000000      0.00000000
  0.04340000 -0.14851044E+02  0.35269856E-01      0.00000000      0.00000000
  0.04360000 -0.14816036E+02  0.35078108E-01      0.00000000      0.00000000
  0.04380000 -0.14781006E+02  0.34887314E-01      0.00000000      0.00000000
  0.04400000 -0.14746201E+02  0.34697711E-01      0.00000000      0.00000000
  0.04420000 -0.14711693E+02  0.34516096E-01      0.00000000      0.00000000
  0.04440000 -0.14676998E+02  0.34334958E-01      0.00000000      0.00000000
  0.04460000 -0.14642895E+02  0.34166455E-01      0.00000000      0.00000000
  0.04480000 -0.14609051E+02  0.33989549E-01      0.00000000      0.00000000
  0.04500000 -0.14575092E+02  0.33810258E-01      0.00000000      0.00000000
  0.04520000 -0.14541313E+02  0.33626318E-01      0.00000000      0.00000000
  0.04539999 -0.14507812E+02  0.33466458E-01      0.00000000      0.00000000
  0.04560000 -0.14474129E+02  0.33307016E-01      0.00000000      0.00000000
  0.04580000 -0.14441254E+02  0.33131719E-01      0.00000000      0.00000000
  0.04600000 -0.14408451E+02  0.32978892E-01      0.00000000      0.00000000
  0.04620000 -0.14375671E+02  0.32787442E-01      0.00000000      0.00000000
  0.04640000 -0.14343185E+02  0.32617331E-01      0.00000000      0.00000000
  0.04660000 -0.14310421E+02  0.32440901E-01      0.00000000      0.00000000
  0.04680000 -0.14277763E+02  0.32276273E-01      0.00000000      0.00000000
  0.04700000 -0.14245188E+02  0.32124341E-01      0.00000000      0.00000000
  0.04720000 -0.14212715E+02  0.31956434E-01      0.00000000      0.00000000
  0.04740000 -0.14180916E+02  0.31794608E-01      0.00000000      0.00000000
  0.04759999 -0.14149038E+02  0.31640470E-01      0.00000000      0.00000000
  0.04780000 -0.14117928E+02  0.31486958E-01      0.00000000      0.00000000
  0.04800000 -0.14086454E+02  0.31337440E-01      0.00000000      0.00000000
  0.04820000 -0.14055632E+02  0.31162649E-01      0.00000000      0.00000000
  0.04840000 -0.14024464E+02  0.31025440E-01      0.00000000      0.00000000
  0.04860000 -0.13993156E+02  0.30856550E-01      0.00000000      0.00000000
  0.04880000 -0.13962070E+02  0.30717075E-01      0.00000000      0.00000000
  0.04899999 -0.13931440E+02  0.30571014E-01      0.00000000      0.00000000
  0.04920000 -0.13901279E+02  0.30411869E-01      0.00000000      0.00000000
  0.04940000 -0.13871164E+02  0.30264527E-01      0.00000000      0.00000000
  0.04960000 -0.13841047E+02  0.30121177E-01      0.00000000      0.00000000
  0.04979999 -0.13810814E+02  0.29980630E-01      0.00000000      0.00000000
  0.05000000 -0.13781017E+02  0.29821634E-01      0.00000000      0.00000000
  0.05020000 -0.13751371E+02  0.29665470E-01      0.00000000      0.00000000
  0.05040000 -0.13721571E+02  0.29519469E-01      0.00000000      0.00000000
  0.05060000 -0.13692373E+02  0.29389322E-01      0.00000000      0.00000000
  0.05080000 -0.13663137E+02  0.29247463E-01      0.00000000      0.00000000
  0.05100000 -0.13633909E+02  0.29120594E-01      0.00000000      0.00000000
  0.05119999 -0.13604879E+02  0.28963029E-01      0.00000000      0.00000000
  0.05140000 -0.13575874E+02  0.28823704E-01      0.00000000      0.00000000
  0.05160000 -0.13546926E+02  0.28677464E-01      0.00000000      0.00000000
  0.05180000 -0.13518581E+02  0.28559059E-01      0.00000000      0.00000000
  0.05199999 -0.13490141E+02  0.28423339E-01      0.00000000      0.00000000
  0.05220000 -0.13461906E+02  0.28287262E-01      0.00000000      0.00000000
  0.05240000 -0.13433580E+02  0.28136432E-01      0.00000000      0.00000000
  0.05260000 -0.13405502E+02  0.28016567E-01      0.00000000      0.00000000
  0.05280000 -0.13377386E+02  0.27887732E-01      0.00000000      0.00000000
  0.05300000 -0.13349539E+02  0.27755588E-01      0.00000000      0.00000000
  0.05320000 -0.13321640E+02  0.27620241E-01      0.00000000      0.00000000
  0.05339999 -0.13293974E+02  0.27482986E-01      0.00000000      0.00000000
  0.05360000 -0.13266642E+02  0.27360111E-01      0.00000000      0.00000000
  0.05380000 -0.13239315E+02  0.27243048E-01      0.00000000      0.00000000
  0.05400000 -0.13211998E+02  0.27111903E-01      0.00000000      0.00000000
  0.05420000 -0.13184708E+02  0.26996389E-01      0.00000000      0.00000000
  0.05440000 -0.13157942E+02  0.26858136E-01      0.00000000      0.00000000
  0.05460000 -0.13131069E+02  0.26725024E-01      0.00000000      0.00000000
  0.05480000 -0.13104403E+02  0.26591331E-01      0.00000000      0.00000000
  0.05500000 -0.13077888E+02  0.26472881E-01      0.00000000      0.00000000
  0.05520000 -0.13051805E+02  0.26352793E-01      0.00000000      0.00000000
  0.05540000 -0.13025959E+02  0.26240751E-01      0.00000000      0.00000000
  0.05560000 -0.12999842E+02  0.26131794E-01      0.00000000      0.00000000
  0.05580000 -0.12973317E+02  0.26001140E-01      0.00000000      0.00000000
  0.05600000 -0.12947446E+02  0.25896803E-01      0.00000000      0.00000000
  0.05620000 -0.12921413E+02  0.25778979E-01      0.00000000      0.00000000
  0.05640000 -0.12895553E+02  0.25670603E-01      0.00000000      0.00000000
  0.05660000 -0.12870163E+02  0.25551185E-01      0.00000000      0.00000000
  0.05680000 -0.12844769E+02  0.25433958E-01      0.00000000      0.00000000
  0.05700000 -0.12819383E+02  0.25316983E-01      0.00000000      0.00000000
  0.05720000 -0.12793941E+02  0.25190502E-01      0.00000000      0.00000000
  0.05740000 -0.12769142E+02  0.25088266E-01      0.00000000      0.00000000
  0.05760000 -0.12744147E+02  0.24985090E-01      0.00000000      0.00000000
  0.05780000 -0.12719210E+02  0.24857879E-01      0.00000000      0.00000000
  0.05800000 -0.12694416E+02  0.24748236E-01      0.00000000      0.00000000
  0.05819999 -0.12669278E+02  0.24635032E-01      0.00000000      0.00000000
  0.05840000 -0.12644579E+02  0.24528250E-01      0.00000000      0.00000000
  0.05860000 -0.12620517E+02  0.24422124E-01      0.00000000      0.00000000
  0.05880000 -0.12595940E+02  0.24311587E-01      0.00000000      0.00000000
  0.05900000 -0.12571981E+02  0.24203986E-01      0.00000000      0.00000000
  0.05920000 -0.12547850E+02  0.24101213E-01      0.00000000      0.00000000
  0.05940000 -0.12523615E+02  0.23994058E-01      0.00000000      0.00000000
  0.05960000 -0.12499748E+02  0.23885071E-01      0.00000000      0.00000000
  0.05980000 -0.12475947E+02  0.23788556E-01      0.00000000      0.00000000
  0.06000000 -0.12452094E+02  0.23680255E-01      0.00000000      0.00000000
  0.06020000 -0.12428344E+02  0.23577005E-01      0.00000000      0.00000000
  0.06039999 -0.12405099E+02  0.23471639E-01      0.00000000      0.00000000
  0.06060000 -0.12381477E+02  0.23375079E-01      0.00000000      0.00000000
  0.06080000 -0.12358397E+02  0.23285858E-01      0.00000000      0.00000000
  0.06100000 -0.12335073E+02  0.23188069E-01      0.00000000      0.00000000
  0.06119999 -0.12311758E+02  0.23078874E-01      0.00000000      0.00000000
  0.06140000 -0.12288733E+02  0.22970498E-01      0.00000000      0.00000000
  0.06160000 -0.12265907E+02  0.22868872E-01      0.00000000      0.00000000
  0.06180000 -0.12243237E+02  0.22784770E-01      0.00000000      0.00000000
  0.06200000 -0.12220634E+02  0.22679463E-01      0.00000000      0.00000000
  0.06220000 -0.12197843E+02  0.22575952E-01      0.00000000      0.00000000
  0.06240000 -0.12175221E+02  0.22478692E-01      0.00000000      0.00000000
  0.06259999 -0.12152894E+02  0.22379801E-01      0.00000000      0.00000000
  0.06280001 -0.12130644E+02  0.22296466E-01      0.00000000      0.00000000
  0.06300000 -0.12108447E+02  0.22209629E-01      0.00000000      0.00000000
  0.06320000 -0.12086124E+02  0.22118248E-01      0.00000000      0.00000000
  0.06339999 -0.12064303E+02  0.22024333E-01      0.00000000      0.00000000
  0.06360000 -0.12042256E+02  0.21917060E-01      0.00000000      0.00000000
  0.06380000 -0.12020263E+02  0.21833152E-01      0.00000000      0.00000000
  0.06400000 -0.11998466E+02  0.21740101E-01      0.00000000      0.00000000
  0.06420000 -0.11976676E+02  0.21649539E-01      0.00000000      0.00000000
  0.06440000 -0.11955227E+02  0.21562919E-01      0.00000000      0.00000000
  0.06460000 -0.11933958E+02  0.21461464E-01      0.00000000      0.00000000
  0.06479999 -0.11912369E+02  0.21383710E-01      0.00000000      0.00000000
  0.06500000 -0.11891009E+02  0.21300025E-01      0.00000000      0.00000000
  0.06520000 -0.11869972E+02  0.21214932E-01      0.00000000      0.00000000
  0.06540000 -0.11848740E+02  0.21123648E-01      0.00000000      0.00000000
  0.06559999 -0.11827594E+02  0.21035939E-01      0.00000000      0.00000000
  0.06580000 -0.11806670E+02  0.20944215E-01      0.00000000      0.00000000
  0.06600000 -0.11785658E+02  0.20854600E-01      0.00000000      0.00000000
  0.06620000 -0.11764679E+02  0.20769931E-01      0.00000000      0.00000000
  0.06640000 -0.11743779E+02  0.20676896E-01      0.00000000      0.00000000
  0.06660000 -0.11722892E+02  0.20591594E-01      0.00000000      0.00000000
  0.06680001 -0.11702151E+02  0.20506226E-01      0.00000000      0.00000000
  0.06699999 -0.11681613E+02  0.20423122E-01      0.00000000      0.00000000
  0.06720000 -0.11661229E+02  0.20356610E-01      0.00000000      0.00000000
  0.06739999 -0.11641159E+02  0.20274766E-01      0.00000000      0.00000000
  0.06760000 -0.11621097E+02  0.20187564E-01      0.00000000      0.00000000
  0.06780000 -0.11600928E+02  0.20112164E-01      0.00000000      0.00000000
  0.06800000 -0.11580624E+02  0.20019382E-01      0.00000000      0.00000000
  0.06820000 -0.11561044E+02  0.19949831E-01      0.00000000      0.00000000
  0.06840000 -0.11541336E+02  0.19878469E-01      0.00000000      0.00000000
  0.06859999 -0.11521209E+02  0.19795410E-01      0.00000000      0.00000000
  0.06880000 -0.11501534E+02  0.19702226E-01      0.00000000      0.00000000
  0.06900001 -0.11481755E+02  0.19624025E-01      0.00000000      0.00000000
  0.06919999 -0.11462329E+02  0.19546911E-01      0.00000000      0.00000000
  0.06940000 -0.11442908E+02  0.19471414E-01      0.00000000      0.00000000
  0.06960000 -0.11423161E+02  0.19391485E-01      0.00000000      0.00000000
  0.06980000 -0.11403421E+02  0.19307293E-01      0.00000000      0.00000000
  0.07000000 -0.11384274E+02  0.19243993E-01      0.00000000      0.00000000
  0.07020000 -0.11365089E+02  0.19166403E-01      0.00000000      0.00000000
  0.07040000 -0.11346061E+02  0.19089639E-01      0.00000000      0.00000000
  0.07060000 -0.11327059E+02  0.19014575E-01      0.00000000      0.00000000
  0.07079999 -0.11308228E+02  0.18952362E-01      0.00000000      0.00000000
  0.07099999 -0.11289075E+02  0.18869869E-01      0.00000000      0.00000000
  0.07120001 -0.11270405E+02  0.18793792E-01      0.00000000      0.00000000
  0.07139999 -0.11251598E+02  0.18710990E-01      0.00000000      0.00000000
  0.07160000 -0.11233000E+02  0.18635388E-01      0.00000000      0.00000000
  0.07180000 -0.11214357E+02  0.18562932E-01      0.00000000      0.00000000
  0.07200000 -0.11195991E+02  0.18493373E-01      0.00000000      0.00000000
  0.07220000 -0.11177620E+02  0.18419541E-01      0.00000000      0.00000000
  0.07239999 -0.11159296E+02  0.18359903E-01      0.00000000      0.00000000
  0.07260000 -0.11140866E+02  0.18296536E-01      0.00000000      0.00000000
  0.07280000 -0.11122531E+02  0.18229671E-01      0.00000000      0.00000000
  0.07299999 -0.11104633E+02  0.18158674E-01      0.00000000      0.00000000
  0.07319999 -0.11086271E+02  0.18080328E-01      0.00000000      0.00000000
  0.07340001 -0.11068220E+02  0.18003050E-01      0.00000000      0.00000000
  0.07359999 -0.11050471E+02  0.17929904E-01      0.00000000      0.00000000
  0.07380000 -0.11032797E+02  0.17864294E-01      0.00000000      0.00000000
  0.07400000 -0.11014830E+02  0.17798968E-01      0.00000000      0.00000000
  0.07420000 -0.10997129E+02  0.17733771E-01      0.00000000      0.00000000
  0.07440000 -0.10979197E+02  0.17660186E-01      0.00000000      0.00000000
  0.07460000 -0.10961439E+02  0.17600216E-01      0.00000000      0.00000000
  0.07480000 -0.10943869E+02  0.17536610E-01      0.00000000      0.00000000
  0.07500000 -0.10926405E+02  0.17472390E-01      0.00000000      0.00000000
  0.07519999 -0.10909043E+02  0.17402835E-01      0.00000000      0.00000000
  0.07539999 -0.10891684E+02  0.17342877E-01      0.00000000      0.00000000
  0.07560000 -0.10874290E+02  0.17269250E-01      0.00000000      0.00000000
  0.07579999 -0.10856852E+02  0.17211173E-01      0.00000000      0.00000000
  0.07600000 -0.10839769E+02  0.17133966E-01      0.00000000      0.00000000
  0.07620000 -0.10822515E+02  0.17071478E-01      0.00000000      0.00000000
  0.07640000 -0.10805311E+02  0.17012261E-01      0.00000000      0.00000000
  0.07660000 -0.10788504E+02  0.16959548E-01      0.00000000      0.00000000
  0.07680000 -0.10771605E+02  0.16893104E-01      0.00000000      0.00000000
  0.07699999 -0.10754916E+02  0.16832177E-01      0.00000000      0.00000000
  0.07720000 -0.10738262E+02  0.16767439E-01      0.00000000      0.00000000
  0.07739999 -0.10721338E+02  0.16703453E-01      0.00000000      0.00000000
  0.07759999 -0.10704765E+02  0.16642921E-01      0.00000000      0.00000000
  0.07780000 -0.10688232E+02  0.16574658E-01      0.00000000      0.00000000
  0.07799999 -0.10671644E+02  0.16510978E-01      0.00000000      0.00000000
  0.07820000 -0.10655170E+02  0.16455397E-01      0.00000000      0.00000000
  0.07840000 -0.10638639E+02  0.16401403E-01      0.00000000      0.00000000
  0.07860000 -0.10622227E+02  0.16339730E-01      0.00000000      0.00000000
  0.07880000 -0.10606085E+02  0.16277861E-01      0.00000000      0.00000000
  0.07900000 -0.10589609E+02  0.16214527E-01      0.00000000      0.00000000
  0.07919999 -0.10573500E+02  0.16153190E-01      0.00000000      0.00000000
  0.07940000 -0.10557322E+02  0.16095739E-01      0.00000000      0.00000000
  0.07960001 -0.10541296E+02  0.16033947E-01      0.00000000      0.00000000
  0.07979999 -0.10525173E+02  0.15983570E-01      0.00000000      0.00000000
