 -0.04000000  0.19833038E+02  0.10635285E+00      0.00000000      0.00000000
 -0.03980000  0.19939756E+02  0.10746571E+00      0.00000000      0.00000000
 -0.03960000  0.20047710E+02  0.10860784E+00      0.00000000      0.00000000
 -0.03940000  0.20156618E+02  0.10974605E+00      0.00000000      0.00000000
 -0.03920000  0.20266933E+02  0.11090648E+00      0.00000000      0.00000000
 -0.03900000  0.20378834E+02  0.11212112E+00      0.00000000      0.00000000
 -0.03880000  0.20492159E+02  0.11336660E+00      0.00000000      0.00000000
 -0.03860000  0.20606058E+02  0.11450922E+00      0.00000000      0.00000000
 -0.03840000  0.20720541E+02  0.11577298E+00      0.00000000      0.00000000
 -0.03820000  0.20837030E+02  0.11702642E+00      0.00000000      0.00000000
 -0.03800000  0.20953960E+02  0.11826339E+00      0.00000000      0.00000000
 -0.03780000  0.21072611E+02  0.11957325E+00      0.00000000      0.00000000
 -0.03760000  0.21193615E+02  0.12092614E+00      0.00000000      0.00000000
 -0.03740000  0.21316618E+02  0.12227632E+00      0.00000000      0.00000000
 -0.03720000  0.21438847E+02  0.12365796E+00      0.00000000      0.00000000
 -0.03700000  0.21562851E+02  0.12507354E+00      0.00000000      0.00000000
 -0.03680000  0.21688528E+02  0.12648112E+00      0.00000000      0.00000000
 -0.03660000  0.21816912E+02  0.12792033E+00      0.00000000      0.00000000
 -0.03640000  0.21945349E+02  0.12942618E+00      0.00000000      0.00000000
 -0.03620000  0.22075138E+02  0.13086066E+00      0.00000000      0.00000000
 -0.03600000  0.22206875E+02  0.13238873E+00      0.00000000      0.00000000
 -0.03580000  0.22339025E+02  0.13388798E+00      0.00000000      0.00000000
 -0.03560000  0.22473822E+02  0.13547334E+00      0.00000000      0.00000000
 -0.03540000  0.22609760E+02  0.13709687E+00      0.00000000      0.00000000
 -0.03520000  0.22746794E+02  0.13874480E+00      0.00000000      0.00000000
 -0.03500000  0.22886402E+02  0.14038500E+00      0.00000000      0.00000000
 -0.03480000  0.23029253E+02  0.14210746E+00      0.00000000      0.00000000
 -0.03460000  0.23173355E+02  0.14385594E+00      0.00000000      0.00000000
 -0.03440000  0.23318344E+02  0.14560178E+00      0.00000000      0.00000000
 -0.03420000  0.23463772E+02  0.14735913E+00      0.00000000      0.00000000
 -0.03400000  0.23610506E+02  0.14914961E+00      0.00000000      0.00000000
 -0.03380000  0.23759840E+02  0.15100302E+00      0.00000000      0.00000000
 -0.03360000  0.23913042E+02  0.15287393E+00      0.00000000      0.00000000
 -0.03340000  0.24066357E+02  0.15476713E+00      0.00000000      0.00000000
 -0.03320000  0.24220438E+02  0.15672243E+00      0.00000000      0.00000000
 -0.03300000  0.24379614E+02  0.15873639E+00      0.00000000      0.00000000
 -0.03280000  0.24538353E+02  0.16078219E+00      0.00000000      0.00000000
 -0.03260000  0.24702553E+02  0.16289283E+00      0.00000000      0.00000000
 -0.03240000  0.24868271E+02  0.16497411E+00      0.00000000      0.00000000
 -0.03220000  0.25034479E+02  0.16715094E+00      0.00000000      0.00000000
 -0.03200000  0.25201595E+02  0.16934668E+00      0.00000000      0.00000000
 -0.03180000  0.25371294E+02  0.17154084E+00      0.00000000      0.00000000
 -0.03160000  0.25544737E+02  0.17387527E+00      0.00000000      0.00000000
 -0.03140000  0.25721125E+02  0.17623995E+00      0.00000000      0.00000000
 -0.03120000  0.25898750E+02  0.17860317E+00      0.00000000      0.00000000
 -0.03100000  0.26078630E+02  0.18096569E+00      0.00000000      0.00000000
 -0.03080000  0.26258825E+02  0.18345505E+00      0.00000000      0.00000000
 -0.03060000  0.26444336E+02  0.18603989E+00      0.00000000      0.00000000
 -0.03040000  0.26631899E+02  0.18858612E+00      0.00000000      0.00000000
 -0.03020000  0.26823284E+02  0.19127589E+00      0.00000000      0.00000000
 -0.03000000  0.27016867E+02  0.19391382E+00      0.00000000      0.00000000
 -0.02980000  0.27210253E+02  0.19662674E+00      0.00000000      0.00000000
 -0.02960000  0.27407017E+02  0.19948903E+00      0.00000000      0.00000000
 -0.02940000  0.27609118E+02  0.20236395E+00      0.00000000      0.00000000
 -0.02920000  0.27810572E+02  0.20533292E+00      0.00000000      0.00000000
 -0.02900000  0.28017462E+02  0.20834410E+00      0.00000000      0.00000000
 -0.02880000  0.28227310E+02  0.21132040E+00      0.00000000      0.00000000
 -0.02860000  0.28442799E+02  0.21454586E+00      0.00000000      0.00000000
 -0.02840000  0.28656084E+02  0.21763080E+00      0.00000000      0.00000000
 -0.02820000  0.28874603E+02  0.22089402E+00      0.00000000      0.00000000
 -0.02800000  0.29098989E+02  0.22423720E+00      0.00000000      0.00000000
 -0.02780000  0.29327238E+02  0.22776638E+00      0.00000000      0.00000000
 -0.02760000  0.29557747E+02  0.23126690E+00      0.00000000      0.00000000
 -0.02740000  0.29789194E+02  0.23486681E+00      0.00000000      0.00000000
 -0.02720000  0.30024055E+02  0.23850763E+00      0.00000000      0.00000000
 -0.02700000  0.30264559E+02  0.24227580E+00      0.00000000      0.00000000
 -0.02680000  0.30509129E+02  0.24605447E+00      0.00000000      0.00000000
 -0.02660000  0.30759918E+02  0.25004360E+00      0.00000000      0.00000000
 -0.02640000  0.31009413E+02  0.25405875E+00      0.00000000      0.00000000
 -0.02620000  0.31263550E+02  0.25816733E+00      0.00000000      0.00000000
 -0.02600000  0.31524950E+02  0.26250744E+00      0.00000000      0.00000000
 -0.02580000  0.31793982E+02  0.26688284E+00      0.00000000      0.00000000
 -0.02560000  0.32058887E+02  0.27122888E+00      0.00000000      0.00000000
 -0.02540000  0.32333225E+02  0.27585474E+00      0.00000000      0.00000000
 -0.02520000  0.32611214E+02  0.28059572E+00      0.00000000      0.00000000
 -0.02500000  0.32894238E+02  0.28539661E+00      0.00000000      0.00000000
 -0.02480000  0.33183884E+02  0.29029709E+00      0.00000000      0.00000000
 -0.02460000  0.33477226E+02  0.29528645E+00      0.00000000      0.00000000
 -0.02440000  0.33776718E+02  0.30060595E+00      0.00000000      0.00000000
 -0.02420000  0.34073982E+02  0.30588678E+00      0.00000000      0.00000000
 -0.02400000  0.34383671E+02  0.31134483E+00      0.00000000      0.00000000
 -0.02380000  0.34697906E+02  0.31695744E+00      0.00000000      0.00000000
 -0.02360000  0.35017956E+02  0.32276240E+00      0.00000000      0.00000000
 -0.02340000  0.35344570E+02  0.32872218E+00      0.00000000      0.00000000
 -0.02320000  0.35677479E+02  0.33490282E+00      0.00000000      0.00000000
 -0.02300000  0.36017021E+02  0.34121916E+00      0.00000000      0.00000000
 -0.02280000  0.36359627E+02  0.34760356E+00      0.00000000      0.00000000
 -0.02260000  0.36709198E+02  0.35426196E+00      0.00000000      0.00000000
 -0.02240000  0.37065914E+02  0.36109328E+00      0.00000000      0.00000000
 -0.02220000  0.37435547E+02  0.36832684E+00      0.00000000      0.00000000
 -0.02200000  0.37802174E+02  0.37543252E+00      0.00000000      0.00000000
 -0.02180000  0.38180691E+02  0.38294396E+00      0.00000000      0.00000000
 -0.02160000  0.38563980E+02  0.39050072E+00      0.00000000      0.00000000
 -0.02140000  0.38957981E+02  0.39841208E+00      0.00000000      0.00000000
 -0.02120000  0.39359100E+02  0.40656358E+00      0.00000000      0.00000000
 -0.02100000  0.39770554E+02  0.41510901E+00      0.00000000      0.00000000
 -0.02080000  0.40190170E+02  0.42385954E+00      0.00000000      0.00000000
 -0.02060000  0.40617592E+02  0.43279102E+00      0.00000000      0.00000000
 -0.02040000  0.41056576E+02  0.44221103E+00      0.00000000      0.00000000
 -0.02020000  0.41505936E+02  0.45183164E+00      0.00000000      0.00000000
 -0.02000000  0.41964333E+02  0.46171644E+00      0.00000000      0.00000000
 -0.01980000  0.42426960E+02  0.47194600E+00      0.00000000      0.00000000
 -0.01960000  0.42903099E+02  0.48261681E+00      0.00000000      0.00000000
 -0.01940000  0.43394215E+02  0.49361986E+00      0.00000000      0.00000000
 -0.01920000  0.43895172E+02  0.50497121E+00      0.00000000      0.00000000
 -0.01900000  0.44401783E+02  0.51662040E+00      0.00000000      0.00000000
 -0.01880000  0.44921448E+02  0.52887189E+00      0.00000000      0.00000000
 -0.01860000  0.45457069E+02  0.54155445E+00      0.00000000      0.00000000
 -0.01840000  0.46010693E+02  0.55483943E+00      0.00000000      0.00000000
 -0.01820000  0.46568451E+02  0.56813252E+00      0.00000000      0.00000000
 -0.01800000  0.47144642E+02  0.58230096E+00      0.00000000      0.00000000
 -0.01780000  0.47732758E+02  0.59680837E+00      0.00000000      0.00000000
 -0.01760000  0.48336586E+02  0.61215258E+00      0.00000000      0.00000000
 -0.01740000  0.48955994E+02  0.62775725E+00      0.00000000      0.00000000
 -0.01720000  0.49593220E+02  0.64422250E+00      0.00000000      0.00000000
 -0.01700000  0.50246464E+02  0.66149867E+00      0.00000000      0.00000000
 -0.01680000  0.50919319E+02  0.67926258E+00      0.00000000      0.00000000
 -0.01660000  0.51606564E+02  0.69778073E+00      0.00000000      0.00000000
 -0.01640000  0.52312649E+02  0.71708709E+00      0.00000000      0.00000000
 -0.01620000  0.53045036E+02  0.73713297E+00      0.00000000      0.00000000
 -0.01600000  0.53794533E+02  0.75821894E+00      0.00000000      0.00000000
 -0.01580000  0.54557545E+02  0.78025800E+00      0.00000000      0.00000000
 -0.01560000  0.55353222E+02  0.80310267E+00      0.00000000      0.00000000
 -0.01540000  0.56155968E+02  0.82643527E+00      0.00000000      0.00000000
 -0.01520000  0.56999195E+02  0.85172135E+00      0.00000000      0.00000000
 -0.01500000  0.57867363E+02  0.87801027E+00      0.00000000      0.00000000
 -0.01480000  0.58758533E+02  0.90538454E+00      0.00000000      0.00000000
 -0.01460000  0.59685036E+02  0.93445927E+00      0.00000000      0.00000000
 -0.01440000  0.60628689E+02  0.96465319E+00      0.00000000      0.00000000
 -0.01420000  0.61602448E+02  0.99629813E+00      0.00000000      0.00000000
 -0.01400000  0.62612476E+02  0.10296423E+01      0.00000000      0.00000000
 -0.01380000  0.63663464E+02  0.10649843E+01      0.00000000      0.00000000
 -0.01360000  0.64745506E+02  0.11018981E+01      0.00000000      0.00000000
 -0.01340000  0.65859047E+02  0.11402098E+01      0.00000000      0.00000000
 -0.01320000  0.67018021E+02  0.11813558E+01      0.00000000      0.00000000
 -0.01300000  0.68223412E+02  0.12250464E+01      0.00000000      0.00000000
 -0.01280000  0.69472221E+02  0.12715842E+01      0.00000000      0.00000000
 -0.01260000  0.70791985E+02  0.13208660E+01      0.00000000      0.00000000
 -0.01240000  0.72136391E+02  0.13723705E+01      0.00000000      0.00000000
 -0.01220000  0.73528122E+02  0.14269532E+01      0.00000000      0.00000000
 -0.01200000  0.74979546E+02  0.14851017E+01      0.00000000      0.00000000
 -0.01180000  0.76509880E+02  0.15476950E+01      0.00000000      0.00000000
 -0.01160000  0.78081070E+02  0.16134077E+01      0.00000000      0.00000000
 -0.01140000  0.79718269E+02  0.16838899E+01      0.00000000      0.00000000
 -0.01120000  0.81454109E+02  0.17602237E+01      0.00000000      0.00000000
 -0.01100000  0.83232758E+02  0.18402754E+01      0.00000000      0.00000000
 -0.01080000  0.85136848E+02  0.19282982E+01      0.00000000      0.00000000
 -0.01060000  0.87118813E+02  0.20215740E+01      0.00000000      0.00000000
 -0.01040000  0.89181961E+02  0.21216223E+01      0.00000000      0.00000000
 -0.01020000  0.91357819E+02  0.22303393E+01      0.00000000      0.00000000
 -0.01000000  0.93621368E+02  0.23462701E+01      0.00000000      0.00000000
 -0.00980000  0.96033318E+02  0.24735522E+01      0.00000000      0.00000000
 -0.00960000  0.98584061E+02  0.26123946E+01      0.00000000      0.00000000
 -0.00940000  0.10126741E+03  0.27629976E+01      0.00000000      0.00000000
 -0.00920000  0.10410114E+03  0.29280260E+01      0.00000000      0.00000000
 -0.00900000  0.10708286E+03  0.31056590E+01      0.00000000      0.00000000
 -0.00880000  0.11029114E+03  0.33051898E+01      0.00000000      0.00000000
 -0.00860000  0.11368706E+03  0.35225887E+01      0.00000000      0.00000000
 -0.00840000  0.11731770E+03  0.37641826E+01      0.00000000      0.00000000
 -0.00820000  0.12117275E+03  0.40308418E+01      0.00000000      0.00000000
 -0.00800000  0.12533717E+03  0.43315005E+01      0.00000000      0.00000000
 -0.00780000  0.12984323E+03  0.46703868E+01      0.00000000      0.00000000
 -0.00760000  0.13473611E+03  0.50553017E+01      0.00000000      0.00000000
 -0.00740000  0.13998236E+03  0.54871545E+01      0.00000000      0.00000000
 -0.00720000  0.14569629E+03  0.59807396E+01      0.00000000      0.00000000
 -0.00700000  0.15186794E+03  0.65416923E+01      0.00000000      0.00000000
 -0.00680000  0.15863448E+03  0.71904821E+01      0.00000000      0.00000000
 -0.00660000  0.16611905E+03  0.79512444E+01      0.00000000      0.00000000
 -0.00640000  0.17453766E+03  0.88589306E+01      0.00000000      0.00000000
 -0.00620000  0.18377866E+03  0.99237099E+01      0.00000000      0.00000000
 -0.00600000  0.19416821E+03  0.11206556E+02      0.00000000      0.00000000
 -0.00580000  0.20587695E+03  0.12754517E+02      0.00000000      0.00000000
 -0.00560000  0.21951251E+03  0.14714777E+02      0.00000000      0.00000000
 -0.00540000  0.23536504E+03  0.17201832E+02      0.00000000      0.00000000
 -0.00520000  0.25389728E+03  0.20403164E+02      0.00000000      0.00000000
 -0.00500000  0.27632657E+03  0.24713625E+02      0.00000000      0.00000000
 -0.00480000  0.30263184E+03  0.30384405E+02      0.00000000      0.00000000
 -0.00460000  0.33605161E+03  0.38602112E+02      0.00000000      0.00000000
 -0.00440000  0.37861166E+03  0.50773808E+02      0.00000000      0.00000000
 -0.00420000  0.43434448E+03  0.69768761E+02      0.00000000      0.00000000
 -0.00400000  0.51191864E+03  0.10247411E+03      0.00000000      0.00000000
 -0.00380000  0.62684393E+03  0.16656552E+03      0.00000000      0.00000000
 -0.00360000  0.79852063E+03  0.30904248E+03      0.00000000      0.00000000
 -0.00340000  0.10199573E+04  0.70530426E+03      0.00000000      0.00000000
 -0.00320000  0.66098932E+03  0.16552466E+04      0.00000000      0.00000000
 -0.00300000 -0.66073535E+03  0.14804304E+04      0.00000000      0.00000000
 -0.00280000 -0.79169312E+03  0.59401782E+03      0.00000000      0.00000000
 -0.00260000 -0.56502020E+03  0.27072461E+03      0.00000000      0.00000000
 -0.00240000 -0.40291626E+03  0.15195047E+03      0.00000000      0.00000000
 -0.00220000 -0.29462338E+03  0.98512718E+02      0.00000000      0.00000000
 -0.00200000 -0.21733168E+03  0.70613503E+02      0.00000000      0.00000000
 -0.00180000 -0.15824973E+03  0.54724689E+02      0.00000000      0.00000000
 -0.00160000 -0.11074728E+03  0.45379486E+02      0.00000000      0.00000000
 -0.00140000 -0.69460510E+02  0.39810333E+02      0.00000000      0.00000000
 -0.00120000 -0.31954498E+02  0.36923706E+02      0.00000000      0.00000000
 -0.00100000  0.40792084E+01  0.36149170E+02      0.00000000      0.00000000
 -0.00080000  0.40133759E+02  0.37382965E+02      0.00000000      0.00000000
 -0.00060000  0.77809235E+02  0.40769653E+02      0.00000000      0.00000000
 -0.00040000  0.12024742E+03  0.47028179E+02      0.00000000      0.00000000
 -0.00020000  0.17003119E+03  0.57539402E+02      0.00000000      0.00000000
  0.00000000  0.23336868E+03  0.75713242E+02      0.00000000      0.00000000
  0.00020000  0.31651181E+03  0.10769591E+03      0.00000000      0.00000000
  0.00040000  0.43432886E+03  0.17032947E+03      0.00000000      0.00000000
  0.00060000  0.61388477E+03  0.31640192E+03      0.00000000      0.00000000
  0.00080000  0.84171771E+03  0.72370874E+03      0.00000000      0.00000000
  0.00100000  0.48064209E+03  0.16901084E+04      0.00000000      0.00000000
  0.00120000 -0.89077222E+03  0.14757949E+04      0.00000000      0.00000000
  0.00140000 -0.98898914E+03  0.58815173E+03      0.00000000      0.00000000
  0.00160000 -0.76225482E+03  0.26875601E+03      0.00000000      0.00000000
  0.00180000 -0.60212158E+03  0.14908197E+03      0.00000000      0.00000000
  0.00200000 -0.49743692E+03  0.94597237E+02      0.00000000      0.00000000
  0.00220000 -0.42485413E+03  0.65388107E+02      0.00000000      0.00000000
  0.00240000 -0.37185242E+03  0.48039417E+02      0.00000000      0.00000000
  0.00260000 -0.33130402E+03  0.36819901E+02      0.00000000      0.00000000
  0.00280000 -0.29946823E+03  0.29208130E+02      0.00000000      0.00000000
  0.00300000 -0.27355530E+03  0.23756653E+02      0.00000000      0.00000000
  0.00320000 -0.25257234E+03  0.19820740E+02      0.00000000      0.00000000
  0.00340000 -0.23461258E+03  0.16776367E+02      0.00000000      0.00000000
  0.00360000 -0.21925452E+03  0.14406525E+02      0.00000000      0.00000000
  0.00380000 -0.20590387E+03  0.12511093E+02      0.00000000      0.00000000
  0.00400000 -0.19435507E+03  0.10999702E+02      0.00000000      0.00000000
  0.00420000 -0.18403696E+03  0.97419243E+01      0.00000000      0.00000000
  0.00440000 -0.17497232E+03  0.87088947E+01      0.00000000      0.00000000
  0.00460000 -0.16683130E+03  0.78429632E+01      0.00000000      0.00000000
  0.00480000 -0.15936234E+03  0.70900011E+01      0.00000000      0.00000000
  0.00500000 -0.15262944E+03  0.64513187E+01      0.00000000      0.00000000
  0.00520000 -0.14648573E+03  0.58966765E+01      0.00000000      0.00000000
  0.00540000 -0.14087796E+03  0.54169402E+01      0.00000000      0.00000000
  0.00560000 -0.13571707E+03  0.49955688E+01      0.00000000      0.00000000
  0.00580000 -0.13089352E+03  0.46187644E+01      0.00000000      0.00000000
  0.00600000 -0.12646849E+03  0.42880535E+01      0.00000000      0.00000000
  0.00620000 -0.12237699E+03  0.39959834E+01      0.00000000      0.00000000
  0.00640000 -0.11849893E+03  0.37287223E+01      0.00000000      0.00000000
  0.00660000 -0.11487923E+03  0.34887233E+01      0.00000000      0.00000000
  0.00680000 -0.11147777E+03  0.32718861E+01      0.00000000      0.00000000
  0.00700000 -0.10833398E+03  0.30781333E+01      0.00000000      0.00000000
  0.00720000 -0.10535383E+03  0.29003820E+01      0.00000000      0.00000000
  0.00740000 -0.10253902E+03  0.27379656E+01      0.00000000      0.00000000
  0.00760000 -0.99910408E+02  0.25918102E+01      0.00000000      0.00000000
  0.00780000 -0.97387772E+02  0.24548125E+01      0.00000000      0.00000000
  0.00800000 -0.94996666E+02  0.23294821E+01      0.00000000      0.00000000
  0.00820000 -0.92713753E+02  0.22127318E+01      0.00000000      0.00000000
  0.00840000 -0.90557129E+02  0.21056855E+01      0.00000000      0.00000000
  0.00860000 -0.88491867E+02  0.20058341E+01      0.00000000      0.00000000
  0.00880000 -0.86543289E+02  0.19136316E+01      0.00000000      0.00000000
  0.00900000 -0.84677490E+02  0.18281791E+01      0.00000000      0.00000000
  0.00920000 -0.82891373E+02  0.17482152E+01      0.00000000      0.00000000
  0.00940000 -0.81193741E+02  0.16741152E+01      0.00000000      0.00000000
  0.00960000 -0.79561005E+02  0.16044352E+01      0.00000000      0.00000000
  0.00980000 -0.78004936E+02  0.15391828E+01      0.00000000      0.00000000
  0.01000000 -0.76484642E+02  0.14772258E+01      0.00000000      0.00000000
  0.01020000 -0.75041046E+02  0.14196982E+01      0.00000000      0.00000000
  0.01040000 -0.73643120E+02  0.13650466E+01      0.00000000      0.00000000
  0.01060000 -0.72312538E+02  0.13140051E+01      0.00000000      0.00000000
  0.01080000 -0.71019203E+02  0.12654896E+01      0.00000000      0.00000000
  0.01100000 -0.69781105E+02  0.12200090E+01      0.00000000      0.00000000
  0.01120000 -0.68577225E+02  0.11763537E+01      0.00000000      0.00000000
  0.01140000 -0.67419456E+02  0.11355954E+01      0.00000000      0.00000000
  0.01160000 -0.66298378E+02  0.10968273E+01      0.00000000      0.00000000
  0.01180000 -0.65210510E+02  0.10598028E+01      0.00000000      0.00000000
  0.01200000 -0.64167778E+02  0.10245875E+01      0.00000000      0.00000000
  0.01220000 -0.63153141E+02  0.99099886E+00      0.00000000      0.00000000
  0.01240000 -0.62178734E+02  0.95995563E+00      0.00000000      0.00000000
  0.01260000 -0.61234848E+02  0.93021548E+00      0.00000000      0.00000000
  0.01280000 -0.60333187E+02  0.90188938E+00      0.00000000      0.00000000
  0.01300000 -0.59443714E+02  0.87474924E+00      0.00000000      0.00000000
  0.01320000 -0.58575169E+02  0.84826326E+00      0.00000000      0.00000000
  0.01340000 -0.57739571E+02  0.82317770E+00      0.00000000      0.00000000
  0.01360000 -0.56940304E+02  0.79967558E+00      0.00000000      0.00000000
  0.01380000 -0.56148056E+02  0.77688229E+00      0.00000000      0.00000000
  0.01400000 -0.55384361E+02  0.75519007E+00      0.00000000      0.00000000
  0.01420000 -0.54641926E+02  0.73439777E+00      0.00000000      0.00000000
  0.01440000 -0.53912220E+02  0.71445942E+00      0.00000000      0.00000000
  0.01460000 -0.53202972E+02  0.69498187E+00      0.00000000      0.00000000
  0.01480000 -0.52520203E+02  0.67675167E+00      0.00000000      0.00000000
  0.01500000 -0.51850704E+02  0.65882587E+00      0.00000000      0.00000000
  0.01520000 -0.51201782E+02  0.64192188E+00      0.00000000      0.00000000
  0.01540000 -0.50571251E+02  0.62560540E+00      0.00000000      0.00000000
  0.01560000 -0.49955345E+02  0.60982412E+00      0.00000000      0.00000000
  0.01580000 -0.49353561E+02  0.59492719E+00      0.00000000      0.00000000
  0.01600000 -0.48771423E+02  0.58047807E+00      0.00000000      0.00000000
  0.01619999 -0.48199970E+02  0.56631452E+00      0.00000000      0.00000000
  0.01640000 -0.47638218E+02  0.55281335E+00      0.00000000      0.00000000
  0.01660000 -0.47089344E+02  0.53984600E+00      0.00000000      0.00000000
  0.01680000 -0.46558838E+02  0.52748328E+00      0.00000000      0.00000000
  0.01700000 -0.46040577E+02  0.51535147E+00      0.00000000      0.00000000
  0.01720000 -0.45528366E+02  0.50351655E+00      0.00000000      0.00000000
  0.01740000 -0.45033142E+02  0.49230129E+00      0.00000000      0.00000000
  0.01760000 -0.44549294E+02  0.48130763E+00      0.00000000      0.00000000
  0.01780000 -0.44067772E+02  0.47088799E+00      0.00000000      0.00000000
  0.01800000 -0.43596779E+02  0.46049279E+00      0.00000000      0.00000000
  0.01820000 -0.43143253E+02  0.45053130E+00      0.00000000      0.00000000
  0.01840000 -0.42699932E+02  0.44097310E+00      0.00000000      0.00000000
  0.01860000 -0.42264881E+02  0.43182823E+00      0.00000000      0.00000000
  0.01880000 -0.41842773E+02  0.42284441E+00      0.00000000      0.00000000
  0.01900000 -0.41425671E+02  0.41422930E+00      0.00000000      0.00000000
  0.01920000 -0.41018219E+02  0.40588993E+00      0.00000000      0.00000000
  0.01940000 -0.40614986E+02  0.39768127E+00      0.00000000      0.00000000
  0.01960000 -0.40222046E+02  0.38972983E+00      0.00000000      0.00000000
  0.01980000 -0.39837463E+02  0.38202861E+00      0.00000000      0.00000000
  0.02000000 -0.39457962E+02  0.37453002E+00      0.00000000      0.00000000
  0.02020000 -0.39084496E+02  0.36723644E+00      0.00000000      0.00000000
  0.02040000 -0.38722218E+02  0.36032411E+00      0.00000000      0.00000000
  0.02060000 -0.38363094E+02  0.35334271E+00      0.00000000      0.00000000
  0.02080000 -0.38013836E+02  0.34678486E+00      0.00000000      0.00000000
  0.02100000 -0.37668530E+02  0.34043437E+00      0.00000000      0.00000000
  0.02120000 -0.37329319E+02  0.33407283E+00      0.00000000      0.00000000
  0.02140000 -0.36998886E+02  0.32798699E+00      0.00000000      0.00000000
  0.02160000 -0.36673302E+02  0.32206005E+00      0.00000000      0.00000000
  0.02180000 -0.36356861E+02  0.31626558E+00      0.00000000      0.00000000
  0.02200000 -0.36040749E+02  0.31063604E+00      0.00000000      0.00000000
  0.02220000 -0.35730259E+02  0.30514330E+00      0.00000000      0.00000000
  0.02240000 -0.35430351E+02  0.29990676E+00      0.00000000      0.00000000
  0.02260000 -0.35136436E+02  0.29467851E+00      0.00000000      0.00000000
  0.02280000 -0.34842510E+02  0.28958058E+00      0.00000000      0.00000000
  0.02300000 -0.34554146E+02  0.28483567E+00      0.00000000      0.00000000
  0.02320000 -0.34273045E+02  0.27994087E+00      0.00000000      0.00000000
  0.02340000 -0.33996246E+02  0.27529463E+00      0.00000000      0.00000000
  0.02360000 -0.33726593E+02  0.27075434E+00      0.00000000      0.00000000
  0.02380000 -0.33459503E+02  0.26639509E+00      0.00000000      0.00000000
  0.02400000 -0.33193150E+02  0.26196018E+00      0.00000000      0.00000000
  0.02420000 -0.32931919E+02  0.25771144E+00      0.00000000      0.00000000
  0.02440000 -0.32676121E+02  0.25357789E+00      0.00000000      0.00000000
  0.02460000 -0.32426395E+02  0.24954064E+00      0.00000000      0.00000000
  0.02480000 -0.32179855E+02  0.24560282E+00      0.00000000      0.00000000
  0.02500000 -0.31931143E+02  0.24177314E+00      0.00000000      0.00000000
  0.02520000 -0.31687647E+02  0.23794781E+00      0.00000000      0.00000000
  0.02540000 -0.31450346E+02  0.23429358E+00      0.00000000      0.00000000
  0.02560000 -0.31219101E+02  0.23070866E+00      0.00000000      0.00000000
  0.02580000 -0.30991388E+02  0.22727360E+00      0.00000000      0.00000000
  0.02600000 -0.30766344E+02  0.22385089E+00      0.00000000      0.00000000
  0.02620000 -0.30541788E+02  0.22046973E+00      0.00000000      0.00000000
  0.02640000 -0.30324978E+02  0.21725115E+00      0.00000000      0.00000000
  0.02660000 -0.30110430E+02  0.21401793E+00      0.00000000      0.00000000
  0.02680000 -0.29898510E+02  0.21096972E+00      0.00000000      0.00000000
  0.02700000 -0.29689590E+02  0.20792603E+00      0.00000000      0.00000000
  0.02720000 -0.29484276E+02  0.20493941E+00      0.00000000      0.00000000
  0.02740000 -0.29277672E+02  0.20190868E+00      0.00000000      0.00000000
  0.02760000 -0.29076359E+02  0.19906661E+00      0.00000000      0.00000000
  0.02780000 -0.28880722E+02  0.19626611E+00      0.00000000      0.00000000
  0.02800000 -0.28686085E+02  0.19348310E+00      0.00000000      0.00000000
  0.02820000 -0.28493422E+02  0.19082689E+00      0.00000000      0.00000000
  0.02840000 -0.28303143E+02  0.18824063E+00      0.00000000      0.00000000
  0.02860000 -0.28117132E+02  0.18567997E+00      0.00000000      0.00000000
  0.02880000 -0.27933313E+02  0.18317489E+00      0.00000000      0.00000000
  0.02900000 -0.27751175E+02  0.18062954E+00      0.00000000      0.00000000
  0.02920000 -0.27569311E+02  0.17816807E+00      0.00000000      0.00000000
  0.02940000 -0.27392200E+02  0.17576906E+00      0.00000000      0.00000000
  0.02959999 -0.27219568E+02  0.17351304E+00      0.00000000      0.00000000
  0.02980000 -0.27048243E+02  0.17128313E+00      0.00000000      0.00000000
  0.03000000 -0.26876947E+02  0.16900602E+00      0.00000000      0.00000000
  0.03020000 -0.26707676E+02  0.16679759E+00      0.00000000      0.00000000
  0.03040000 -0.26542616E+02  0.16464405E+00      0.00000000      0.00000000
  0.03060000 -0.26379236E+02  0.16260368E+00      0.00000000      0.00000000
  0.03080000 -0.26218569E+02  0.16049853E+00      0.00000000      0.00000000
  0.03100000 -0.26059107E+02  0.15853722E+00      0.00000000      0.00000000
  0.03120000 -0.25901884E+02  0.15653159E+00      0.00000000      0.00000000
  0.03140000 -0.25747782E+02  0.15458879E+00      0.00000000      0.00000000
  0.03160000 -0.25596151E+02  0.15270174E+00      0.00000000      0.00000000
  0.03179999 -0.25443707E+02  0.15080497E+00      0.00000000      0.00000000
  0.03200001 -0.25292965E+02  0.14894003E+00      0.00000000      0.00000000
  0.03220000 -0.25144318E+02  0.14713915E+00      0.00000000      0.00000000
  0.03240000 -0.24999531E+02  0.14536293E+00      0.00000000      0.00000000
  0.03260000 -0.24852457E+02  0.14360540E+00      0.00000000      0.00000000
  0.03280000 -0.24711571E+02  0.14186165E+00      0.00000000      0.00000000
  0.03300000 -0.24569883E+02  0.14016846E+00      0.00000000      0.00000000
  0.03320000 -0.24431250E+02  0.13851348E+00      0.00000000      0.00000000
  0.03340000 -0.24294025E+02  0.13690986E+00      0.00000000      0.00000000
  0.03360000 -0.24157686E+02  0.13530721E+00      0.00000000      0.00000000
  0.03380000 -0.24022539E+02  0.13372928E+00      0.00000000      0.00000000
  0.03399999 -0.23890203E+02  0.13221453E+00      0.00000000      0.00000000
  0.03420001 -0.23759016E+02  0.13069758E+00      0.00000000      0.00000000
  0.03440000 -0.23629408E+02  0.12919092E+00      0.00000000      0.00000000
  0.03460000 -0.23501341E+02  0.12778518E+00      0.00000000      0.00000000
  0.03479999 -0.23376064E+02  0.12631679E+00      0.00000000      0.00000000
  0.03500000 -0.23248808E+02  0.12488926E+00      0.00000000      0.00000000
  0.03520000 -0.23124020E+02  0.12349563E+00      0.00000000      0.00000000
  0.03540000 -0.23000090E+02  0.12214763E+00      0.00000000      0.00000000
  0.03560000 -0.22879078E+02  0.12080360E+00      0.00000000      0.00000000
  0.03580000 -0.22759033E+02  0.11945571E+00      0.00000000      0.00000000
  0.03600000 -0.22640472E+02  0.11815550E+00      0.00000000      0.00000000
  0.03619999 -0.22524340E+02  0.11690212E+00      0.00000000      0.00000000
  0.03640000 -0.22406761E+02  0.11560424E+00      0.00000000      0.00000000
  0.03660000 -0.22291540E+02  0.11435644E+00      0.00000000      0.00000000
  0.03680000 -0.22178471E+02  0.11313471E+00      0.00000000      0.00000000
  0.03700000 -0.22065145E+02  0.11192816E+00      0.00000000      0.00000000
  0.03720000 -0.21954868E+02  0.11078633E+00      0.00000000      0.00000000
  0.03740000 -0.21843616E+02  0.10958935E+00      0.00000000      0.00000000
  0.03760000 -0.21734743E+02  0.10847131E+00      0.00000000      0.00000000
  0.03780000 -0.21626356E+02  0.10731104E+00      0.00000000      0.00000000
  0.03800000 -0.21519964E+02  0.10619769E+00      0.00000000      0.00000000
  0.03820000 -0.21414827E+02  0.10513817E+00      0.00000000      0.00000000
  0.03839999 -0.21308952E+02  0.10408965E+00      0.00000000      0.00000000
  0.03860000 -0.21205626E+02  0.10301796E+00      0.00000000      0.00000000
  0.03880000 -0.21103455E+02  0.10195032E+00      0.00000000      0.00000000
  0.03900000 -0.21001175E+02  0.10093947E+00      0.00000000      0.00000000
  0.03920000 -0.20899965E+02  0.99904276E-01      0.00000000      0.00000000
  0.03940000 -0.20801394E+02  0.98931812E-01      0.00000000      0.00000000
  0.03960000 -0.20702372E+02  0.97920001E-01      0.00000000      0.00000000
  0.03980000 -0.20605564E+02  0.96939504E-01      0.00000000      0.00000000
  0.04000000 -0.20508402E+02  0.95991746E-01      0.00000000      0.00000000
  0.04020000 -0.20412951E+02  0.95054395E-01      0.00000000      0.00000000
  0.04040000 -0.20318861E+02  0.94160698E-01      0.00000000      0.00000000
  0.04060000 -0.20225252E+02  0.93228877E-01      0.00000000      0.00000000
  0.04080000 -0.20131721E+02  0.92335336E-01      0.00000000      0.00000000
  0.04100000 -0.20039791E+02  0.91434181E-01      0.00000000      0.00000000
  0.04120000 -0.19948362E+02  0.90563536E-01      0.00000000      0.00000000
  0.04140000 -0.19858135E+02  0.89713320E-01      0.00000000      0.00000000
  0.04160000 -0.19769690E+02  0.88841304E-01      0.00000000      0.00000000
  0.04180000 -0.19681444E+02  0.87993138E-01      0.00000000      0.00000000
  0.04200000 -0.19594250E+02  0.87177746E-01      0.00000000      0.00000000
  0.04220000 -0.19508148E+02  0.86391665E-01      0.00000000      0.00000000
  0.04240000 -0.19420834E+02  0.85580111E-01      0.00000000      0.00000000
  0.04260000 -0.19335419E+02  0.84788278E-01      0.00000000      0.00000000
  0.04280000 -0.19251484E+02  0.84022485E-01      0.00000000      0.00000000
  0.04300000 -0.19166882E+02  0.83267808E-01      0.00000000      0.00000000
  0.04320000 -0.19084105E+02  0.82460538E-01      0.00000000      0.00000000
  0.04340000 -0.19002544E+02  0.81738859E-01      0.00000000      0.00000000
  0.04360000 -0.18921982E+02  0.81039362E-01      0.00000000      0.00000000
  0.04380000 -0.18841681E+02  0.80305777E-01      0.00000000      0.00000000
  0.04400000 -0.18761288E+02  0.79561122E-01      0.00000000      0.00000000
  0.04420000 -0.18681736E+02  0.78843631E-01      0.00000000      0.00000000
  0.04440000 -0.18603737E+02  0.78149796E-01      0.00000000      0.00000000
  0.04460000 -0.18526051E+02  0.77432461E-01      0.00000000      0.00000000
  0.04480000 -0.18448013E+02  0.76754674E-01      0.00000000      0.00000000
  0.04500000 -0.18371365E+02  0.76098159E-01      0.00000000      0.00000000
  0.04520000 -0.18295248E+02  0.75430863E-01      0.00000000      0.00000000
  0.04539999 -0.18220236E+02  0.74780278E-01      0.00000000      0.00000000
  0.04560000 -0.18145086E+02  0.74128583E-01      0.00000000      0.00000000
  0.04580000 -0.18071609E+02  0.73486730E-01      0.00000000      0.00000000
  0.04600000 -0.17998734E+02  0.72861239E-01      0.00000000      0.00000000
  0.04620000 -0.17926273E+02  0.72249807E-01      0.00000000      0.00000000
  0.04640000 -0.17854721E+02  0.71641780E-01      0.00000000      0.00000000
  0.04660000 -0.17783066E+02  0.71024477E-01      0.00000000      0.00000000
  0.04680000 -0.17712608E+02  0.70423029E-01      0.00000000      0.00000000
  0.04700000 -0.17643757E+02  0.69844864E-01      0.00000000      0.00000000
  0.04720000 -0.17573860E+02  0.69292203E-01      0.00000000      0.00000000
  0.04740000 -0.17504478E+02  0.68696052E-01      0.00000000      0.00000000
  0.04759999 -0.17435480E+02  0.68118922E-01      0.00000000      0.00000000
  0.04780000 -0.17367594E+02  0.67536712E-01      0.00000000      0.00000000
  0.04800000 -0.17300615E+02  0.67010254E-01      0.00000000      0.00000000
  0.04820000 -0.17234556E+02  0.66457309E-01      0.00000000      0.00000000
  0.04840000 -0.17169590E+02  0.65949798E-01      0.00000000      0.00000000
  0.04860000 -0.17102663E+02  0.65365419E-01      0.00000000      0.00000000
  0.04880000 -0.17037615E+02  0.64853340E-01      0.00000000      0.00000000
  0.04899999 -0.16973452E+02  0.64308308E-01      0.00000000      0.00000000
  0.04920000 -0.16908401E+02  0.63777260E-01      0.00000000      0.00000000
  0.04940000 -0.16844879E+02  0.63284427E-01      0.00000000      0.00000000
  0.04960000 -0.16782312E+02  0.62808439E-01      0.00000000      0.00000000
  0.04979999 -0.16719570E+02  0.62292833E-01      0.00000000      0.00000000
  0.05000000 -0.16657957E+02  0.61812542E-01      0.00000000      0.00000000
  0.05020000 -0.16596420E+02  0.61337870E-01      0.00000000      0.00000000
  0.05040000 -0.16534540E+02  0.60836285E-01      0.00000000      0.00000000
  0.05060000 -0.16474092E+02  0.60399346E-01      0.00000000      0.00000000
  0.05080000 -0.16413767E+02  0.59889548E-01      0.00000000      0.00000000
  0.05100000 -0.16354023E+02  0.59428666E-01      0.00000000      0.00000000
  0.05119999 -0.16295231E+02  0.58988314E-01      0.00000000      0.00000000
  0.05140000 -0.16236761E+02  0.58514372E-01      0.00000000      0.00000000
  0.05160000 -0.16178635E+02  0.58073819E-01      0.00000000      0.00000000
  0.05180000 -0.16120840E+02  0.57636332E-01      0.00000000      0.00000000
  0.05199999 -0.16062983E+02  0.57212044E-01      0.00000000      0.00000000
  0.05220000 -0.16005951E+02  0.56795198E-01      0.00000000      0.00000000
  0.05240000 -0.15948942E+02  0.56365013E-01      0.00000000      0.00000000
  0.05260000 -0.15892535E+02  0.55937100E-01      0.00000000      0.00000000
  0.05280000 -0.15836719E+02  0.55505220E-01      0.00000000      0.00000000
  0.05300000 -0.15781771E+02  0.55105083E-01      0.00000000      0.00000000
  0.05320000 -0.15727491E+02  0.54664232E-01      0.00000000      0.00000000
  0.05339999 -0.15673123E+02  0.54254092E-01      0.00000000      0.00000000
  0.05360000 -0.15620010E+02  0.53855490E-01      0.00000000      0.00000000
  0.05380000 -0.15566677E+02  0.53493407E-01      0.00000000      0.00000000
  0.05400000 -0.15512818E+02  0.53108349E-01      0.00000000      0.00000000
  0.05420000 -0.15459263E+02  0.52683920E-01      0.00000000      0.00000000
  0.05440000 -0.15407001E+02  0.52311067E-01      0.00000000      0.00000000
  0.05460000 -0.15354002E+02  0.51921558E-01      0.00000000      0.00000000
  0.05480000 -0.15302097E+02  0.51542297E-01      0.00000000      0.00000000
  0.05500000 -0.15251030E+02  0.51162660E-01      0.00000000      0.00000000
  0.05520000 -0.15200392E+02  0.50798990E-01      0.00000000      0.00000000
  0.05540000 -0.15149302E+02  0.50429784E-01      0.00000000      0.00000000
  0.05560000 -0.15098988E+02  0.50088271E-01      0.00000000      0.00000000
  0.05580000 -0.15049022E+02  0.49725417E-01      0.00000000      0.00000000
  0.05600000 -0.14999342E+02  0.49371950E-01      0.00000000      0.00000000
  0.05620000 -0.14950377E+02  0.49053811E-01      0.00000000      0.00000000
  0.05640000 -0.14901270E+02  0.48694417E-01      0.00000000      0.00000000
  0.05660000 -0.14853231E+02  0.48360351E-01      0.00000000      0.00000000
  0.05680000 -0.14804904E+02  0.48041791E-01      0.00000000      0.00000000
  0.05700000 -0.14757158E+02  0.47720268E-01      0.00000000      0.00000000
  0.05720000 -0.14710089E+02  0.47383439E-01      0.00000000      0.00000000
  0.05740000 -0.14663197E+02  0.47049042E-01      0.00000000      0.00000000
  0.05760000 -0.14615911E+02  0.46711229E-01      0.00000000      0.00000000
  0.05780000 -0.14568946E+02  0.46377059E-01      0.00000000      0.00000000
  0.05800000 -0.14522635E+02  0.46076350E-01      0.00000000      0.00000000
  0.05819999 -0.14476101E+02  0.45762308E-01      0.00000000      0.00000000
  0.05840000 -0.14430546E+02  0.45468479E-01      0.00000000      0.00000000
  0.05860000 -0.14385558E+02  0.45154300E-01      0.00000000      0.00000000
  0.05880000 -0.14341072E+02  0.44845928E-01      0.00000000      0.00000000
  0.05900000 -0.14296467E+02  0.44517327E-01      0.00000000      0.00000000
  0.05920000 -0.14252029E+02  0.44227120E-01      0.00000000      0.00000000
  0.05940000 -0.14208032E+02  0.43943714E-01      0.00000000      0.00000000
  0.05960000 -0.14163762E+02  0.43631595E-01      0.00000000      0.00000000
  0.05980000 -0.14120323E+02  0.43350108E-01      0.00000000      0.00000000
  0.06000000 -0.14076595E+02  0.43071833E-01      0.00000000      0.00000000
  0.06020000 -0.14033452E+02  0.42774837E-01      0.00000000      0.00000000
  0.06039999 -0.13990761E+02  0.42515930E-01      0.00000000      0.00000000
  0.06060000 -0.13948480E+02  0.42250641E-01      0.00000000      0.00000000
  0.06080000 -0.13906200E+02  0.41973878E-01      0.00000000      0.00000000
  0.06100000 -0.13864359E+02  0.41696940E-01      0.00000000      0.00000000
  0.06119999 -0.13823316E+02  0.41437250E-01      0.00000000      0.00000000
  0.06140000 -0.13782012E+02  0.41168239E-01      0.00000000      0.00000000
  0.06160000 -0.13742051E+02  0.40910646E-01      0.00000000      0.00000000
  0.06180000 -0.13701162E+02  0.40633839E-01      0.00000000      0.00000000
  0.06200000 -0.13660636E+02  0.40370867E-01      0.00000000      0.00000000
  0.06220000 -0.13620897E+02  0.40108819E-01      0.00000000      0.00000000
  0.06240000 -0.13580408E+02  0.39858434E-01      0.00000000      0.00000000
  0.06259999 -0.13541039E+02  0.39584331E-01      0.00000000      0.00000000
  0.06280001 -0.13500901E+02  0.39346531E-01      0.00000000      0.00000000
  0.06300000 -0.13461502E+02  0.39092004E-01      0.00000000      0.00000000
  0.06320000 -0.13422595E+02  0.38875125E-01      0.00000000      0.00000000
  0.06339999 -0.13383939E+02  0.38623966E-01      0.00000000      0.00000000
  0.06360000 -0.13345515E+02  0.38393639E-01      0.00000000      0.00000000
  0.06380000 -0.13306825E+02  0.38129646E-01      0.00000000      0.00000000
  0.06400000 -0.13269094E+02  0.37908543E-01      0.00000000      0.00000000
  0.06420000 -0.13231252E+02  0.37643738E-01      0.00000000      0.00000000
  0.06440000 -0.13194012E+02  0.37424020E-01      0.00000000      0.00000000
  0.06460000 -0.13156501E+02  0.37194286E-01      0.00000000      0.00000000
  0.06479999 -0.13118886E+02  0.36975387E-01      0.00000000      0.00000000
  0.06500000 -0.13082457E+02  0.36748152E-01      0.00000000      0.00000000
  0.06520000 -0.13045922E+02  0.36529046E-01      0.00000000      0.00000000
  0.06540000 -0.13009384E+02  0.36317974E-01      0.00000000      0.00000000
  0.06559999 -0.12973169E+02  0.36089182E-01      0.00000000      0.00000000
  0.06580000 -0.12936876E+02  0.35868168E-01      0.00000000      0.00000000
  0.06600000 -0.12901236E+02  0.35648249E-01      0.00000000      0.00000000
  0.06620000 -0.12865591E+02  0.35416994E-01      0.00000000      0.00000000
  0.06640000 -0.12830506E+02  0.35207648E-01      0.00000000      0.00000000
  0.06660000 -0.12795433E+02  0.35015609E-01      0.00000000      0.00000000
  0.06680001 -0.12760481E+02  0.34819815E-01      0.00000000      0.00000000
  0.06699999 -0.12725742E+02  0.34588050E-01      0.00000000      0.00000000
  0.06720000 -0.12691710E+02  0.34406412E-01      0.00000000      0.00000000
  0.06739999 -0.12657571E+02  0.34200244E-01      0.00000000      0.00000000
  0.06760000 -0.12623357E+02  0.33997439E-01      0.00000000      0.00000000
  0.06780000 -0.12589289E+02  0.33799008E-01      0.00000000      0.00000000
  0.06800000 -0.12555484E+02  0.33588115E-01      0.00000000      0.00000000
  0.06820000 -0.12521842E+02  0.33404697E-01      0.00000000      0.00000000
  0.06840000 -0.12488896E+02  0.33218049E-01      0.00000000      0.00000000
  0.06859999 -0.12455808E+02  0.33013903E-01      0.00000000      0.00000000
  0.06880000 -0.12422523E+02  0.32823496E-01      0.00000000      0.00000000
  0.06900001 -0.12390034E+02  0.32640416E-01      0.00000000      0.00000000
  0.06919999 -0.12357512E+02  0.32446548E-01      0.00000000      0.00000000
  0.06940000 -0.12325230E+02  0.32263950E-01      0.00000000      0.00000000
  0.06960000 -0.12293293E+02  0.32063909E-01      0.00000000      0.00000000
  0.06980000 -0.12261240E+02  0.31873342E-01      0.00000000      0.00000000
  0.07000000 -0.12229311E+02  0.31709943E-01      0.00000000      0.00000000
  0.07020000 -0.12197848E+02  0.31530600E-01      0.00000000      0.00000000
  0.07040000 -0.12166377E+02  0.31367011E-01      0.00000000      0.00000000
  0.07060000 -0.12134973E+02  0.31181442E-01      0.00000000      0.00000000
  0.07079999 -0.12103735E+02  0.31012794E-01      0.00000000      0.00000000
  0.07099999 -0.12072826E+02  0.30840114E-01      0.00000000      0.00000000
  0.07120001 -0.12041913E+02  0.30673111E-01      0.00000000      0.00000000
  0.07139999 -0.12011497E+02  0.30499399E-01      0.00000000      0.00000000
  0.07160000 -0.11981019E+02  0.30331615E-01      0.00000000      0.00000000
  0.07180000 -0.11950716E+02  0.30167501E-01      0.00000000      0.00000000
  0.07200000 -0.11920629E+02  0.29982552E-01      0.00000000      0.00000000
  0.07220000 -0.11890668E+02  0.29817998E-01      0.00000000      0.00000000
  0.07239999 -0.11861012E+02  0.29636791E-01      0.00000000      0.00000000
  0.07260000 -0.11831536E+02  0.29473528E-01      0.00000000      0.00000000
  0.07280000 -0.11801771E+02  0.29321851E-01      0.00000000      0.00000000
  0.07299999 -0.11772485E+02  0.29154519E-01      0.00000000      0.00000000
  0.07319999 -0.11743296E+02  0.28999196E-01      0.00000000      0.00000000
  0.07340001 -0.11714476E+02  0.28844098E-01      0.00000000      0.00000000
  0.07359999 -0.11685868E+02  0.28677115E-01      0.00000000      0.00000000
  0.07380000 -0.11657002E+02  0.28553076E-01      0.00000000      0.00000000
  0.07400000 -0.11628742E+02  0.28393419E-01      0.00000000      0.00000000
  0.07420000 -0.11600372E+02  0.28239485E-01      0.00000000      0.00000000
  0.07440000 -0.11572326E+02  0.28071757E-01      0.00000000      0.00000000
  0.07460000 -0.11543763E+02  0.27935676E-01      0.00000000      0.00000000
  0.07480000 -0.11516174E+02  0.27793014E-01      0.00000000      0.00000000
  0.07500000 -0.11488551E+02  0.27638590E-01      0.00000000      0.00000000
  0.07519999 -0.11461090E+02  0.27474862E-01      0.00000000      0.00000000
  0.07539999 -0.11433979E+02  0.27338220E-01      0.00000000      0.00000000
  0.07560000 -0.11406576E+02  0.27208799E-01      0.00000000      0.00000000
  0.07579999 -0.11379471E+02  0.27066540E-01      0.00000000      0.00000000
  0.07600000 -0.11352448E+02  0.26918933E-01      0.00000000      0.00000000
  0.07620000 -0.11325661E+02  0.26767725E-01      0.00000000      0.00000000
  0.07640000 -0.11298513E+02  0.26620520E-01      0.00000000      0.00000000
  0.07660000 -0.11272141E+02  0.26484970E-01      0.00000000      0.00000000
  0.07680000 -0.11245584E+02  0.26348112E-01      0.00000000      0.00000000
  0.07699999 -0.11219559E+02  0.26229365E-01      0.00000000      0.00000000
  0.07720000 -0.11193701E+02  0.26103968E-01      0.00000000      0.00000000
  0.07739999 -0.11167281E+02  0.25966322E-01      0.00000000      0.00000000
  0.07759999 -0.11141379E+02  0.25817186E-01      0.00000000      0.00000000
  0.07780000 -0.11115709E+02  0.25693571E-01      0.00000000      0.00000000
  0.07799999 -0.11089993E+02  0.25556099E-01      0.00000000      0.00000000
  0.07820000 -0.11064592E+02  0.25420496E-01      0.00000000      0.00000000
  0.07840000 -0.11039429E+02  0.25297258E-01      0.00000000      0.00000000
  0.07860000 -0.11014193E+02  0.25158180E-01      0.00000000      0.00000000
  0.07880000 -0.10989100E+02  0.25038376E-01      0.00000000      0.00000000
  0.07900000 -0.10964327E+02  0.24921799E-01      0.00000000      0.00000000
  0.07919999 -0.10939405E+02  0.24804553E-01      0.00000000      0.00000000
  0.07940000 -0.10914824E+02  0.24667082E-01      0.00000000      0.00000000
  0.07960001 -0.10890016E+02  0.24528567E-01      0.00000000      0.00000000
  0.07979999 -0.10865715E+02  0.24416087E-01      0.00000000      0.00000000
