 -0.04000000  0.39846848E+02  0.30456764E+00      0.00000000      0.00000000
 -0.03980000  0.40154854E+02  0.30915165E+00      0.00000000      0.00000000
 -0.03960000  0.40467903E+02  0.31390616E+00      0.00000000      0.00000000
 -0.03940000  0.40782726E+02  0.31864983E+00      0.00000000      0.00000000
 -0.03920000  0.41102398E+02  0.32358634E+00      0.00000000      0.00000000
 -0.03900000  0.41426437E+02  0.32868254E+00      0.00000000      0.00000000
 -0.03880000  0.41754940E+02  0.33387253E+00      0.00000000      0.00000000
 -0.03860000  0.42090935E+02  0.33912688E+00      0.00000000      0.00000000
 -0.03840000  0.42434410E+02  0.34445953E+00      0.00000000      0.00000000
 -0.03820000  0.42783863E+02  0.35005271E+00      0.00000000      0.00000000
 -0.03800000  0.43133621E+02  0.35570800E+00      0.00000000      0.00000000
 -0.03780000  0.43490788E+02  0.36154070E+00      0.00000000      0.00000000
 -0.03760000  0.43851883E+02  0.36746711E+00      0.00000000      0.00000000
 -0.03740000  0.44225189E+02  0.37368974E+00      0.00000000      0.00000000
 -0.03720000  0.44602726E+02  0.37996227E+00      0.00000000      0.00000000
 -0.03700000  0.44986523E+02  0.38653964E+00      0.00000000      0.00000000
 -0.03680000  0.45378300E+02  0.39306390E+00      0.00000000      0.00000000
 -0.03660000  0.45773006E+02  0.39968479E+00      0.00000000      0.00000000
 -0.03640000  0.46174232E+02  0.40677977E+00      0.00000000      0.00000000
 -0.03620000  0.46586361E+02  0.41390640E+00      0.00000000      0.00000000
 -0.03600000  0.47004349E+02  0.42122859E+00      0.00000000      0.00000000
 -0.03580000  0.47430946E+02  0.42884892E+00      0.00000000      0.00000000
 -0.03560000  0.47857300E+02  0.43652859E+00      0.00000000      0.00000000
 -0.03540000  0.48296440E+02  0.44421983E+00      0.00000000      0.00000000
 -0.03520000  0.48742470E+02  0.45226985E+00      0.00000000      0.00000000
 -0.03500000  0.49199291E+02  0.46081269E+00      0.00000000      0.00000000
 -0.03480000  0.49663475E+02  0.46945584E+00      0.00000000      0.00000000
 -0.03460000  0.50142265E+02  0.47848058E+00      0.00000000      0.00000000
 -0.03440000  0.50627876E+02  0.48764783E+00      0.00000000      0.00000000
 -0.03420000  0.51116989E+02  0.49708951E+00      0.00000000      0.00000000
 -0.03400000  0.51621197E+02  0.50675476E+00      0.00000000      0.00000000
 -0.03380000  0.52133286E+02  0.51650369E+00      0.00000000      0.00000000
 -0.03360000  0.52659584E+02  0.52701235E+00      0.00000000      0.00000000
 -0.03340000  0.53192108E+02  0.53758371E+00      0.00000000      0.00000000
 -0.03320000  0.53737198E+02  0.54860914E+00      0.00000000      0.00000000
 -0.03300000  0.54292480E+02  0.55999184E+00      0.00000000      0.00000000
 -0.03280000  0.54858986E+02  0.57148403E+00      0.00000000      0.00000000
 -0.03260000  0.55443207E+02  0.58371371E+00      0.00000000      0.00000000
 -0.03240000  0.56025284E+02  0.59583646E+00      0.00000000      0.00000000
 -0.03220000  0.56624615E+02  0.60853577E+00      0.00000000      0.00000000
 -0.03200000  0.57232578E+02  0.62159264E+00      0.00000000      0.00000000
 -0.03180000  0.57862644E+02  0.63514531E+00      0.00000000      0.00000000
 -0.03160000  0.58515560E+02  0.64962703E+00      0.00000000      0.00000000
 -0.03140000  0.59166412E+02  0.66420841E+00      0.00000000      0.00000000
 -0.03120000  0.59845917E+02  0.67951930E+00      0.00000000      0.00000000
 -0.03100000  0.60536255E+02  0.69513381E+00      0.00000000      0.00000000
 -0.03080000  0.61232773E+02  0.71116674E+00      0.00000000      0.00000000
 -0.03060000  0.61955872E+02  0.72817469E+00      0.00000000      0.00000000
 -0.03040000  0.62693039E+02  0.74533844E+00      0.00000000      0.00000000
 -0.03020000  0.63451283E+02  0.76325262E+00      0.00000000      0.00000000
 -0.03000000  0.64213654E+02  0.78193665E+00      0.00000000      0.00000000
 -0.02980000  0.65001740E+02  0.80097878E+00      0.00000000      0.00000000
 -0.02960000  0.65818985E+02  0.82115650E+00      0.00000000      0.00000000
 -0.02940000  0.66649300E+02  0.84187096E+00      0.00000000      0.00000000
 -0.02920000  0.67498955E+02  0.86374193E+00      0.00000000      0.00000000
 -0.02900000  0.68364853E+02  0.88578743E+00      0.00000000      0.00000000
 -0.02880000  0.69263924E+02  0.90950757E+00      0.00000000      0.00000000
 -0.02860000  0.70187775E+02  0.93397796E+00      0.00000000      0.00000000
 -0.02840000  0.71129005E+02  0.95946538E+00      0.00000000      0.00000000
 -0.02820000  0.72102798E+02  0.98593903E+00      0.00000000      0.00000000
 -0.02800000  0.73116714E+02  0.10137020E+01      0.00000000      0.00000000
 -0.02780000  0.74142273E+02  0.10424985E+01      0.00000000      0.00000000
 -0.02760000  0.75203201E+02  0.10726198E+01      0.00000000      0.00000000
 -0.02740000  0.76278557E+02  0.11034870E+01      0.00000000      0.00000000
 -0.02720000  0.77394470E+02  0.11367791E+01      0.00000000      0.00000000
 -0.02700000  0.78563477E+02  0.11719089E+01      0.00000000      0.00000000
 -0.02680000  0.79752075E+02  0.12080003E+01      0.00000000      0.00000000
 -0.02660000  0.80982445E+02  0.12459043E+01      0.00000000      0.00000000
 -0.02640000  0.82237717E+02  0.12851919E+01      0.00000000      0.00000000
 -0.02620000  0.83538452E+02  0.13267291E+01      0.00000000      0.00000000
 -0.02600000  0.84889275E+02  0.13702787E+01      0.00000000      0.00000000
 -0.02580000  0.86276329E+02  0.14163010E+01      0.00000000      0.00000000
 -0.02560000  0.87694611E+02  0.14638088E+01      0.00000000      0.00000000
 -0.02540000  0.89186310E+02  0.15147302E+01      0.00000000      0.00000000
 -0.02520000  0.90731094E+02  0.15684727E+01      0.00000000      0.00000000
 -0.02500000  0.92342804E+02  0.16261303E+01      0.00000000      0.00000000
 -0.02480000  0.94002136E+02  0.16863794E+01      0.00000000      0.00000000
 -0.02460000  0.95733505E+02  0.17497441E+01      0.00000000      0.00000000
 -0.02440000  0.97511581E+02  0.18176582E+01      0.00000000      0.00000000
 -0.02420000  0.99357742E+02  0.18886616E+01      0.00000000      0.00000000
 -0.02400000  0.10127147E+03  0.19634552E+01      0.00000000      0.00000000
 -0.02380000  0.10327422E+03  0.20443132E+01      0.00000000      0.00000000
 -0.02360000  0.10537928E+03  0.21306570E+01      0.00000000      0.00000000
 -0.02340000  0.10754019E+03  0.22218695E+01      0.00000000      0.00000000
 -0.02320000  0.10979985E+03  0.23188071E+01      0.00000000      0.00000000
 -0.02300000  0.11216975E+03  0.24235015E+01      0.00000000      0.00000000
 -0.02280000  0.11465216E+03  0.25362635E+01      0.00000000      0.00000000
 -0.02260000  0.11725895E+03  0.26568623E+01      0.00000000      0.00000000
 -0.02240000  0.11997266E+03  0.27861035E+01      0.00000000      0.00000000
 -0.02220000  0.12281758E+03  0.29262373E+01      0.00000000      0.00000000
 -0.02200000  0.12579773E+03  0.30768538E+01      0.00000000      0.00000000
 -0.02180000  0.12894568E+03  0.32391315E+01      0.00000000      0.00000000
 -0.02160000  0.13225528E+03  0.34169147E+01      0.00000000      0.00000000
 -0.02140000  0.13573112E+03  0.36100776E+01      0.00000000      0.00000000
 -0.02120000  0.13943735E+03  0.38194566E+01      0.00000000      0.00000000
 -0.02100000  0.14333057E+03  0.40501943E+01      0.00000000      0.00000000
 -0.02080000  0.14753613E+03  0.43042870E+01      0.00000000      0.00000000
 -0.02060000  0.15202200E+03  0.45906315E+01      0.00000000      0.00000000
 -0.02040000  0.15680170E+03  0.49029980E+01      0.00000000      0.00000000
 -0.02020000  0.16184061E+03  0.52487631E+01      0.00000000      0.00000000
 -0.02000000  0.16720787E+03  0.56304207E+01      0.00000000      0.00000000
 -0.01980000  0.17302274E+03  0.60649347E+01      0.00000000      0.00000000
 -0.01960000  0.17932082E+03  0.65551662E+01      0.00000000      0.00000000
 -0.01940000  0.18607822E+03  0.71071939E+01      0.00000000      0.00000000
 -0.01920000  0.19347826E+03  0.77455468E+01      0.00000000      0.00000000
 -0.01900000  0.20155763E+03  0.84802151E+01      0.00000000      0.00000000
 -0.01880000  0.21039166E+03  0.93300343E+01      0.00000000      0.00000000
 -0.01860000  0.22014775E+03  0.10330763E+02      0.00000000      0.00000000
 -0.01840000  0.23106784E+03  0.11528299E+02      0.00000000      0.00000000
 -0.01820000  0.24316180E+03  0.12952261E+02      0.00000000      0.00000000
 -0.01800000  0.25681186E+03  0.14692017E+02      0.00000000      0.00000000
 -0.01780000  0.27234058E+03  0.16842945E+02      0.00000000      0.00000000
 -0.01760000  0.29039322E+03  0.19592476E+02      0.00000000      0.00000000
 -0.01740000  0.31155426E+03  0.23173090E+02      0.00000000      0.00000000
 -0.01720000  0.33639563E+03  0.27889931E+02      0.00000000      0.00000000
 -0.01700000  0.36678119E+03  0.34490067E+02      0.00000000      0.00000000
 -0.01680000  0.40406375E+03  0.43922180E+02      0.00000000      0.00000000
 -0.01660000  0.45267480E+03  0.58681709E+02      0.00000000      0.00000000
 -0.01640000  0.51793085E+03  0.83436272E+02      0.00000000      0.00000000
 -0.01620000  0.60880420E+03  0.12915460E+03      0.00000000      0.00000000
 -0.01600000  0.74433026E+03  0.23048370E+03      0.00000000      0.00000000
 -0.01580000  0.92694702E+03  0.50947763E+03      0.00000000      0.00000000
 -0.01560000  0.73233643E+03  0.12526272E+04      0.00000000      0.00000000
 -0.01540000 -0.31151508E+03  0.10096063E+04      0.00000000      0.00000000
 -0.01520000 -0.25540408E+03  0.42060876E+03      0.00000000      0.00000000
 -0.01500000 -0.48160873E+02  0.23962340E+03      0.00000000      0.00000000
 -0.01480000  0.13092911E+03  0.19715364E+03      0.00000000      0.00000000
 -0.01460000  0.31003949E+03  0.23447054E+03      0.00000000      0.00000000
 -0.01440000  0.51700928E+03  0.39941412E+03      0.00000000      0.00000000
 -0.01420000  0.61651257E+03  0.95726599E+03      0.00000000      0.00000000
 -0.01400000 -0.37002686E+03  0.13197731E+04      0.00000000      0.00000000
 -0.01380000 -0.64675378E+03  0.55927740E+03      0.00000000      0.00000000
 -0.01360000 -0.45299118E+03  0.25400775E+03      0.00000000      0.00000000
 -0.01340000 -0.29901697E+03  0.14810049E+03      0.00000000      0.00000000
 -0.01320000 -0.18908507E+03  0.10422084E+03      0.00000000      0.00000000
 -0.01300000 -0.10241605E+03  0.84357010E+02      0.00000000      0.00000000
 -0.01280000 -0.25449472E+02  0.76897072E+02      0.00000000      0.00000000
 -0.01260000  0.48685459E+02  0.78835655E+02      0.00000000      0.00000000
 -0.01240000  0.12839081E+03  0.90832436E+02      0.00000000      0.00000000
 -0.01220000  0.22332867E+03  0.11898984E+03      0.00000000      0.00000000
 -0.01200000  0.34774792E+03  0.18152617E+03      0.00000000      0.00000000
 -0.01180000  0.52177362E+03  0.34155273E+03      0.00000000      0.00000000
 -0.01160000  0.65716528E+03  0.83646558E+03      0.00000000      0.00000000
 -0.01140000 -0.20220049E+03  0.13990940E+04      0.00000000      0.00000000
 -0.01120000 -0.66129651E+03  0.64147913E+03      0.00000000      0.00000000
 -0.01100000 -0.46564862E+03  0.29458435E+03      0.00000000      0.00000000
 -0.01080000 -0.28856586E+03  0.18830263E+03      0.00000000      0.00000000
 -0.01060000 -0.13779002E+03  0.16110806E+03      0.00000000      0.00000000
 -0.01040000  0.10781927E+02  0.18553970E+03      0.00000000      0.00000000
 -0.01020000  0.18904332E+03  0.29122754E+03      0.00000000      0.00000000
 -0.01000000  0.38165698E+03  0.63243903E+03      0.00000000      0.00000000
 -0.00980000 -0.71190544E+02  0.13938574E+04      0.00000000      0.00000000
 -0.00960000 -0.95234937E+03  0.83745105E+03      0.00000000      0.00000000
 -0.00940000 -0.82944971E+03  0.33552145E+03      0.00000000      0.00000000
 -0.00920000 -0.66380396E+03  0.16815750E+03      0.00000000      0.00000000
 -0.00900000 -0.55258521E+03  0.10086824E+03      0.00000000      0.00000000
 -0.00880000 -0.47723083E+03  0.68091293E+02      0.00000000      0.00000000
 -0.00860000 -0.42195508E+03  0.49402649E+02      0.00000000      0.00000000
 -0.00840000 -0.38041681E+03  0.37905655E+02      0.00000000      0.00000000
 -0.00820000 -0.34767749E+03  0.30231300E+02      0.00000000      0.00000000
 -0.00800000 -0.32068259E+03  0.24754843E+02      0.00000000      0.00000000
 -0.00780000 -0.29858798E+03  0.20796736E+02      0.00000000      0.00000000
 -0.00760000 -0.27991315E+03  0.17798216E+02      0.00000000      0.00000000
 -0.00740000 -0.26369534E+03  0.15448219E+02      0.00000000      0.00000000
 -0.00720000 -0.24929382E+03  0.13531762E+02      0.00000000      0.00000000
 -0.00700000 -0.23670926E+03  0.11998163E+02      0.00000000      0.00000000
 -0.00680000 -0.22548099E+03  0.10719931E+02      0.00000000      0.00000000
 -0.00660000 -0.21535764E+03  0.96452599E+01      0.00000000      0.00000000
 -0.00640000 -0.20618495E+03  0.87359352E+01      0.00000000      0.00000000
 -0.00620000 -0.19789966E+03  0.79625964E+01      0.00000000      0.00000000
 -0.00600000 -0.19037495E+03  0.72994184E+01      0.00000000      0.00000000
 -0.00580000 -0.18328506E+03  0.67060962E+01      0.00000000      0.00000000
 -0.00560000 -0.17690057E+03  0.61981516E+01      0.00000000      0.00000000
 -0.00540000 -0.17095264E+03  0.57453599E+01      0.00000000      0.00000000
 -0.00520000 -0.16541325E+03  0.53434343E+01      0.00000000      0.00000000
 -0.00500000 -0.16026079E+03  0.49855766E+01      0.00000000      0.00000000
 -0.00480000 -0.15546404E+03  0.46633596E+01      0.00000000      0.00000000
 -0.00460000 -0.15092754E+03  0.43733196E+01      0.00000000      0.00000000
 -0.00440000 -0.14673973E+03  0.41132660E+01      0.00000000      0.00000000
 -0.00420000 -0.14273492E+03  0.38737001E+01      0.00000000      0.00000000
 -0.00400000 -0.13897812E+03  0.36581912E+01      0.00000000      0.00000000
 -0.00380000 -0.13542201E+03  0.34598067E+01      0.00000000      0.00000000
 -0.00360000 -0.13202954E+03  0.32756240E+01      0.00000000      0.00000000
 -0.00340000 -0.12883591E+03  0.31096501E+01      0.00000000      0.00000000
 -0.00320000 -0.12579628E+03  0.29546285E+01      0.00000000      0.00000000
 -0.00300000 -0.12294293E+03  0.28144758E+01      0.00000000      0.00000000
 -0.00280000 -0.12021172E+03  0.26826224E+01      0.00000000      0.00000000
 -0.00260000 -0.11758212E+03  0.25588779E+01      0.00000000      0.00000000
 -0.00240000 -0.11509742E+03  0.24462540E+01      0.00000000      0.00000000
 -0.00220000 -0.11271689E+03  0.23404074E+01      0.00000000      0.00000000
 -0.00200000 -0.11040825E+03  0.22395082E+01      0.00000000      0.00000000
 -0.00180000 -0.10822282E+03  0.21467772E+01      0.00000000      0.00000000
 -0.00160000 -0.10612068E+03  0.20602081E+01      0.00000000      0.00000000
 -0.00140000 -0.10408976E+03  0.19783633E+01      0.00000000      0.00000000
 -0.00120000 -0.10215996E+03  0.19014723E+01      0.00000000      0.00000000
 -0.00100000 -0.10029623E+03  0.18294463E+01      0.00000000      0.00000000
 -0.00080000 -0.98512596E+02  0.17615644E+01      0.00000000      0.00000000
 -0.00060000 -0.96769363E+02  0.16974853E+01      0.00000000      0.00000000
 -0.00040000 -0.95117264E+02  0.16362326E+01      0.00000000      0.00000000
 -0.00020000 -0.93516029E+02  0.15793226E+01      0.00000000      0.00000000
  0.00000000 -0.91963737E+02  0.15252326E+01      0.00000000      0.00000000
  0.00020000 -0.90490295E+02  0.14745982E+01      0.00000000      0.00000000
  0.00040000 -0.89049782E+02  0.14258547E+01      0.00000000      0.00000000
  0.00060000 -0.87642471E+02  0.13792225E+01      0.00000000      0.00000000
  0.00080000 -0.86265625E+02  0.13344913E+01      0.00000000      0.00000000
  0.00100000 -0.84934166E+02  0.12915486E+01      0.00000000      0.00000000
  0.00120000 -0.83654320E+02  0.12518348E+01      0.00000000      0.00000000
  0.00140000 -0.82428894E+02  0.12134693E+01      0.00000000      0.00000000
  0.00160000 -0.81239258E+02  0.11771107E+01      0.00000000      0.00000000
  0.00180000 -0.80084755E+02  0.11422533E+01      0.00000000      0.00000000
  0.00200000 -0.78973770E+02  0.11095427E+01      0.00000000      0.00000000
  0.00220000 -0.77871849E+02  0.10773062E+01      0.00000000      0.00000000
  0.00240000 -0.76809746E+02  0.10476005E+01      0.00000000      0.00000000
  0.00260000 -0.75776688E+02  0.10185530E+01      0.00000000      0.00000000
  0.00280000 -0.74776878E+02  0.99052590E+00      0.00000000      0.00000000
  0.00300000 -0.73791870E+02  0.96388555E+00      0.00000000      0.00000000
  0.00320000 -0.72844101E+02  0.93834698E+00      0.00000000      0.00000000
  0.00340000 -0.71921227E+02  0.91377342E+00      0.00000000      0.00000000
  0.00360000 -0.71014450E+02  0.89002562E+00      0.00000000      0.00000000
  0.00380000 -0.70136650E+02  0.86728716E+00      0.00000000      0.00000000
  0.00400000 -0.69275894E+02  0.84536076E+00      0.00000000      0.00000000
  0.00420000 -0.68434174E+02  0.82405257E+00      0.00000000      0.00000000
  0.00440000 -0.67617035E+02  0.80347514E+00      0.00000000      0.00000000
  0.00460000 -0.66831673E+02  0.78451800E+00      0.00000000      0.00000000
  0.00480000 -0.66055099E+02  0.76573920E+00      0.00000000      0.00000000
  0.00500000 -0.65305817E+02  0.74779749E+00      0.00000000      0.00000000
  0.00520000 -0.64572357E+02  0.73055935E+00      0.00000000      0.00000000
  0.00540000 -0.63849068E+02  0.71359706E+00      0.00000000      0.00000000
  0.00560000 -0.63138973E+02  0.69710374E+00      0.00000000      0.00000000
  0.00580000 -0.62456665E+02  0.68159819E+00      0.00000000      0.00000000
  0.00600000 -0.61773621E+02  0.66644740E+00      0.00000000      0.00000000
  0.00620000 -0.61126381E+02  0.65191507E+00      0.00000000      0.00000000
  0.00640000 -0.60483170E+02  0.63791943E+00      0.00000000      0.00000000
  0.00660000 -0.59854744E+02  0.62411356E+00      0.00000000      0.00000000
  0.00680000 -0.59238434E+02  0.61096668E+00      0.00000000      0.00000000
  0.00700000 -0.58632027E+02  0.59779072E+00      0.00000000      0.00000000
  0.00720000 -0.58039833E+02  0.58549595E+00      0.00000000      0.00000000
  0.00740000 -0.57453423E+02  0.57328129E+00      0.00000000      0.00000000
  0.00760000 -0.56894875E+02  0.56170177E+00      0.00000000      0.00000000
  0.00780000 -0.56338882E+02  0.55058002E+00      0.00000000      0.00000000
  0.00800000 -0.55795181E+02  0.53955460E+00      0.00000000      0.00000000
  0.00820000 -0.55258041E+02  0.52878475E+00      0.00000000      0.00000000
  0.00840000 -0.54732971E+02  0.51840973E+00      0.00000000      0.00000000
  0.00860000 -0.54222061E+02  0.50844765E+00      0.00000000      0.00000000
  0.00880000 -0.53715759E+02  0.49861908E+00      0.00000000      0.00000000
  0.00900000 -0.53221207E+02  0.48921585E+00      0.00000000      0.00000000
  0.00920000 -0.52736115E+02  0.48004150E+00      0.00000000      0.00000000
  0.00940000 -0.52261871E+02  0.47093201E+00      0.00000000      0.00000000
  0.00960000 -0.51793823E+02  0.46243286E+00      0.00000000      0.00000000
  0.00980000 -0.51336357E+02  0.45379639E+00      0.00000000      0.00000000
  0.01000000 -0.50881927E+02  0.44549561E+00      0.00000000      0.00000000
  0.01020000 -0.50448318E+02  0.43772888E+00      0.00000000      0.00000000
  0.01040000 -0.50014839E+02  0.42993927E+00      0.00000000      0.00000000
  0.01060000 -0.49581810E+02  0.42237091E+00      0.00000000      0.00000000
  0.01080000 -0.49161011E+02  0.41494751E+00      0.00000000      0.00000000
  0.01100000 -0.48752045E+02  0.40777588E+00      0.00000000      0.00000000
  0.01120000 -0.48347656E+02  0.40060425E+00      0.00000000      0.00000000
  0.01140000 -0.47951004E+02  0.39392090E+00      0.00000000      0.00000000
  0.01160000 -0.47561890E+02  0.38739014E+00      0.00000000      0.00000000
  0.01180000 -0.47173355E+02  0.38079834E+00      0.00000000      0.00000000
  0.01200000 -0.46796356E+02  0.37459564E+00      0.00000000      0.00000000
  0.01220000 -0.46424561E+02  0.36854553E+00      0.00000000      0.00000000
  0.01240000 -0.46054970E+02  0.36243820E+00      0.00000000      0.00000000
  0.01260000 -0.45700054E+02  0.35674667E+00      0.00000000      0.00000000
  0.01280000 -0.45349625E+02  0.35099030E+00      0.00000000      0.00000000
  0.01300000 -0.44998482E+02  0.34537506E+00      0.00000000      0.00000000
  0.01320000 -0.44659248E+02  0.33999252E+00      0.00000000      0.00000000
  0.01340000 -0.44319099E+02  0.33462524E+00      0.00000000      0.00000000
  0.01360000 -0.43985931E+02  0.32929993E+00      0.00000000      0.00000000
  0.01380000 -0.43658081E+02  0.32427979E+00      0.00000000      0.00000000
  0.01400000 -0.43335144E+02  0.31933594E+00      0.00000000      0.00000000
  0.01420000 -0.43019928E+02  0.31463623E+00      0.00000000      0.00000000
  0.01440000 -0.42713364E+02  0.30982971E+00      0.00000000      0.00000000
  0.01460000 -0.42402985E+02  0.30514526E+00      0.00000000      0.00000000
  0.01480000 -0.42098415E+02  0.30065918E+00      0.00000000      0.00000000
  0.01500000 -0.41796997E+02  0.29608917E+00      0.00000000      0.00000000
  0.01520000 -0.41507729E+02  0.29179382E+00      0.00000000      0.00000000
  0.01540000 -0.41221687E+02  0.28759766E+00      0.00000000      0.00000000
  0.01560000 -0.40930511E+02  0.28350830E+00      0.00000000      0.00000000
  0.01580000 -0.40649658E+02  0.27951050E+00      0.00000000      0.00000000
  0.01600000 -0.40373322E+02  0.27558899E+00      0.00000000      0.00000000
  0.01619999 -0.40100525E+02  0.27176285E+00      0.00000000      0.00000000
  0.01640000 -0.39831451E+02  0.26792145E+00      0.00000000      0.00000000
  0.01660000 -0.39565826E+02  0.26415443E+00      0.00000000      0.00000000
  0.01680000 -0.39307434E+02  0.26067734E+00      0.00000000      0.00000000
  0.01700000 -0.39046692E+02  0.25697517E+00      0.00000000      0.00000000
  0.01720000 -0.38790359E+02  0.25352383E+00      0.00000000      0.00000000
  0.01740000 -0.38540512E+02  0.25003147E+00      0.00000000      0.00000000
  0.01760000 -0.38290710E+02  0.24671268E+00      0.00000000      0.00000000
  0.01780000 -0.38046669E+02  0.24351501E+00      0.00000000      0.00000000
  0.01800000 -0.37804749E+02  0.24031734E+00      0.00000000      0.00000000
  0.01820000 -0.37565964E+02  0.23709726E+00      0.00000000      0.00000000
  0.01840000 -0.37331375E+02  0.23390579E+00      0.00000000      0.00000000
  0.01860000 -0.37098633E+02  0.23094988E+00      0.00000000      0.00000000
  0.01880000 -0.36867004E+02  0.22796774E+00      0.00000000      0.00000000
  0.01900000 -0.36641907E+02  0.22510004E+00      0.00000000      0.00000000
  0.01920000 -0.36418823E+02  0.22218657E+00      0.00000000      0.00000000
  0.01940000 -0.36200127E+02  0.21943903E+00      0.00000000      0.00000000
  0.01960000 -0.35981201E+02  0.21671104E+00      0.00000000      0.00000000
  0.01980000 -0.35765030E+02  0.21400237E+00      0.00000000      0.00000000
  0.02000000 -0.35554657E+02  0.21140051E+00      0.00000000      0.00000000
  0.02020000 -0.35342949E+02  0.20877075E+00      0.00000000      0.00000000
  0.02040000 -0.35134544E+02  0.20613194E+00      0.00000000      0.00000000
  0.02060000 -0.34928608E+02  0.20362401E+00      0.00000000      0.00000000
  0.02080000 -0.34726124E+02  0.20113397E+00      0.00000000      0.00000000
  0.02100000 -0.34526409E+02  0.19874358E+00      0.00000000      0.00000000
  0.02120000 -0.34332317E+02  0.19643128E+00      0.00000000      0.00000000
  0.02140000 -0.34133091E+02  0.19399929E+00      0.00000000      0.00000000
  0.02160000 -0.33940418E+02  0.19180727E+00      0.00000000      0.00000000
  0.02180000 -0.33749809E+02  0.18943703E+00      0.00000000      0.00000000
  0.02200000 -0.33563351E+02  0.18728411E+00      0.00000000      0.00000000
  0.02220000 -0.33377205E+02  0.18513739E+00      0.00000000      0.00000000
  0.02240000 -0.33193466E+02  0.18301654E+00      0.00000000      0.00000000
  0.02260000 -0.33010685E+02  0.18092179E+00      0.00000000      0.00000000
  0.02280000 -0.32830200E+02  0.17886460E+00      0.00000000      0.00000000
  0.02300000 -0.32652103E+02  0.17685676E+00      0.00000000      0.00000000
  0.02320000 -0.32477703E+02  0.17486858E+00      0.00000000      0.00000000
  0.02340000 -0.32302925E+02  0.17297697E+00      0.00000000      0.00000000
  0.02360000 -0.32128601E+02  0.17098665E+00      0.00000000      0.00000000
  0.02380000 -0.31958965E+02  0.16902369E+00      0.00000000      0.00000000
  0.02400000 -0.31789433E+02  0.16716111E+00      0.00000000      0.00000000
  0.02420000 -0.31624603E+02  0.16533250E+00      0.00000000      0.00000000
  0.02440000 -0.31460754E+02  0.16354901E+00      0.00000000      0.00000000
  0.02460000 -0.31297012E+02  0.16171515E+00      0.00000000      0.00000000
  0.02480000 -0.31135466E+02  0.16000575E+00      0.00000000      0.00000000
  0.02500000 -0.30976385E+02  0.15825343E+00      0.00000000      0.00000000
  0.02520000 -0.30818558E+02  0.15660435E+00      0.00000000      0.00000000
  0.02540000 -0.30665379E+02  0.15492076E+00      0.00000000      0.00000000
  0.02560000 -0.30510551E+02  0.15328372E+00      0.00000000      0.00000000
  0.02580000 -0.30358225E+02  0.15167522E+00      0.00000000      0.00000000
  0.02600000 -0.30206100E+02  0.15015554E+00      0.00000000      0.00000000
  0.02620000 -0.30057726E+02  0.14862287E+00      0.00000000      0.00000000
  0.02640000 -0.29909477E+02  0.14701486E+00      0.00000000      0.00000000
  0.02660000 -0.29762365E+02  0.14552140E+00      0.00000000      0.00000000
  0.02680000 -0.29619234E+02  0.14403504E+00      0.00000000      0.00000000
  0.02700000 -0.29475864E+02  0.14255005E+00      0.00000000      0.00000000
  0.02720000 -0.29333805E+02  0.14108184E+00      0.00000000      0.00000000
  0.02740000 -0.29192568E+02  0.13965559E+00      0.00000000      0.00000000
  0.02760000 -0.29053230E+02  0.13827020E+00      0.00000000      0.00000000
  0.02780000 -0.28915211E+02  0.13686553E+00      0.00000000      0.00000000
  0.02800000 -0.28780973E+02  0.13552883E+00      0.00000000      0.00000000
  0.02820000 -0.28645666E+02  0.13420653E+00      0.00000000      0.00000000
  0.02840000 -0.28512320E+02  0.13291916E+00      0.00000000      0.00000000
  0.02860000 -0.28378691E+02  0.13162494E+00      0.00000000      0.00000000
  0.02880000 -0.28248142E+02  0.13035554E+00      0.00000000      0.00000000
  0.02900000 -0.28118553E+02  0.12908033E+00      0.00000000      0.00000000
  0.02920000 -0.27990774E+02  0.12782648E+00      0.00000000      0.00000000
  0.02940000 -0.27862959E+02  0.12657061E+00      0.00000000      0.00000000
  0.02959999 -0.27738670E+02  0.12545136E+00      0.00000000      0.00000000
  0.02980000 -0.27613783E+02  0.12420028E+00      0.00000000      0.00000000
  0.03000000 -0.27490671E+02  0.12303615E+00      0.00000000      0.00000000
  0.03020000 -0.27366982E+02  0.12187672E+00      0.00000000      0.00000000
  0.03040000 -0.27246696E+02  0.12077835E+00      0.00000000      0.00000000
  0.03060000 -0.27127907E+02  0.11969021E+00      0.00000000      0.00000000
  0.03080000 -0.27006855E+02  0.11852649E+00      0.00000000      0.00000000
  0.03100000 -0.26888950E+02  0.11739838E+00      0.00000000      0.00000000
  0.03120000 -0.26771496E+02  0.11628014E+00      0.00000000      0.00000000
  0.03140000 -0.26655403E+02  0.11528710E+00      0.00000000      0.00000000
  0.03160000 -0.26540705E+02  0.11417484E+00      0.00000000      0.00000000
  0.03179999 -0.26426952E+02  0.11317453E+00      0.00000000      0.00000000
  0.03200001 -0.26313744E+02  0.11216325E+00      0.00000000      0.00000000
  0.03220000 -0.26203407E+02  0.11119917E+00      0.00000000      0.00000000
  0.03240000 -0.26092363E+02  0.11016516E+00      0.00000000      0.00000000
  0.03260000 -0.25982254E+02  0.10916397E+00      0.00000000      0.00000000
  0.03280000 -0.25873787E+02  0.10822409E+00      0.00000000      0.00000000
  0.03300000 -0.25765562E+02  0.10725102E+00      0.00000000      0.00000000
  0.03320000 -0.25660059E+02  0.10635296E+00      0.00000000      0.00000000
  0.03340000 -0.25553486E+02  0.10542651E+00      0.00000000      0.00000000
  0.03360000 -0.25448326E+02  0.10446069E+00      0.00000000      0.00000000
  0.03380000 -0.25344669E+02  0.10350098E+00      0.00000000      0.00000000
  0.03399999 -0.25240578E+02  0.10266727E+00      0.00000000      0.00000000
  0.03420001 -0.25136795E+02  0.10170408E+00      0.00000000      0.00000000
  0.03440000 -0.25037533E+02  0.10090435E+00      0.00000000      0.00000000
  0.03460000 -0.24936398E+02  0.10006741E+00      0.00000000      0.00000000
  0.03479999 -0.24837479E+02  0.99224940E-01      0.00000000      0.00000000
  0.03500000 -0.24737680E+02  0.98408788E-01      0.00000000      0.00000000
  0.03520000 -0.24640852E+02  0.97556010E-01      0.00000000      0.00000000
  0.03540000 -0.24543480E+02  0.96746415E-01      0.00000000      0.00000000
  0.03560000 -0.24447495E+02  0.95868662E-01      0.00000000      0.00000000
  0.03580000 -0.24351805E+02  0.95091417E-01      0.00000000      0.00000000
  0.03600000 -0.24256035E+02  0.94295382E-01      0.00000000      0.00000000
  0.03619999 -0.24161266E+02  0.93544468E-01      0.00000000      0.00000000
  0.03640000 -0.24068756E+02  0.92757240E-01      0.00000000      0.00000000
  0.03660000 -0.23977421E+02  0.92028171E-01      0.00000000      0.00000000
  0.03680000 -0.23885771E+02  0.91304988E-01      0.00000000      0.00000000
  0.03700000 -0.23794550E+02  0.90538636E-01      0.00000000      0.00000000
  0.03720000 -0.23704521E+02  0.89792758E-01      0.00000000      0.00000000
  0.03740000 -0.23615677E+02  0.89090005E-01      0.00000000      0.00000000
  0.03760000 -0.23527065E+02  0.88365346E-01      0.00000000      0.00000000
  0.03780000 -0.23439560E+02  0.87655708E-01      0.00000000      0.00000000
  0.03800000 -0.23351135E+02  0.86984113E-01      0.00000000      0.00000000
  0.03820000 -0.23265244E+02  0.86301267E-01      0.00000000      0.00000000
  0.03839999 -0.23179379E+02  0.85592493E-01      0.00000000      0.00000000
  0.03860000 -0.23093203E+02  0.84936962E-01      0.00000000      0.00000000
  0.03880000 -0.23009062E+02  0.84260628E-01      0.00000000      0.00000000
  0.03900000 -0.22924644E+02  0.83586335E-01      0.00000000      0.00000000
  0.03920000 -0.22841654E+02  0.82961380E-01      0.00000000      0.00000000
  0.03940000 -0.22759361E+02  0.82310438E-01      0.00000000      0.00000000
  0.03960000 -0.22678015E+02  0.81665337E-01      0.00000000      0.00000000
  0.03980000 -0.22596100E+02  0.81025571E-01      0.00000000      0.00000000
  0.04000000 -0.22515305E+02  0.80418184E-01      0.00000000      0.00000000
  0.04020000 -0.22434956E+02  0.79805650E-01      0.00000000      0.00000000
  0.04040000 -0.22355469E+02  0.79203933E-01      0.00000000      0.00000000
  0.04060000 -0.22275215E+02  0.78583121E-01      0.00000000      0.00000000
  0.04080000 -0.22197826E+02  0.78001536E-01      0.00000000      0.00000000
  0.04100000 -0.22119877E+02  0.77412374E-01      0.00000000      0.00000000
  0.04120000 -0.22042263E+02  0.76861359E-01      0.00000000      0.00000000
  0.04140000 -0.21966080E+02  0.76259010E-01      0.00000000      0.00000000
  0.04160000 -0.21889862E+02  0.75697869E-01      0.00000000      0.00000000
  0.04180000 -0.21815861E+02  0.75137027E-01      0.00000000      0.00000000
  0.04200000 -0.21740730E+02  0.74619532E-01      0.00000000      0.00000000
  0.04220000 -0.21666035E+02  0.74055411E-01      0.00000000      0.00000000
  0.04240000 -0.21592163E+02  0.73520623E-01      0.00000000      0.00000000
  0.04260000 -0.21519480E+02  0.72986953E-01      0.00000000      0.00000000
  0.04280000 -0.21446383E+02  0.72460599E-01      0.00000000      0.00000000
  0.04300000 -0.21374060E+02  0.71908586E-01      0.00000000      0.00000000
  0.04320000 -0.21302849E+02  0.71390674E-01      0.00000000      0.00000000
  0.04340000 -0.21230356E+02  0.70852533E-01      0.00000000      0.00000000
  0.04360000 -0.21160872E+02  0.70367686E-01      0.00000000      0.00000000
  0.04380000 -0.21091534E+02  0.69903985E-01      0.00000000      0.00000000
  0.04400000 -0.21021919E+02  0.69392316E-01      0.00000000      0.00000000
  0.04420000 -0.20951796E+02  0.68894111E-01      0.00000000      0.00000000
  0.04440000 -0.20881773E+02  0.68396911E-01      0.00000000      0.00000000
  0.04460000 -0.20814161E+02  0.67915678E-01      0.00000000      0.00000000
  0.04480000 -0.20746807E+02  0.67467935E-01      0.00000000      0.00000000
  0.04500000 -0.20679852E+02  0.66989809E-01      0.00000000      0.00000000
  0.04520000 -0.20613358E+02  0.66550985E-01      0.00000000      0.00000000
  0.04539999 -0.20546272E+02  0.66060446E-01      0.00000000      0.00000000
  0.04560000 -0.20480183E+02  0.65582000E-01      0.00000000      0.00000000
  0.04580000 -0.20415501E+02  0.65142132E-01      0.00000000      0.00000000
  0.04600000 -0.20350838E+02  0.64701289E-01      0.00000000      0.00000000
  0.04620000 -0.20287188E+02  0.64233445E-01      0.00000000      0.00000000
  0.04640000 -0.20222939E+02  0.63805155E-01      0.00000000      0.00000000
  0.04660000 -0.20159294E+02  0.63371509E-01      0.00000000      0.00000000
  0.04680000 -0.20096340E+02  0.62932670E-01      0.00000000      0.00000000
  0.04700000 -0.20033047E+02  0.62510818E-01      0.00000000      0.00000000
  0.04720000 -0.19970936E+02  0.62114112E-01      0.00000000      0.00000000
  0.04740000 -0.19908983E+02  0.61675251E-01      0.00000000      0.00000000
  0.04759999 -0.19846514E+02  0.61258137E-01      0.00000000      0.00000000
  0.04780000 -0.19784431E+02  0.60828071E-01      0.00000000      0.00000000
  0.04800000 -0.19724672E+02  0.60466480E-01      0.00000000      0.00000000
  0.04820000 -0.19664551E+02  0.60068462E-01      0.00000000      0.00000000
  0.04840000 -0.19604446E+02  0.59643116E-01      0.00000000      0.00000000
  0.04860000 -0.19544849E+02  0.59271444E-01      0.00000000      0.00000000
  0.04880000 -0.19485641E+02  0.58888216E-01      0.00000000      0.00000000
  0.04899999 -0.19426973E+02  0.58492798E-01      0.00000000      0.00000000
  0.04920000 -0.19368313E+02  0.58098301E-01      0.00000000      0.00000000
  0.04940000 -0.19310612E+02  0.57740312E-01      0.00000000      0.00000000
  0.04960000 -0.19253616E+02  0.57358842E-01      0.00000000      0.00000000
  0.04979999 -0.19197121E+02  0.56990858E-01      0.00000000      0.00000000
  0.05000000 -0.19140430E+02  0.56617163E-01      0.00000000      0.00000000
  0.05020000 -0.19084150E+02  0.56279831E-01      0.00000000      0.00000000
  0.05040000 -0.19027920E+02  0.55897266E-01      0.00000000      0.00000000
  0.05060000 -0.18971907E+02  0.55562925E-01      0.00000000      0.00000000
  0.05080000 -0.18916464E+02  0.55195160E-01      0.00000000      0.00000000
  0.05100000 -0.18861811E+02  0.54867078E-01      0.00000000      0.00000000
  0.05119999 -0.18806908E+02  0.54519612E-01      0.00000000      0.00000000
  0.05140000 -0.18752335E+02  0.54153755E-01      0.00000000      0.00000000
  0.05160000 -0.18698311E+02  0.53802792E-01      0.00000000      0.00000000
  0.05180000 -0.18644718E+02  0.53465545E-01      0.00000000      0.00000000
  0.05199999 -0.18591715E+02  0.53126715E-01      0.00000000      0.00000000
  0.05220000 -0.18538557E+02  0.52800629E-01      0.00000000      0.00000000
  0.05240000 -0.18484932E+02  0.52502189E-01      0.00000000      0.00000000
  0.05260000 -0.18433102E+02  0.52161079E-01      0.00000000      0.00000000
  0.05280000 -0.18381458E+02  0.51846609E-01      0.00000000      0.00000000
  0.05300000 -0.18329754E+02  0.51515419E-01      0.00000000      0.00000000
  0.05320000 -0.18278301E+02  0.51186252E-01      0.00000000      0.00000000
  0.05339999 -0.18226599E+02  0.50915323E-01      0.00000000      0.00000000
  0.05360000 -0.18175465E+02  0.50584655E-01      0.00000000      0.00000000
  0.05380000 -0.18125240E+02  0.50263803E-01      0.00000000      0.00000000
  0.05400000 -0.18075462E+02  0.49971573E-01      0.00000000      0.00000000
  0.05420000 -0.18025707E+02  0.49654767E-01      0.00000000      0.00000000
  0.05440000 -0.17976593E+02  0.49369421E-01      0.00000000      0.00000000
  0.05460000 -0.17927660E+02  0.49100444E-01      0.00000000      0.00000000
  0.05480000 -0.17879204E+02  0.48789963E-01      0.00000000      0.00000000
  0.05500000 -0.17830402E+02  0.48493452E-01      0.00000000      0.00000000
  0.05520000 -0.17781618E+02  0.48207693E-01      0.00000000      0.00000000
  0.05540000 -0.17733187E+02  0.47922902E-01      0.00000000      0.00000000
  0.05560000 -0.17685946E+02  0.47634415E-01      0.00000000      0.00000000
  0.05580000 -0.17638180E+02  0.47352824E-01      0.00000000      0.00000000
  0.05600000 -0.17591570E+02  0.47076195E-01      0.00000000      0.00000000
  0.05620000 -0.17545015E+02  0.46798386E-01      0.00000000      0.00000000
  0.05640000 -0.17498203E+02  0.46545707E-01      0.00000000      0.00000000
  0.05660000 -0.17451870E+02  0.46284519E-01      0.00000000      0.00000000
  0.05680000 -0.17406357E+02  0.46019927E-01      0.00000000      0.00000000
  0.05700000 -0.17359812E+02  0.45766540E-01      0.00000000      0.00000000
  0.05720000 -0.17314167E+02  0.45487791E-01      0.00000000      0.00000000
  0.05740000 -0.17268425E+02  0.45225620E-01      0.00000000      0.00000000
  0.05760000 -0.17223730E+02  0.44951353E-01      0.00000000      0.00000000
  0.05780000 -0.17178600E+02  0.44702832E-01      0.00000000      0.00000000
  0.05800000 -0.17134411E+02  0.44419792E-01      0.00000000      0.00000000
  0.05819999 -0.17090467E+02  0.44184804E-01      0.00000000      0.00000000
  0.05840000 -0.17045904E+02  0.43935105E-01      0.00000000      0.00000000
  0.05860000 -0.17001987E+02  0.43674592E-01      0.00000000      0.00000000
  0.05880000 -0.16958479E+02  0.43422468E-01      0.00000000      0.00000000
  0.05900000 -0.16915195E+02  0.43192126E-01      0.00000000      0.00000000
  0.05920000 -0.16871788E+02  0.42944010E-01      0.00000000      0.00000000
  0.05940000 -0.16829102E+02  0.42702802E-01      0.00000000      0.00000000
  0.05960000 -0.16786898E+02  0.42461641E-01      0.00000000      0.00000000
  0.05980000 -0.16744820E+02  0.42221628E-01      0.00000000      0.00000000
  0.06000000 -0.16702324E+02  0.41997761E-01      0.00000000      0.00000000
  0.06020000 -0.16660255E+02  0.41760605E-01      0.00000000      0.00000000
  0.06039999 -0.16618525E+02  0.41515492E-01      0.00000000      0.00000000
  0.06060000 -0.16576843E+02  0.41286543E-01      0.00000000      0.00000000
  0.06080000 -0.16535906E+02  0.41079953E-01      0.00000000      0.00000000
  0.06100000 -0.16495342E+02  0.40867232E-01      0.00000000      0.00000000
  0.06119999 -0.16454489E+02  0.40646702E-01      0.00000000      0.00000000
  0.06140000 -0.16413687E+02  0.40398479E-01      0.00000000      0.00000000
  0.06160000 -0.16373529E+02  0.40187612E-01      0.00000000      0.00000000
  0.06180000 -0.16333900E+02  0.39966390E-01      0.00000000      0.00000000
  0.06200000 -0.16294003E+02  0.39737996E-01      0.00000000      0.00000000
  0.06220000 -0.16254358E+02  0.39532878E-01      0.00000000      0.00000000
  0.06240000 -0.16215050E+02  0.39324258E-01      0.00000000      0.00000000
  0.06259999 -0.16175463E+02  0.39104495E-01      0.00000000      0.00000000
  0.06280001 -0.16135855E+02  0.38888168E-01      0.00000000      0.00000000
  0.06300000 -0.16097891E+02  0.38702667E-01      0.00000000      0.00000000
  0.06320000 -0.16059290E+02  0.38494438E-01      0.00000000      0.00000000
  0.06339999 -0.16020708E+02  0.38287427E-01      0.00000000      0.00000000
  0.06360000 -0.15982731E+02  0.38098022E-01      0.00000000      0.00000000
  0.06380000 -0.15944874E+02  0.37894160E-01      0.00000000      0.00000000
  0.06400000 -0.15907080E+02  0.37690315E-01      0.00000000      0.00000000
  0.06420000 -0.15869184E+02  0.37488289E-01      0.00000000      0.00000000
  0.06440000 -0.15831314E+02  0.37284140E-01      0.00000000      0.00000000
  0.06460000 -0.15794807E+02  0.37110869E-01      0.00000000      0.00000000
  0.06479999 -0.15757585E+02  0.36909238E-01      0.00000000      0.00000000
  0.06500000 -0.15720306E+02  0.36716387E-01      0.00000000      0.00000000
  0.06520000 -0.15684017E+02  0.36520243E-01      0.00000000      0.00000000
  0.06540000 -0.15647678E+02  0.36341421E-01      0.00000000      0.00000000
  0.06559999 -0.15611245E+02  0.36171786E-01      0.00000000      0.00000000
  0.06580000 -0.15575274E+02  0.35959728E-01      0.00000000      0.00000000
  0.06600000 -0.15539087E+02  0.35785876E-01      0.00000000      0.00000000
  0.06620000 -0.15503160E+02  0.35573155E-01      0.00000000      0.00000000
  0.06640000 -0.15467079E+02  0.35409860E-01      0.00000000      0.00000000
  0.06660000 -0.15431679E+02  0.35219699E-01      0.00000000      0.00000000
  0.06680001 -0.15396740E+02  0.35041131E-01      0.00000000      0.00000000
  0.06699999 -0.15362360E+02  0.34862585E-01      0.00000000      0.00000000
  0.06720000 -0.15327632E+02  0.34698185E-01      0.00000000      0.00000000
  0.06739999 -0.15293669E+02  0.34533534E-01      0.00000000      0.00000000
  0.06760000 -0.15259362E+02  0.34352347E-01      0.00000000      0.00000000
  0.06780000 -0.15224876E+02  0.34173399E-01      0.00000000      0.00000000
  0.06800000 -0.15190521E+02  0.34009907E-01      0.00000000      0.00000000
  0.06820000 -0.15156837E+02  0.33835016E-01      0.00000000      0.00000000
  0.06840000 -0.15123260E+02  0.33663593E-01      0.00000000      0.00000000
  0.06859999 -0.15089303E+02  0.33486351E-01      0.00000000      0.00000000
  0.06880000 -0.15055892E+02  0.33331297E-01      0.00000000      0.00000000
  0.06900001 -0.15022877E+02  0.33167690E-01      0.00000000      0.00000000
  0.06919999 -0.14989857E+02  0.32992586E-01      0.00000000      0.00000000
  0.06940000 -0.14957144E+02  0.32827981E-01      0.00000000      0.00000000
  0.06960000 -0.14924418E+02  0.32650940E-01      0.00000000      0.00000000
  0.06980000 -0.14891850E+02  0.32512009E-01      0.00000000      0.00000000
  0.07000000 -0.14859693E+02  0.32349244E-01      0.00000000      0.00000000
  0.07020000 -0.14827071E+02  0.32200299E-01      0.00000000      0.00000000
  0.07040000 -0.14794314E+02  0.32039009E-01      0.00000000      0.00000000
  0.07060000 -0.14762323E+02  0.31874888E-01      0.00000000      0.00000000
  0.07079999 -0.14730667E+02  0.31720214E-01      0.00000000      0.00000000
  0.07099999 -0.14699008E+02  0.31569459E-01      0.00000000      0.00000000
  0.07120001 -0.14667421E+02  0.31421080E-01      0.00000000      0.00000000
  0.07139999 -0.14636519E+02  0.31282969E-01      0.00000000      0.00000000
  0.07160000 -0.14605427E+02  0.31145327E-01      0.00000000      0.00000000
  0.07180000 -0.14574218E+02  0.30979248E-01      0.00000000      0.00000000
  0.07200000 -0.14543580E+02  0.30851325E-01      0.00000000      0.00000000
  0.07220000 -0.14512877E+02  0.30677898E-01      0.00000000      0.00000000
  0.07239999 -0.14482371E+02  0.30538311E-01      0.00000000      0.00000000
  0.07260000 -0.14451718E+02  0.30376198E-01      0.00000000      0.00000000
  0.07280000 -0.14421074E+02  0.30245414E-01      0.00000000      0.00000000
  0.07299999 -0.14391123E+02  0.30108549E-01      0.00000000      0.00000000
  0.07319999 -0.14361031E+02  0.29955344E-01      0.00000000      0.00000000
  0.07340001 -0.14331221E+02  0.29816547E-01      0.00000000      0.00000000
  0.07359999 -0.14301386E+02  0.29687993E-01      0.00000000      0.00000000
  0.07380000 -0.14271850E+02  0.29541343E-01      0.00000000      0.00000000
  0.07400000 -0.14242551E+02  0.29400809E-01      0.00000000      0.00000000
  0.07420000 -0.14212879E+02  0.29255770E-01      0.00000000      0.00000000
  0.07440000 -0.14183436E+02  0.29124934E-01      0.00000000      0.00000000
  0.07460000 -0.14154075E+02  0.28986014E-01      0.00000000      0.00000000
  0.07480000 -0.14125145E+02  0.28854968E-01      0.00000000      0.00000000
  0.07500000 -0.14096741E+02  0.28744165E-01      0.00000000      0.00000000
  0.07519999 -0.14068232E+02  0.28603632E-01      0.00000000      0.00000000
  0.07539999 -0.14039632E+02  0.28461138E-01      0.00000000      0.00000000
  0.07560000 -0.14011516E+02  0.28314807E-01      0.00000000      0.00000000
  0.07579999 -0.13983042E+02  0.28193450E-01      0.00000000      0.00000000
  0.07600000 -0.13954748E+02  0.28066482E-01      0.00000000      0.00000000
  0.07620000 -0.13926683E+02  0.27935699E-01      0.00000000      0.00000000
  0.07640000 -0.13898910E+02  0.27798168E-01      0.00000000      0.00000000
  0.07660000 -0.13871387E+02  0.27673360E-01      0.00000000      0.00000000
  0.07680000 -0.13843578E+02  0.27572852E-01      0.00000000      0.00000000
  0.07699999 -0.13816036E+02  0.27453259E-01      0.00000000      0.00000000
  0.07720000 -0.13788452E+02  0.27321242E-01      0.00000000      0.00000000
  0.07739999 -0.13761422E+02  0.27204745E-01      0.00000000      0.00000000
  0.07759999 -0.13734261E+02  0.27090888E-01      0.00000000      0.00000000
  0.07780000 -0.13707128E+02  0.26962537E-01      0.00000000      0.00000000
  0.07799999 -0.13679973E+02  0.26825462E-01      0.00000000      0.00000000
  0.07820000 -0.13653732E+02  0.26727259E-01      0.00000000      0.00000000
  0.07840000 -0.13627085E+02  0.26587632E-01      0.00000000      0.00000000
  0.07860000 -0.13600196E+02  0.26459724E-01      0.00000000      0.00000000
  0.07880000 -0.13573817E+02  0.26354656E-01      0.00000000      0.00000000
  0.07900000 -0.13547318E+02  0.26236799E-01      0.00000000      0.00000000
  0.07919999 -0.13521353E+02  0.26129253E-01      0.00000000      0.00000000
  0.07940000 -0.13495517E+02  0.26003089E-01      0.00000000      0.00000000
  0.07960001 -0.13469501E+02  0.25896961E-01      0.00000000      0.00000000
  0.07979999 -0.13443973E+02  0.25778208E-01      0.00000000      0.00000000
