 -0.04000000  0.13993815E+02  0.50982311E-01      0.00000000      0.00000000
 -0.03980000  0.14044902E+02  0.51324770E-01      0.00000000      0.00000000
 -0.03960000  0.14096544E+02  0.51714778E-01      0.00000000      0.00000000
 -0.03940000  0.14148314E+02  0.52059695E-01      0.00000000      0.00000000
 -0.03920000  0.14200994E+02  0.52429646E-01      0.00000000      0.00000000
 -0.03900000  0.14252469E+02  0.52759528E-01      0.00000000      0.00000000
 -0.03880000  0.14305307E+02  0.53153068E-01      0.00000000      0.00000000
 -0.03860000  0.14358706E+02  0.53535864E-01      0.00000000      0.00000000
 -0.03840000  0.14412382E+02  0.53900331E-01      0.00000000      0.00000000
 -0.03820000  0.14466931E+02  0.54317370E-01      0.00000000      0.00000000
 -0.03800000  0.14521126E+02  0.54698288E-01      0.00000000      0.00000000
 -0.03780000  0.14575626E+02  0.55086523E-01      0.00000000      0.00000000
 -0.03760000  0.14631540E+02  0.55493236E-01      0.00000000      0.00000000
 -0.03740000  0.14686947E+02  0.55884406E-01      0.00000000      0.00000000
 -0.03720000  0.14742836E+02  0.56318164E-01      0.00000000      0.00000000
 -0.03700000  0.14799295E+02  0.56697577E-01      0.00000000      0.00000000
 -0.03680000  0.14855827E+02  0.57135701E-01      0.00000000      0.00000000
 -0.03660000  0.14913765E+02  0.57549089E-01      0.00000000      0.00000000
 -0.03640000  0.14972042E+02  0.57978749E-01      0.00000000      0.00000000
 -0.03620000  0.15029942E+02  0.58394849E-01      0.00000000      0.00000000
 -0.03600000  0.15088285E+02  0.58849543E-01      0.00000000      0.00000000
 -0.03580000  0.15147516E+02  0.59290200E-01      0.00000000      0.00000000
 -0.03560000  0.15207232E+02  0.59734613E-01      0.00000000      0.00000000
 -0.03540000  0.15266815E+02  0.60187340E-01      0.00000000      0.00000000
 -0.03520000  0.15327209E+02  0.60642809E-01      0.00000000      0.00000000
 -0.03500000  0.15387962E+02  0.61092675E-01      0.00000000      0.00000000
 -0.03480000  0.15448879E+02  0.61574519E-01      0.00000000      0.00000000
 -0.03460000  0.15510824E+02  0.62034577E-01      0.00000000      0.00000000
 -0.03440000  0.15573782E+02  0.62511355E-01      0.00000000      0.00000000
 -0.03420000  0.15636463E+02  0.62989116E-01      0.00000000      0.00000000
 -0.03400000  0.15698900E+02  0.63481271E-01      0.00000000      0.00000000
 -0.03380000  0.15762972E+02  0.63983202E-01      0.00000000      0.00000000
 -0.03360000  0.15827003E+02  0.64478010E-01      0.00000000      0.00000000
 -0.03340000  0.15891520E+02  0.64965606E-01      0.00000000      0.00000000
 -0.03320000  0.15957827E+02  0.65498263E-01      0.00000000      0.00000000
 -0.03300000  0.16022928E+02  0.66013068E-01      0.00000000      0.00000000
 -0.03280000  0.16088799E+02  0.66511840E-01      0.00000000      0.00000000
 -0.03260000  0.16155657E+02  0.67050338E-01      0.00000000      0.00000000
 -0.03240000  0.16223217E+02  0.67604870E-01      0.00000000      0.00000000
 -0.03220000  0.16291412E+02  0.68153024E-01      0.00000000      0.00000000
 -0.03200000  0.16359797E+02  0.68696141E-01      0.00000000      0.00000000
 -0.03180000  0.16428246E+02  0.69246650E-01      0.00000000      0.00000000
 -0.03160000  0.16497978E+02  0.69795430E-01      0.00000000      0.00000000
 -0.03140000  0.16568142E+02  0.70348561E-01      0.00000000      0.00000000
 -0.03120000  0.16638348E+02  0.70914328E-01      0.00000000      0.00000000
 -0.03100000  0.16709391E+02  0.71510077E-01      0.00000000      0.00000000
 -0.03080000  0.16780991E+02  0.72104096E-01      0.00000000      0.00000000
 -0.03060000  0.16854151E+02  0.72709262E-01      0.00000000      0.00000000
 -0.03040000  0.16926622E+02  0.73315620E-01      0.00000000      0.00000000
 -0.03020000  0.17000004E+02  0.73934555E-01      0.00000000      0.00000000
 -0.03000000  0.17074768E+02  0.74548185E-01      0.00000000      0.00000000
 -0.02980000  0.17149807E+02  0.75176656E-01      0.00000000      0.00000000
 -0.02960000  0.17225536E+02  0.75843692E-01      0.00000000      0.00000000
 -0.02940000  0.17301071E+02  0.76469660E-01      0.00000000      0.00000000
 -0.02920000  0.17377583E+02  0.77111661E-01      0.00000000      0.00000000
 -0.02900000  0.17454945E+02  0.77777028E-01      0.00000000      0.00000000
 -0.02880000  0.17532429E+02  0.78444958E-01      0.00000000      0.00000000
 -0.02860000  0.17612186E+02  0.79119921E-01      0.00000000      0.00000000
 -0.02840000  0.17691795E+02  0.79826713E-01      0.00000000      0.00000000
 -0.02820000  0.17772209E+02  0.80522418E-01      0.00000000      0.00000000
 -0.02800000  0.17853153E+02  0.81228971E-01      0.00000000      0.00000000
 -0.02780000  0.17935570E+02  0.81917524E-01      0.00000000      0.00000000
 -0.02760000  0.18017200E+02  0.82656264E-01      0.00000000      0.00000000
 -0.02740000  0.18099674E+02  0.83382010E-01      0.00000000      0.00000000
 -0.02720000  0.18183842E+02  0.84150791E-01      0.00000000      0.00000000
 -0.02700000  0.18268410E+02  0.84905267E-01      0.00000000      0.00000000
 -0.02680000  0.18353928E+02  0.85633755E-01      0.00000000      0.00000000
 -0.02660000  0.18439590E+02  0.86415291E-01      0.00000000      0.00000000
 -0.02640000  0.18527206E+02  0.87227821E-01      0.00000000      0.00000000
 -0.02620000  0.18613277E+02  0.87998629E-01      0.00000000      0.00000000
 -0.02600000  0.18701740E+02  0.88793278E-01      0.00000000      0.00000000
 -0.02580000  0.18791222E+02  0.89617968E-01      0.00000000      0.00000000
 -0.02560000  0.18881889E+02  0.90490103E-01      0.00000000      0.00000000
 -0.02540000  0.18973076E+02  0.91304302E-01      0.00000000      0.00000000
 -0.02520000  0.19063873E+02  0.92136383E-01      0.00000000      0.00000000
 -0.02500000  0.19157654E+02  0.93000412E-01      0.00000000      0.00000000
 -0.02480000  0.19251404E+02  0.93901157E-01      0.00000000      0.00000000
 -0.02460000  0.19345337E+02  0.94789982E-01      0.00000000      0.00000000
 -0.02440000  0.19440704E+02  0.95686913E-01      0.00000000      0.00000000
 -0.02420000  0.19537468E+02  0.96630096E-01      0.00000000      0.00000000
 -0.02400000  0.19635071E+02  0.97554207E-01      0.00000000      0.00000000
 -0.02380000  0.19732239E+02  0.98470688E-01      0.00000000      0.00000000
 -0.02360000  0.19830063E+02  0.99414825E-01      0.00000000      0.00000000
 -0.02340000  0.19929077E+02  0.10039902E+00      0.00000000      0.00000000
 -0.02320000  0.20030334E+02  0.10139465E+00      0.00000000      0.00000000
 -0.02300000  0.20131973E+02  0.10240173E+00      0.00000000      0.00000000
 -0.02280000  0.20235809E+02  0.10339355E+00      0.00000000      0.00000000
 -0.02260000  0.20339706E+02  0.10449219E+00      0.00000000      0.00000000
 -0.02240000  0.20444443E+02  0.10549927E+00      0.00000000      0.00000000
 -0.02220000  0.20550598E+02  0.10655212E+00      0.00000000      0.00000000
 -0.02200000  0.20659195E+02  0.10763550E+00      0.00000000      0.00000000
 -0.02180000  0.20767658E+02  0.10874557E+00      0.00000000      0.00000000
 -0.02160000  0.20877487E+02  0.10983658E+00      0.00000000      0.00000000
 -0.02140000  0.20987997E+02  0.11096954E+00      0.00000000      0.00000000
 -0.02120000  0.21098915E+02  0.11209297E+00      0.00000000      0.00000000
 -0.02100000  0.21211384E+02  0.11328888E+00      0.00000000      0.00000000
 -0.02080000  0.21325027E+02  0.11443901E+00      0.00000000      0.00000000
 -0.02060000  0.21439156E+02  0.11561584E+00      0.00000000      0.00000000
 -0.02040000  0.21555916E+02  0.11684418E+00      0.00000000      0.00000000
 -0.02020000  0.21674103E+02  0.11809349E+00      0.00000000      0.00000000
 -0.02000000  0.21792847E+02  0.11935425E+00      0.00000000      0.00000000
 -0.01980000  0.21913330E+02  0.12062836E+00      0.00000000      0.00000000
 -0.01960000  0.22035538E+02  0.12194824E+00      0.00000000      0.00000000
 -0.01940000  0.22157990E+02  0.12326050E+00      0.00000000      0.00000000
 -0.01920000  0.22280003E+02  0.12451172E+00      0.00000000      0.00000000
 -0.01900000  0.22405289E+02  0.12594604E+00      0.00000000      0.00000000
 -0.01880000  0.22531548E+02  0.12734222E+00      0.00000000      0.00000000
 -0.01860000  0.22659405E+02  0.12876892E+00      0.00000000      0.00000000
 -0.01840000  0.22790827E+02  0.13023758E+00      0.00000000      0.00000000
 -0.01820000  0.22920628E+02  0.13166809E+00      0.00000000      0.00000000
 -0.01800000  0.23054169E+02  0.13313293E+00      0.00000000      0.00000000
 -0.01780000  0.23188965E+02  0.13468933E+00      0.00000000      0.00000000
 -0.01760000  0.23324089E+02  0.13619995E+00      0.00000000      0.00000000
 -0.01740000  0.23458740E+02  0.13772583E+00      0.00000000      0.00000000
 -0.01720000  0.23594116E+02  0.13923645E+00      0.00000000      0.00000000
 -0.01700000  0.23734390E+02  0.14088440E+00      0.00000000      0.00000000
 -0.01680000  0.23878372E+02  0.14255905E+00      0.00000000      0.00000000
 -0.01660000  0.24022621E+02  0.14423752E+00      0.00000000      0.00000000
 -0.01640000  0.24167717E+02  0.14592552E+00      0.00000000      0.00000000
 -0.01620000  0.24313446E+02  0.14767265E+00      0.00000000      0.00000000
 -0.01600000  0.24462265E+02  0.14945602E+00      0.00000000      0.00000000
 -0.01580000  0.24612612E+02  0.15126038E+00      0.00000000      0.00000000
 -0.01560000  0.24764225E+02  0.15305901E+00      0.00000000      0.00000000
 -0.01540000  0.24915554E+02  0.15489006E+00      0.00000000      0.00000000
 -0.01520000  0.25072102E+02  0.15680122E+00      0.00000000      0.00000000
 -0.01500000  0.25231373E+02  0.15873337E+00      0.00000000      0.00000000
 -0.01480000  0.25392876E+02  0.16070557E+00      0.00000000      0.00000000
 -0.01460000  0.25553223E+02  0.16268921E+00      0.00000000      0.00000000
 -0.01440000  0.25717224E+02  0.16479492E+00      0.00000000      0.00000000
 -0.01420000  0.25881577E+02  0.16677856E+00      0.00000000      0.00000000
 -0.01400000  0.26050293E+02  0.16897583E+00      0.00000000      0.00000000
 -0.01380000  0.26221420E+02  0.17116547E+00      0.00000000      0.00000000
 -0.01360000  0.26392029E+02  0.17340088E+00      0.00000000      0.00000000
 -0.01340000  0.26565140E+02  0.17556381E+00      0.00000000      0.00000000
 -0.01320000  0.26741852E+02  0.17790413E+00      0.00000000      0.00000000
 -0.01300000  0.26922546E+02  0.18024731E+00      0.00000000      0.00000000
 -0.01280000  0.27104774E+02  0.18257427E+00      0.00000000      0.00000000
 -0.01260000  0.27289543E+02  0.18501282E+00      0.00000000      0.00000000
 -0.01240000  0.27475723E+02  0.18754721E+00      0.00000000      0.00000000
 -0.01220000  0.27665878E+02  0.19007635E+00      0.00000000      0.00000000
 -0.01200000  0.27854607E+02  0.19263315E+00      0.00000000      0.00000000
 -0.01180000  0.28048531E+02  0.19526196E+00      0.00000000      0.00000000
 -0.01160000  0.28245544E+02  0.19794989E+00      0.00000000      0.00000000
 -0.01140000  0.28446541E+02  0.20076442E+00      0.00000000      0.00000000
 -0.01120000  0.28646324E+02  0.20353627E+00      0.00000000      0.00000000
 -0.01100000  0.28850891E+02  0.20644641E+00      0.00000000      0.00000000
 -0.01080000  0.29062546E+02  0.20934367E+00      0.00000000      0.00000000
 -0.01060000  0.29273460E+02  0.21234107E+00      0.00000000      0.00000000
 -0.01040000  0.29484539E+02  0.21537542E+00      0.00000000      0.00000000
 -0.01020000  0.29702629E+02  0.21856666E+00      0.00000000      0.00000000
 -0.01000000  0.29926006E+02  0.22183359E+00      0.00000000      0.00000000
 -0.00980000  0.30147621E+02  0.22506058E+00      0.00000000      0.00000000
 -0.00960000  0.30372852E+02  0.22837698E+00      0.00000000      0.00000000
 -0.00940000  0.30605373E+02  0.23179555E+00      0.00000000      0.00000000
 -0.00920000  0.30837440E+02  0.23521507E+00      0.00000000      0.00000000
 -0.00900000  0.31073059E+02  0.23884571E+00      0.00000000      0.00000000
 -0.00880000  0.31316479E+02  0.24252844E+00      0.00000000      0.00000000
 -0.00860000  0.31560047E+02  0.24623227E+00      0.00000000      0.00000000
 -0.00840000  0.31806507E+02  0.25004530E+00      0.00000000      0.00000000
 -0.00820000  0.32058346E+02  0.25397921E+00      0.00000000      0.00000000
 -0.00800000  0.32315887E+02  0.25804389E+00      0.00000000      0.00000000
 -0.00780000  0.32575394E+02  0.26225394E+00      0.00000000      0.00000000
 -0.00760000  0.32844593E+02  0.26654673E+00      0.00000000      0.00000000
 -0.00740000  0.33112297E+02  0.27079695E+00      0.00000000      0.00000000
 -0.00720000  0.33385811E+02  0.27520353E+00      0.00000000      0.00000000
 -0.00700000  0.33660721E+02  0.27974653E+00      0.00000000      0.00000000
 -0.00680000  0.33941063E+02  0.28431404E+00      0.00000000      0.00000000
 -0.00660000  0.34229469E+02  0.28921396E+00      0.00000000      0.00000000
 -0.00640000  0.34516525E+02  0.29400820E+00      0.00000000      0.00000000
 -0.00620000  0.34812496E+02  0.29901654E+00      0.00000000      0.00000000
 -0.00600000  0.35114182E+02  0.30415517E+00      0.00000000      0.00000000
 -0.00580000  0.35422657E+02  0.30946565E+00      0.00000000      0.00000000
 -0.00560000  0.35734978E+02  0.31483942E+00      0.00000000      0.00000000
 -0.00540000  0.36052776E+02  0.32052121E+00      0.00000000      0.00000000
 -0.00520000  0.36378433E+02  0.32625043E+00      0.00000000      0.00000000
 -0.00500000  0.36708908E+02  0.33225271E+00      0.00000000      0.00000000
 -0.00480000  0.37042683E+02  0.33825612E+00      0.00000000      0.00000000
 -0.00460000  0.37387440E+02  0.34449878E+00      0.00000000      0.00000000
 -0.00440000  0.37731007E+02  0.35082701E+00      0.00000000      0.00000000
 -0.00420000  0.38084625E+02  0.35742033E+00      0.00000000      0.00000000
 -0.00400000  0.38443810E+02  0.36414698E+00      0.00000000      0.00000000
 -0.00380000  0.38814011E+02  0.37113887E+00      0.00000000      0.00000000
 -0.00360000  0.39188995E+02  0.37831077E+00      0.00000000      0.00000000
 -0.00340000  0.39569492E+02  0.38570040E+00      0.00000000      0.00000000
 -0.00320000  0.39954468E+02  0.39323843E+00      0.00000000      0.00000000
 -0.00300000  0.40350185E+02  0.40108109E+00      0.00000000      0.00000000
 -0.00280000  0.40755188E+02  0.40921521E+00      0.00000000      0.00000000
 -0.00260000  0.41169754E+02  0.41753244E+00      0.00000000      0.00000000
 -0.00240000  0.41589687E+02  0.42624667E+00      0.00000000      0.00000000
 -0.00220000  0.42015778E+02  0.43493196E+00      0.00000000      0.00000000
 -0.00200000  0.42459133E+02  0.44410536E+00      0.00000000      0.00000000
 -0.00180000  0.42910702E+02  0.45357373E+00      0.00000000      0.00000000
 -0.00160000  0.43367928E+02  0.46340731E+00      0.00000000      0.00000000
 -0.00140000  0.43835918E+02  0.47358859E+00      0.00000000      0.00000000
 -0.00120000  0.44316830E+02  0.48410130E+00      0.00000000      0.00000000
 -0.00100000  0.44810566E+02  0.49487066E+00      0.00000000      0.00000000
 -0.00080000  0.45308975E+02  0.50598454E+00      0.00000000      0.00000000
 -0.00060000  0.45814999E+02  0.51746845E+00      0.00000000      0.00000000
 -0.00040000  0.46341110E+02  0.52956474E+00      0.00000000      0.00000000
 -0.00020000  0.46876263E+02  0.54205531E+00      0.00000000      0.00000000
  0.00000000  0.47422794E+02  0.55498403E+00      0.00000000      0.00000000
  0.00020000  0.47986908E+02  0.56832516E+00      0.00000000      0.00000000
  0.00040000  0.48566048E+02  0.58200973E+00      0.00000000      0.00000000
  0.00060000  0.49162239E+02  0.59654963E+00      0.00000000      0.00000000
  0.00080000  0.49762520E+02  0.61140347E+00      0.00000000      0.00000000
  0.00100000  0.50384426E+02  0.62714171E+00      0.00000000      0.00000000
  0.00120000  0.51019695E+02  0.64326835E+00      0.00000000      0.00000000
  0.00140000  0.51668083E+02  0.66002542E+00      0.00000000      0.00000000
  0.00160000  0.52336056E+02  0.67739397E+00      0.00000000      0.00000000
  0.00180000  0.53017498E+02  0.69539332E+00      0.00000000      0.00000000
  0.00200000  0.53712173E+02  0.71409786E+00      0.00000000      0.00000000
  0.00220000  0.54446655E+02  0.73422217E+00      0.00000000      0.00000000
  0.00240000  0.55195953E+02  0.75481582E+00      0.00000000      0.00000000
  0.00260000  0.55962742E+02  0.77643275E+00      0.00000000      0.00000000
  0.00280000  0.56746132E+02  0.79897261E+00      0.00000000      0.00000000
  0.00300000  0.57562714E+02  0.82273483E+00      0.00000000      0.00000000
  0.00320000  0.58395779E+02  0.84747016E+00      0.00000000      0.00000000
  0.00340000  0.59232330E+02  0.87268877E+00      0.00000000      0.00000000
  0.00360000  0.60118828E+02  0.89956069E+00      0.00000000      0.00000000
  0.00380000  0.61034943E+02  0.92808193E+00      0.00000000      0.00000000
  0.00400000  0.61975464E+02  0.95763648E+00      0.00000000      0.00000000
  0.00420000  0.62949936E+02  0.98910266E+00      0.00000000      0.00000000
  0.00440000  0.63956966E+02  0.10221639E+01      0.00000000      0.00000000
  0.00460000  0.64999657E+02  0.10569222E+01      0.00000000      0.00000000
  0.00480000  0.66070702E+02  0.10936054E+01      0.00000000      0.00000000
  0.00500000  0.67188141E+02  0.11322932E+01      0.00000000      0.00000000
  0.00520000  0.68339523E+02  0.11731701E+01      0.00000000      0.00000000
  0.00540000  0.69523598E+02  0.12161415E+01      0.00000000      0.00000000
  0.00560000  0.70754395E+02  0.12616043E+01      0.00000000      0.00000000
  0.00580000  0.72049660E+02  0.13104080E+01      0.00000000      0.00000000
  0.00600000  0.73396332E+02  0.13622365E+01      0.00000000      0.00000000
  0.00620000  0.74793633E+02  0.14175854E+01      0.00000000      0.00000000
  0.00640000  0.76204315E+02  0.14745246E+01      0.00000000      0.00000000
  0.00660000  0.77712036E+02  0.15371506E+01      0.00000000      0.00000000
  0.00680000  0.79278160E+02  0.16038365E+01      0.00000000      0.00000000
  0.00700000  0.80936028E+02  0.16761436E+01      0.00000000      0.00000000
  0.00720000  0.82642380E+02  0.17522676E+01      0.00000000      0.00000000
  0.00740000  0.84431763E+02  0.18347547E+01      0.00000000      0.00000000
  0.00760000  0.86312538E+02  0.19234545E+01      0.00000000      0.00000000
  0.00780000  0.88265572E+02  0.20186911E+01      0.00000000      0.00000000
  0.00800000  0.90303665E+02  0.21210070E+01      0.00000000      0.00000000
  0.00820000  0.92485016E+02  0.22343912E+01      0.00000000      0.00000000
  0.00840000  0.94798164E+02  0.23581049E+01      0.00000000      0.00000000
  0.00860000  0.97238495E+02  0.24927602E+01      0.00000000      0.00000000
  0.00880000  0.99802765E+02  0.26395559E+01      0.00000000      0.00000000
  0.00900000  0.10252644E+03  0.28013563E+01      0.00000000      0.00000000
  0.00920000  0.10538557E+03  0.29790003E+01      0.00000000      0.00000000
  0.00940000  0.10847618E+03  0.31781650E+01      0.00000000      0.00000000
  0.00960000  0.11175693E+03  0.33980284E+01      0.00000000      0.00000000
  0.00980000  0.11524822E+03  0.36424279E+01      0.00000000      0.00000000
  0.01000000  0.11901463E+03  0.39196424E+01      0.00000000      0.00000000
  0.01020000  0.12309872E+03  0.42356563E+01      0.00000000      0.00000000
  0.01040000  0.12751753E+03  0.45948749E+01      0.00000000      0.00000000
  0.01060000  0.13226547E+03  0.50020733E+01      0.00000000      0.00000000
  0.01080000  0.13743871E+03  0.54739337E+01      0.00000000      0.00000000
  0.01100000  0.14320724E+03  0.60345707E+01      0.00000000      0.00000000
  0.01120000  0.14954802E+03  0.66913443E+01      0.00000000      0.00000000
  0.01140000  0.15657224E+03  0.74784403E+01      0.00000000      0.00000000
  0.01160000  0.16453009E+03  0.84388704E+01      0.00000000      0.00000000
  0.01180000  0.17351379E+03  0.96203651E+01      0.00000000      0.00000000
  0.01200000  0.18374893E+03  0.11097458E+02      0.00000000      0.00000000
  0.01220000  0.19552145E+03  0.12975792E+02      0.00000000      0.00000000
  0.01240000  0.20922745E+03  0.15421135E+02      0.00000000      0.00000000
  0.01260000  0.22570341E+03  0.18745071E+02      0.00000000      0.00000000
  0.01280000  0.24618967E+03  0.23499226E+02      0.00000000      0.00000000
  0.01300000  0.27226605E+03  0.30618301E+02      0.00000000      0.00000000
  0.01320000  0.30616772E+03  0.41800697E+02      0.00000000      0.00000000
  0.01340000  0.35242294E+03  0.60954197E+02      0.00000000      0.00000000
  0.01360000  0.42021313E+03  0.98521599E+02      0.00000000      0.00000000
  0.01380000  0.52268073E+03  0.18458089E+03      0.00000000      0.00000000
  0.01400000  0.65187073E+03  0.42636603E+03      0.00000000      0.00000000
  0.01420000  0.37926541E+03  0.10222910E+04      0.00000000      0.00000000
  0.01440000 -0.37629504E+03  0.69837531E+03      0.00000000      0.00000000
  0.01460000 -0.31711725E+03  0.27272046E+03      0.00000000      0.00000000
  0.01480000 -0.18973170E+03  0.13342178E+03      0.00000000      0.00000000
  0.01500000 -0.10294695E+03  0.80777512E+02      0.00000000      0.00000000
  0.01520000 -0.42288593E+02  0.56910431E+02      0.00000000      0.00000000
  0.01540000  0.56474409E+01  0.44652565E+02      0.00000000      0.00000000
  0.01560000  0.45483109E+02  0.38673454E+02      0.00000000      0.00000000
  0.01580000  0.81521851E+02  0.36474586E+02      0.00000000      0.00000000
  0.01600000  0.11679618E+03  0.37165035E+02      0.00000000      0.00000000
  0.01619999  0.15375317E+03  0.40772480E+02      0.00000000      0.00000000
  0.01640000  0.19606216E+03  0.48381390E+02      0.00000000      0.00000000
  0.01660000  0.24771727E+03  0.62618534E+02      0.00000000      0.00000000
  0.01680000  0.31525012E+03  0.89851395E+02      0.00000000      0.00000000
  0.01700000  0.41099255E+03  0.14843541E+03      0.00000000      0.00000000
  0.01720000  0.55081525E+03  0.30539050E+03      0.00000000      0.00000000
  0.01740000  0.58234961E+03  0.78374121E+03      0.00000000      0.00000000
  0.01760000 -0.23736337E+03  0.97828247E+03      0.00000000      0.00000000
  0.01780000 -0.38374329E+03  0.40418982E+03      0.00000000      0.00000000
  0.01800000 -0.22867273E+03  0.19788187E+03      0.00000000      0.00000000
  0.01820000 -0.99698792E+02  0.13212631E+03      0.00000000      0.00000000
  0.01840000  0.88330765E+01  0.11811804E+03      0.00000000      0.00000000
  0.01860000  0.11971922E+03  0.13944629E+03      0.00000000      0.00000000
  0.01880000  0.25444693E+03  0.22065848E+03      0.00000000      0.00000000
  0.01900000  0.40523431E+03  0.48503839E+03      0.00000000      0.00000000
  0.01920000  0.59875763E+02  0.10760975E+04      0.00000000      0.00000000
  0.01940000 -0.61821277E+03  0.66975916E+03      0.00000000      0.00000000
  0.01960000 -0.52846582E+03  0.26792505E+03      0.00000000      0.00000000
  0.01980000 -0.39694037E+03  0.13650220E+03      0.00000000      0.00000000
  0.02000000 -0.30578986E+03  0.84333939E+02      0.00000000      0.00000000
  0.02020000 -0.24155125E+03  0.59801476E+02      0.00000000      0.00000000
  0.02040000 -0.19157585E+03  0.46658897E+02      0.00000000      0.00000000
  0.02060000 -0.15028879E+03  0.39652485E+02      0.00000000      0.00000000
  0.02080000 -0.11368929E+03  0.36336807E+02      0.00000000      0.00000000
  0.02100000 -0.78820435E+02  0.35892735E+02      0.00000000      0.00000000
  0.02120000 -0.42804825E+02  0.38284145E+02      0.00000000      0.00000000
  0.02140000 -0.33037548E+01  0.44415291E+02      0.00000000      0.00000000
  0.02160000  0.43923950E+02  0.56629040E+02      0.00000000      0.00000000
  0.02180000  0.10439333E+03  0.80393524E+02      0.00000000      0.00000000
  0.02200000  0.18907872E+03  0.13114908E+03      0.00000000      0.00000000
  0.02220000  0.31356647E+03  0.26199628E+03      0.00000000      0.00000000
  0.02240000  0.38987256E+03  0.67546912E+03      0.00000000      0.00000000
  0.02260000 -0.35548853E+03  0.10465852E+04      0.00000000      0.00000000
  0.02280000 -0.66144714E+03  0.44462735E+03      0.00000000      0.00000000
  0.02300000 -0.53064954E+03  0.18958417E+03      0.00000000      0.00000000
  0.02320000 -0.42592908E+03  0.10051147E+03      0.00000000      0.00000000
  0.02340000 -0.35753250E+03  0.62279144E+02      0.00000000      0.00000000
  0.02360000 -0.31048553E+03  0.42605354E+02      0.00000000      0.00000000
  0.02380000 -0.27603674E+03  0.31155704E+02      0.00000000      0.00000000
  0.02400000 -0.24975345E+03  0.23919939E+02      0.00000000      0.00000000
  0.02420000 -0.22932108E+03  0.19121082E+02      0.00000000      0.00000000
  0.02440000 -0.21253290E+03  0.15700346E+02      0.00000000      0.00000000
  0.02460000 -0.19860239E+03  0.13187176E+02      0.00000000      0.00000000
  0.02480000 -0.18652917E+03  0.11245678E+02      0.00000000      0.00000000
  0.02500000 -0.17611594E+03  0.97308674E+01      0.00000000      0.00000000
  0.02520000 -0.16697359E+03  0.85195961E+01      0.00000000      0.00000000
  0.02540000 -0.15913568E+03  0.75667400E+01      0.00000000      0.00000000
  0.02560000 -0.15206625E+03  0.67711391E+01      0.00000000      0.00000000
  0.02580000 -0.14566925E+03  0.61005173E+01      0.00000000      0.00000000
  0.02600000 -0.13984219E+03  0.55314703E+01      0.00000000      0.00000000
  0.02620000 -0.13459029E+03  0.50479736E+01      0.00000000      0.00000000
  0.02640000 -0.12975385E+03  0.46302447E+01      0.00000000      0.00000000
  0.02660000 -0.12530970E+03  0.42681274E+01      0.00000000      0.00000000
  0.02680000 -0.12123354E+03  0.39499397E+01      0.00000000      0.00000000
  0.02700000 -0.11742339E+03  0.36687667E+01      0.00000000      0.00000000
  0.02720000 -0.11394002E+03  0.34234605E+01      0.00000000      0.00000000
  0.02740000 -0.11062742E+03  0.31993704E+01      0.00000000      0.00000000
  0.02760000 -0.10754659E+03  0.29992576E+01      0.00000000      0.00000000
  0.02780000 -0.10463597E+03  0.28188729E+01      0.00000000      0.00000000
  0.02800000 -0.10190414E+03  0.26571159E+01      0.00000000      0.00000000
  0.02820000 -0.99318382E+02  0.25078206E+01      0.00000000      0.00000000
  0.02840000 -0.96875320E+02  0.23714399E+01      0.00000000      0.00000000
  0.02860000 -0.94604492E+02  0.22496557E+01      0.00000000      0.00000000
  0.02880000 -0.92404022E+02  0.21354101E+01      0.00000000      0.00000000
  0.02900000 -0.90337982E+02  0.20310121E+01      0.00000000      0.00000000
  0.02920000 -0.88365883E+02  0.19347358E+01      0.00000000      0.00000000
  0.02940000 -0.86453644E+02  0.18443406E+01      0.00000000      0.00000000
  0.02959999 -0.84639450E+02  0.17607272E+01      0.00000000      0.00000000
  0.02980000 -0.82915764E+02  0.16828887E+01      0.00000000      0.00000000
  0.03000000 -0.81254410E+02  0.16101096E+01      0.00000000      0.00000000
  0.03020000 -0.79671135E+02  0.15433007E+01      0.00000000      0.00000000
  0.03040000 -0.78149384E+02  0.14798391E+01      0.00000000      0.00000000
  0.03060000 -0.76697891E+02  0.14211711E+01      0.00000000      0.00000000
  0.03080000 -0.75316284E+02  0.13663867E+01      0.00000000      0.00000000
  0.03100000 -0.73981552E+02  0.13143468E+01      0.00000000      0.00000000
  0.03120000 -0.72702805E+02  0.12662480E+01      0.00000000      0.00000000
  0.03140000 -0.71459686E+02  0.12202712E+01      0.00000000      0.00000000
  0.03160000 -0.70253235E+02  0.11760221E+01      0.00000000      0.00000000
  0.03179999 -0.69103760E+02  0.11351169E+01      0.00000000      0.00000000
  0.03200001 -0.67998329E+02  0.10967914E+01      0.00000000      0.00000000
  0.03220000 -0.66944229E+02  0.10609231E+01      0.00000000      0.00000000
  0.03240000 -0.65893402E+02  0.10257500E+01      0.00000000      0.00000000
  0.03260000 -0.64864975E+02  0.99203539E+00      0.00000000      0.00000000
  0.03280000 -0.63890656E+02  0.96066558E+00      0.00000000      0.00000000
  0.03300000 -0.62945347E+02  0.93056053E+00      0.00000000      0.00000000
  0.03320000 -0.62030762E+02  0.90220535E+00      0.00000000      0.00000000
  0.03340000 -0.61145836E+02  0.87482500E+00      0.00000000      0.00000000
  0.03360000 -0.60290649E+02  0.84928215E+00      0.00000000      0.00000000
  0.03380000 -0.59454132E+02  0.82444286E+00      0.00000000      0.00000000
  0.03399999 -0.58643898E+02  0.80094445E+00      0.00000000      0.00000000
  0.03420001 -0.57855843E+02  0.77830517E+00      0.00000000      0.00000000
  0.03440000 -0.57088806E+02  0.75675374E+00      0.00000000      0.00000000
  0.03460000 -0.56339989E+02  0.73605633E+00      0.00000000      0.00000000
  0.03479999 -0.55603844E+02  0.71571612E+00      0.00000000      0.00000000
  0.03500000 -0.54903389E+02  0.69682956E+00      0.00000000      0.00000000
  0.03520000 -0.54207268E+02  0.67837185E+00      0.00000000      0.00000000
  0.03540000 -0.53545959E+02  0.66116697E+00      0.00000000      0.00000000
  0.03560000 -0.52900970E+02  0.64463437E+00      0.00000000      0.00000000
  0.03580000 -0.52255016E+02  0.62784004E+00      0.00000000      0.00000000
  0.03600000 -0.51642548E+02  0.61273396E+00      0.00000000      0.00000000
  0.03619999 -0.51041424E+02  0.59778726E+00      0.00000000      0.00000000
  0.03640000 -0.50452354E+02  0.58331597E+00      0.00000000      0.00000000
  0.03660000 -0.49877190E+02  0.56946826E+00      0.00000000      0.00000000
  0.03680000 -0.49312202E+02  0.55610579E+00      0.00000000      0.00000000
  0.03700000 -0.48760483E+02  0.54305315E+00      0.00000000      0.00000000
  0.03720000 -0.48223335E+02  0.53063560E+00      0.00000000      0.00000000
  0.03740000 -0.47700634E+02  0.51890719E+00      0.00000000      0.00000000
  0.03760000 -0.47187035E+02  0.50716400E+00      0.00000000      0.00000000
  0.03780000 -0.46676613E+02  0.49569866E+00      0.00000000      0.00000000
  0.03800000 -0.46183865E+02  0.48471025E+00      0.00000000      0.00000000
  0.03820000 -0.45702518E+02  0.47417992E+00      0.00000000      0.00000000
  0.03839999 -0.45233910E+02  0.46395862E+00      0.00000000      0.00000000
  0.03860000 -0.44778618E+02  0.45419973E+00      0.00000000      0.00000000
  0.03880000 -0.44332237E+02  0.44494015E+00      0.00000000      0.00000000
  0.03900000 -0.43894543E+02  0.43582630E+00      0.00000000      0.00000000
  0.03920000 -0.43465828E+02  0.42696905E+00      0.00000000      0.00000000
  0.03940000 -0.43044563E+02  0.41843742E+00      0.00000000      0.00000000
  0.03960000 -0.42633484E+02  0.41012335E+00      0.00000000      0.00000000
  0.03980000 -0.42224594E+02  0.40177795E+00      0.00000000      0.00000000
  0.04000000 -0.41827606E+02  0.39407283E+00      0.00000000      0.00000000
  0.04020000 -0.41440605E+02  0.38665295E+00      0.00000000      0.00000000
  0.04040000 -0.41056740E+02  0.37900096E+00      0.00000000      0.00000000
  0.04060000 -0.40681263E+02  0.37182796E+00      0.00000000      0.00000000
  0.04080000 -0.40311054E+02  0.36473954E+00      0.00000000      0.00000000
  0.04100000 -0.39948544E+02  0.35803643E+00      0.00000000      0.00000000
  0.04120000 -0.39593330E+02  0.35134637E+00      0.00000000      0.00000000
  0.04140000 -0.39245125E+02  0.34481478E+00      0.00000000      0.00000000
  0.04160000 -0.38904388E+02  0.33864439E+00      0.00000000      0.00000000
  0.04180000 -0.38568161E+02  0.33264053E+00      0.00000000      0.00000000
  0.04200000 -0.38237522E+02  0.32672060E+00      0.00000000      0.00000000
  0.04220000 -0.37914646E+02  0.32095793E+00      0.00000000      0.00000000
  0.04240000 -0.37595718E+02  0.31530982E+00      0.00000000      0.00000000
  0.04260000 -0.37287430E+02  0.30998489E+00      0.00000000      0.00000000
  0.04280000 -0.36979424E+02  0.30467421E+00      0.00000000      0.00000000
  0.04300000 -0.36676758E+02  0.29944146E+00      0.00000000      0.00000000
  0.04320000 -0.36378075E+02  0.29441276E+00      0.00000000      0.00000000
  0.04340000 -0.36083187E+02  0.28943723E+00      0.00000000      0.00000000
  0.04360000 -0.35800587E+02  0.28472272E+00      0.00000000      0.00000000
  0.04380000 -0.35519394E+02  0.28002703E+00      0.00000000      0.00000000
  0.04400000 -0.35240555E+02  0.27551979E+00      0.00000000      0.00000000
  0.04420000 -0.34965416E+02  0.27108648E+00      0.00000000      0.00000000
  0.04440000 -0.34696274E+02  0.26674762E+00      0.00000000      0.00000000
  0.04460000 -0.34434219E+02  0.26255059E+00      0.00000000      0.00000000
  0.04480000 -0.34172195E+02  0.25838611E+00      0.00000000      0.00000000
  0.04500000 -0.33913479E+02  0.25432453E+00      0.00000000      0.00000000
  0.04520000 -0.33661938E+02  0.25040108E+00      0.00000000      0.00000000
  0.04539999 -0.33413754E+02  0.24648289E+00      0.00000000      0.00000000
  0.04560000 -0.33168266E+02  0.24279165E+00      0.00000000      0.00000000
  0.04580000 -0.32930023E+02  0.23914695E+00      0.00000000      0.00000000
  0.04600000 -0.32692612E+02  0.23558950E+00      0.00000000      0.00000000
  0.04620000 -0.32455589E+02  0.23203337E+00      0.00000000      0.00000000
  0.04640000 -0.32225677E+02  0.22865784E+00      0.00000000      0.00000000
  0.04660000 -0.31998306E+02  0.22531657E+00      0.00000000      0.00000000
  0.04680000 -0.31776003E+02  0.22208284E+00      0.00000000      0.00000000
  0.04700000 -0.31554970E+02  0.21882701E+00      0.00000000      0.00000000
  0.04720000 -0.31336422E+02  0.21563976E+00      0.00000000      0.00000000
  0.04740000 -0.31124329E+02  0.21260831E+00      0.00000000      0.00000000
  0.04759999 -0.30913284E+02  0.20958950E+00      0.00000000      0.00000000
  0.04780000 -0.30703672E+02  0.20661327E+00      0.00000000      0.00000000
  0.04800000 -0.30498386E+02  0.20370589E+00      0.00000000      0.00000000
  0.04820000 -0.30296577E+02  0.20094630E+00      0.00000000      0.00000000
  0.04840000 -0.30098213E+02  0.19824991E+00      0.00000000      0.00000000
  0.04860000 -0.29900385E+02  0.19553348E+00      0.00000000      0.00000000
  0.04880000 -0.29709970E+02  0.19293293E+00      0.00000000      0.00000000
  0.04899999 -0.29516428E+02  0.19027072E+00      0.00000000      0.00000000
  0.04920000 -0.29328138E+02  0.18770729E+00      0.00000000      0.00000000
  0.04940000 -0.29140835E+02  0.18523473E+00      0.00000000      0.00000000
  0.04960000 -0.28956989E+02  0.18275097E+00      0.00000000      0.00000000
  0.04979999 -0.28775272E+02  0.18040940E+00      0.00000000      0.00000000
  0.05000000 -0.28594978E+02  0.17807034E+00      0.00000000      0.00000000
  0.05020000 -0.28417675E+02  0.17573553E+00      0.00000000      0.00000000
  0.05040000 -0.28243561E+02  0.17354876E+00      0.00000000      0.00000000
  0.05060000 -0.28072422E+02  0.17129764E+00      0.00000000      0.00000000
  0.05080000 -0.27901585E+02  0.16917321E+00      0.00000000      0.00000000
  0.05100000 -0.27733330E+02  0.16704555E+00      0.00000000      0.00000000
  0.05119999 -0.27568083E+02  0.16495156E+00      0.00000000      0.00000000
  0.05140000 -0.27402828E+02  0.16287677E+00      0.00000000      0.00000000
  0.05160000 -0.27242702E+02  0.16092557E+00      0.00000000      0.00000000
  0.05180000 -0.27084072E+02  0.15893331E+00      0.00000000      0.00000000
  0.05199999 -0.26925476E+02  0.15701506E+00      0.00000000      0.00000000
  0.05220000 -0.26770107E+02  0.15509915E+00      0.00000000      0.00000000
  0.05240000 -0.26614277E+02  0.15326431E+00      0.00000000      0.00000000
  0.05260000 -0.26462139E+02  0.15136112E+00      0.00000000      0.00000000
  0.05280000 -0.26312355E+02  0.14959900E+00      0.00000000      0.00000000
  0.05300000 -0.26161236E+02  0.14783403E+00      0.00000000      0.00000000
  0.05320000 -0.26014656E+02  0.14608085E+00      0.00000000      0.00000000
  0.05339999 -0.25867985E+02  0.14434260E+00      0.00000000      0.00000000
  0.05360000 -0.25725372E+02  0.14270170E+00      0.00000000      0.00000000
  0.05380000 -0.25583193E+02  0.14099744E+00      0.00000000      0.00000000
  0.05400000 -0.25441450E+02  0.13937166E+00      0.00000000      0.00000000
  0.05420000 -0.25304609E+02  0.13783887E+00      0.00000000      0.00000000
  0.05440000 -0.25168604E+02  0.13626856E+00      0.00000000      0.00000000
  0.05460000 -0.25033689E+02  0.13473487E+00      0.00000000      0.00000000
  0.05480000 -0.24898935E+02  0.13317774E+00      0.00000000      0.00000000
  0.05500000 -0.24767015E+02  0.13174750E+00      0.00000000      0.00000000
  0.05520000 -0.24637554E+02  0.13033335E+00      0.00000000      0.00000000
  0.05540000 -0.24507458E+02  0.12886065E+00      0.00000000      0.00000000
  0.05560000 -0.24379267E+02  0.12741725E+00      0.00000000      0.00000000
  0.05580000 -0.24252203E+02  0.12610027E+00      0.00000000      0.00000000
  0.05600000 -0.24127342E+02  0.12475584E+00      0.00000000      0.00000000
  0.05620000 -0.24002829E+02  0.12337840E+00      0.00000000      0.00000000
  0.05640000 -0.23880142E+02  0.12202893E+00      0.00000000      0.00000000
  0.05660000 -0.23760181E+02  0.12072115E+00      0.00000000      0.00000000
  0.05680000 -0.23638853E+02  0.11945282E+00      0.00000000      0.00000000
  0.05700000 -0.23520193E+02  0.11817786E+00      0.00000000      0.00000000
  0.05720000 -0.23402229E+02  0.11693911E+00      0.00000000      0.00000000
  0.05740000 -0.23286076E+02  0.11570790E+00      0.00000000      0.00000000
  0.05760000 -0.23170704E+02  0.11451227E+00      0.00000000      0.00000000
  0.05780000 -0.23056240E+02  0.11333850E+00      0.00000000      0.00000000
  0.05800000 -0.22943331E+02  0.11216333E+00      0.00000000      0.00000000
  0.05819999 -0.22830528E+02  0.11099251E+00      0.00000000      0.00000000
  0.05840000 -0.22720943E+02  0.10985237E+00      0.00000000      0.00000000
  0.05860000 -0.22611134E+02  0.10880318E+00      0.00000000      0.00000000
  0.05880000 -0.22504206E+02  0.10770221E+00      0.00000000      0.00000000
  0.05900000 -0.22397064E+02  0.10660248E+00      0.00000000      0.00000000
  0.05920000 -0.22290852E+02  0.10552578E+00      0.00000000      0.00000000
  0.05940000 -0.22185286E+02  0.10445087E+00      0.00000000      0.00000000
  0.05960000 -0.22081503E+02  0.10346045E+00      0.00000000      0.00000000
  0.05980000 -0.21977137E+02  0.10242269E+00      0.00000000      0.00000000
  0.06000000 -0.21876251E+02  0.10144939E+00      0.00000000      0.00000000
  0.06020000 -0.21775331E+02  0.10048809E+00      0.00000000      0.00000000
  0.06039999 -0.21676550E+02  0.99519499E-01      0.00000000      0.00000000
  0.06060000 -0.21578041E+02  0.98556310E-01      0.00000000      0.00000000
  0.06080000 -0.21481022E+02  0.97601660E-01      0.00000000      0.00000000
  0.06100000 -0.21383307E+02  0.96715324E-01      0.00000000      0.00000000
  0.06119999 -0.21286304E+02  0.95767401E-01      0.00000000      0.00000000
  0.06140000 -0.21189899E+02  0.94839014E-01      0.00000000      0.00000000
  0.06160000 -0.21095364E+02  0.93945839E-01      0.00000000      0.00000000
  0.06180000 -0.21002405E+02  0.93067504E-01      0.00000000      0.00000000
  0.06200000 -0.20909206E+02  0.92209890E-01      0.00000000      0.00000000
  0.06220000 -0.20818462E+02  0.91361806E-01      0.00000000      0.00000000
  0.06240000 -0.20727621E+02  0.90510547E-01      0.00000000      0.00000000
  0.06259999 -0.20636932E+02  0.89704260E-01      0.00000000      0.00000000
  0.06280001 -0.20548222E+02  0.88866375E-01      0.00000000      0.00000000
  0.06300000 -0.20458754E+02  0.88057458E-01      0.00000000      0.00000000
  0.06320000 -0.20371387E+02  0.87237298E-01      0.00000000      0.00000000
  0.06339999 -0.20284168E+02  0.86452395E-01      0.00000000      0.00000000
  0.06360000 -0.20197052E+02  0.85645661E-01      0.00000000      0.00000000
  0.06380000 -0.20112114E+02  0.84899478E-01      0.00000000      0.00000000
  0.06400000 -0.20027540E+02  0.84155142E-01      0.00000000      0.00000000
  0.06420000 -0.19944111E+02  0.83413802E-01      0.00000000      0.00000000
  0.06440000 -0.19860844E+02  0.82683034E-01      0.00000000      0.00000000
  0.06460000 -0.19778263E+02  0.81959397E-01      0.00000000      0.00000000
  0.06479999 -0.19697071E+02  0.81253096E-01      0.00000000      0.00000000
  0.06500000 -0.19615986E+02  0.80516040E-01      0.00000000      0.00000000
  0.06520000 -0.19535925E+02  0.79842113E-01      0.00000000      0.00000000
  0.06540000 -0.19456232E+02  0.79163089E-01      0.00000000      0.00000000
  0.06559999 -0.19377586E+02  0.78460135E-01      0.00000000      0.00000000
  0.06580000 -0.19299501E+02  0.77771589E-01      0.00000000      0.00000000
  0.06600000 -0.19221258E+02  0.77116132E-01      0.00000000      0.00000000
  0.06620000 -0.19145311E+02  0.76470308E-01      0.00000000      0.00000000
  0.06640000 -0.19069729E+02  0.75846814E-01      0.00000000      0.00000000
  0.06660000 -0.18994131E+02  0.75208738E-01      0.00000000      0.00000000
  0.06680001 -0.18918976E+02  0.74571744E-01      0.00000000      0.00000000
  0.06699999 -0.18844061E+02  0.73934838E-01      0.00000000      0.00000000
  0.06720000 -0.18769985E+02  0.73343754E-01      0.00000000      0.00000000
  0.06739999 -0.18697304E+02  0.72731987E-01      0.00000000      0.00000000
  0.06760000 -0.18624630E+02  0.72111383E-01      0.00000000      0.00000000
  0.06780000 -0.18552950E+02  0.71522951E-01      0.00000000      0.00000000
  0.06800000 -0.18482550E+02  0.70956007E-01      0.00000000      0.00000000
  0.06820000 -0.18412409E+02  0.70376292E-01      0.00000000      0.00000000
  0.06840000 -0.18341942E+02  0.69811866E-01      0.00000000      0.00000000
  0.06859999 -0.18271280E+02  0.69240995E-01      0.00000000      0.00000000
  0.06880000 -0.18203156E+02  0.68677023E-01      0.00000000      0.00000000
  0.06900001 -0.18134338E+02  0.68134286E-01      0.00000000      0.00000000
  0.06919999 -0.18066246E+02  0.67583375E-01      0.00000000      0.00000000
  0.06940000 -0.17999016E+02  0.67065530E-01      0.00000000      0.00000000
  0.06960000 -0.17932405E+02  0.66523589E-01      0.00000000      0.00000000
  0.06980000 -0.17865526E+02  0.65999970E-01      0.00000000      0.00000000
  0.07000000 -0.17799280E+02  0.65497920E-01      0.00000000      0.00000000
  0.07020000 -0.17733923E+02  0.64953834E-01      0.00000000      0.00000000
  0.07040000 -0.17669256E+02  0.64449497E-01      0.00000000      0.00000000
  0.07060000 -0.17605558E+02  0.63950643E-01      0.00000000      0.00000000
  0.07079999 -0.17542974E+02  0.63481718E-01      0.00000000      0.00000000
  0.07099999 -0.17479723E+02  0.63001901E-01      0.00000000      0.00000000
  0.07120001 -0.17416729E+02  0.62518418E-01      0.00000000      0.00000000
  0.07139999 -0.17354355E+02  0.62028617E-01      0.00000000      0.00000000
  0.07160000 -0.17292629E+02  0.61574005E-01      0.00000000      0.00000000
  0.07180000 -0.17231100E+02  0.61102290E-01      0.00000000      0.00000000
  0.07200000 -0.17170570E+02  0.60663361E-01      0.00000000      0.00000000
  0.07220000 -0.17110310E+02  0.60156878E-01      0.00000000      0.00000000
  0.07239999 -0.17050663E+02  0.59720725E-01      0.00000000      0.00000000
  0.07260000 -0.16990177E+02  0.59260793E-01      0.00000000      0.00000000
  0.07280000 -0.16931747E+02  0.58849577E-01      0.00000000      0.00000000
  0.07299999 -0.16873518E+02  0.58408860E-01      0.00000000      0.00000000
  0.07319999 -0.16815516E+02  0.57980515E-01      0.00000000      0.00000000
  0.07340001 -0.16757925E+02  0.57556279E-01      0.00000000      0.00000000
  0.07359999 -0.16700247E+02  0.57116255E-01      0.00000000      0.00000000
  0.07380000 -0.16643482E+02  0.56705669E-01      0.00000000      0.00000000
  0.07400000 -0.16586674E+02  0.56273401E-01      0.00000000      0.00000000
  0.07420000 -0.16530210E+02  0.55886313E-01      0.00000000      0.00000000
  0.07440000 -0.16474642E+02  0.55486582E-01      0.00000000      0.00000000
  0.07460000 -0.16419878E+02  0.55099681E-01      0.00000000      0.00000000
  0.07480000 -0.16365051E+02  0.54713428E-01      0.00000000      0.00000000
  0.07500000 -0.16310656E+02  0.54286491E-01      0.00000000      0.00000000
  0.07519999 -0.16257078E+02  0.53921688E-01      0.00000000      0.00000000
  0.07539999 -0.16203409E+02  0.53544179E-01      0.00000000      0.00000000
  0.07560000 -0.16150362E+02  0.53150784E-01      0.00000000      0.00000000
  0.07579999 -0.16097456E+02  0.52773029E-01      0.00000000      0.00000000
  0.07600000 -0.16043711E+02  0.52415069E-01      0.00000000      0.00000000
  0.07620000 -0.15991562E+02  0.52042663E-01      0.00000000      0.00000000
  0.07640000 -0.15939926E+02  0.51676285E-01      0.00000000      0.00000000
  0.07660000 -0.15888457E+02  0.51328730E-01      0.00000000      0.00000000
  0.07680000 -0.15837283E+02  0.50963923E-01      0.00000000      0.00000000
  0.07699999 -0.15785985E+02  0.50590061E-01      0.00000000      0.00000000
  0.07720000 -0.15736449E+02  0.50259538E-01      0.00000000      0.00000000
  0.07739999 -0.15686683E+02  0.49933307E-01      0.00000000      0.00000000
  0.07759999 -0.15636629E+02  0.49585626E-01      0.00000000      0.00000000
  0.07780000 -0.15587003E+02  0.49239989E-01      0.00000000      0.00000000
  0.07799999 -0.15537771E+02  0.48910655E-01      0.00000000      0.00000000
  0.07820000 -0.15489504E+02  0.48582438E-01      0.00000000      0.00000000
  0.07840000 -0.15440812E+02  0.48254970E-01      0.00000000      0.00000000
  0.07860000 -0.15392401E+02  0.47909781E-01      0.00000000      0.00000000
  0.07880000 -0.15343809E+02  0.47597952E-01      0.00000000      0.00000000
  0.07900000 -0.15296352E+02  0.47285296E-01      0.00000000      0.00000000
  0.07919999 -0.15249330E+02  0.46976969E-01      0.00000000      0.00000000
  0.07940000 -0.15202515E+02  0.46650521E-01      0.00000000      0.00000000
  0.07960001 -0.15156041E+02  0.46355978E-01      0.00000000      0.00000000
  0.07979999 -0.15109809E+02  0.46043087E-01      0.00000000      0.00000000
