 -0.04000000  0.49006271E+02  0.44565845E+00      0.00000000      0.00000000
 -0.03980000  0.49461605E+02  0.45395476E+00      0.00000000      0.00000000
 -0.03960000  0.49925781E+02  0.46243423E+00      0.00000000      0.00000000
 -0.03940000  0.50390724E+02  0.47101533E+00      0.00000000      0.00000000
 -0.03920000  0.50862885E+02  0.47982252E+00      0.00000000      0.00000000
 -0.03900000  0.51347027E+02  0.48890054E+00      0.00000000      0.00000000
 -0.03880000  0.51844505E+02  0.49844116E+00      0.00000000      0.00000000
 -0.03860000  0.52346004E+02  0.50808454E+00      0.00000000      0.00000000
 -0.03840000  0.52854916E+02  0.51791579E+00      0.00000000      0.00000000
 -0.03820000  0.53375130E+02  0.52812409E+00      0.00000000      0.00000000
 -0.03800000  0.53909519E+02  0.53874135E+00      0.00000000      0.00000000
 -0.03780000  0.54449829E+02  0.54956251E+00      0.00000000      0.00000000
 -0.03760000  0.54996857E+02  0.56058890E+00      0.00000000      0.00000000
 -0.03740000  0.55566933E+02  0.57226729E+00      0.00000000      0.00000000
 -0.03720000  0.56146591E+02  0.58434832E+00      0.00000000      0.00000000
 -0.03700000  0.56730030E+02  0.59655148E+00      0.00000000      0.00000000
 -0.03680000  0.57339409E+02  0.60939085E+00      0.00000000      0.00000000
 -0.03660000  0.57951202E+02  0.62243354E+00      0.00000000      0.00000000
 -0.03640000  0.58579697E+02  0.63598871E+00      0.00000000      0.00000000
 -0.03620000  0.59230904E+02  0.65028626E+00      0.00000000      0.00000000
 -0.03600000  0.59890556E+02  0.66495591E+00      0.00000000      0.00000000
 -0.03580000  0.60556793E+02  0.67992270E+00      0.00000000      0.00000000
 -0.03560000  0.61247543E+02  0.69555748E+00      0.00000000      0.00000000
 -0.03540000  0.61954384E+02  0.71177506E+00      0.00000000      0.00000000
 -0.03520000  0.62670166E+02  0.72837067E+00      0.00000000      0.00000000
 -0.03500000  0.63397400E+02  0.74552417E+00      0.00000000      0.00000000
 -0.03480000  0.64159782E+02  0.76369965E+00      0.00000000      0.00000000
 -0.03460000  0.64930931E+02  0.78240865E+00      0.00000000      0.00000000
 -0.03440000  0.65720642E+02  0.80172133E+00      0.00000000      0.00000000
 -0.03420000  0.66537186E+02  0.82196772E+00      0.00000000      0.00000000
 -0.03400000  0.67366692E+02  0.84288955E+00      0.00000000      0.00000000
 -0.03380000  0.68238693E+02  0.86511183E+00      0.00000000      0.00000000
 -0.03360000  0.69112778E+02  0.88767934E+00      0.00000000      0.00000000
 -0.03340000  0.70011154E+02  0.91117758E+00      0.00000000      0.00000000
 -0.03320000  0.70940117E+02  0.93593675E+00      0.00000000      0.00000000
 -0.03300000  0.71888855E+02  0.96159214E+00      0.00000000      0.00000000
 -0.03280000  0.72854324E+02  0.98803616E+00      0.00000000      0.00000000
 -0.03260000  0.73852013E+02  0.10157835E+01      0.00000000      0.00000000
 -0.03240000  0.74870483E+02  0.10446523E+01      0.00000000      0.00000000
 -0.03220000  0.75941025E+02  0.10754054E+01      0.00000000      0.00000000
 -0.03200000  0.77030807E+02  0.11071692E+01      0.00000000      0.00000000
 -0.03180000  0.78153557E+02  0.11404302E+01      0.00000000      0.00000000
 -0.03160000  0.79318542E+02  0.11756048E+01      0.00000000      0.00000000
 -0.03140000  0.80512581E+02  0.12122428E+01      0.00000000      0.00000000
 -0.03120000  0.81747055E+02  0.12507714E+01      0.00000000      0.00000000
 -0.03100000  0.83020874E+02  0.12912285E+01      0.00000000      0.00000000
 -0.03080000  0.84322510E+02  0.13332664E+01      0.00000000      0.00000000
 -0.03060000  0.85678596E+02  0.13779904E+01      0.00000000      0.00000000
 -0.03040000  0.87084915E+02  0.14252486E+01      0.00000000      0.00000000
 -0.03020000  0.88543564E+02  0.14751754E+01      0.00000000      0.00000000
 -0.03000000  0.90030807E+02  0.15270458E+01      0.00000000      0.00000000
 -0.02980000  0.91586365E+02  0.15824935E+01      0.00000000      0.00000000
 -0.02960000  0.93206963E+02  0.16414369E+01      0.00000000      0.00000000
 -0.02940000  0.94865158E+02  0.17030702E+01      0.00000000      0.00000000
 -0.02920000  0.96599777E+02  0.17688389E+01      0.00000000      0.00000000
 -0.02900000  0.98370483E+02  0.18377154E+01      0.00000000      0.00000000
 -0.02880000  0.10025272E+03  0.19124168E+01      0.00000000      0.00000000
 -0.02860000  0.10222154E+03  0.19924614E+01      0.00000000      0.00000000
 -0.02840000  0.10427493E+03  0.20780015E+01      0.00000000      0.00000000
 -0.02820000  0.10641907E+03  0.21698263E+01      0.00000000      0.00000000
 -0.02800000  0.10862444E+03  0.22665656E+01      0.00000000      0.00000000
 -0.02780000  0.11095055E+03  0.23713541E+01      0.00000000      0.00000000
 -0.02760000  0.11336790E+03  0.24832478E+01      0.00000000      0.00000000
 -0.02740000  0.11588405E+03  0.26031497E+01      0.00000000      0.00000000
 -0.02720000  0.11856143E+03  0.27345517E+01      0.00000000      0.00000000
 -0.02700000  0.12135187E+03  0.28756003E+01      0.00000000      0.00000000
 -0.02680000  0.12426433E+03  0.30276537E+01      0.00000000      0.00000000
 -0.02660000  0.12738058E+03  0.31956606E+01      0.00000000      0.00000000
 -0.02640000  0.13068787E+03  0.33803296E+01      0.00000000      0.00000000
 -0.02620000  0.13414871E+03  0.35803738E+01      0.00000000      0.00000000
 -0.02600000  0.13780673E+03  0.38001380E+01      0.00000000      0.00000000
 -0.02580000  0.14174750E+03  0.40461760E+01      0.00000000      0.00000000
 -0.02560000  0.14593593E+03  0.43184519E+01      0.00000000      0.00000000
 -0.02540000  0.15039880E+03  0.46214380E+01      0.00000000      0.00000000
 -0.02520000  0.15516499E+03  0.49598880E+01      0.00000000      0.00000000
 -0.02500000  0.16026627E+03  0.53399844E+01      0.00000000      0.00000000
 -0.02480000  0.16578931E+03  0.57723298E+01      0.00000000      0.00000000
 -0.02460000  0.17177789E+03  0.62664480E+01      0.00000000      0.00000000
 -0.02440000  0.17826062E+03  0.68326654E+01      0.00000000      0.00000000
 -0.02420000  0.18536935E+03  0.74917030E+01      0.00000000      0.00000000
 -0.02400000  0.19320950E+03  0.82667990E+01      0.00000000      0.00000000
 -0.02380000  0.20187143E+03  0.91843586E+01      0.00000000      0.00000000
 -0.02360000  0.21152206E+03  0.10285099E+02      0.00000000      0.00000000
 -0.02340000  0.22223572E+03  0.11608397E+02      0.00000000      0.00000000
 -0.02320000  0.23447769E+03  0.13257054E+02      0.00000000      0.00000000
 -0.02300000  0.24849081E+03  0.15332611E+02      0.00000000      0.00000000
 -0.02280000  0.26487457E+03  0.18024900E+02      0.00000000      0.00000000
 -0.02260000  0.28446921E+03  0.21641874E+02      0.00000000      0.00000000
 -0.02240000  0.30782861E+03  0.26550858E+02      0.00000000      0.00000000
 -0.02220000  0.33719788E+03  0.33703743E+02      0.00000000      0.00000000
 -0.02200000  0.37433832E+03  0.44422745E+02      0.00000000      0.00000000
 -0.02180000  0.42328506E+03  0.61652237E+02      0.00000000      0.00000000
 -0.02160000  0.49244006E+03  0.92722740E+02      0.00000000      0.00000000
 -0.02140000  0.59321057E+03  0.15498944E+03      0.00000000      0.00000000
 -0.02120000  0.74562469E+03  0.30703470E+03      0.00000000      0.00000000
 -0.02100000  0.88447876E+03  0.76409088E+03      0.00000000      0.00000000
 -0.02080000  0.10853647E+03  0.14367316E+04      0.00000000      0.00000000
 -0.02060000 -0.52914362E+03  0.68646289E+03      0.00000000      0.00000000
 -0.02040000 -0.36980582E+03  0.28597403E+03      0.00000000      0.00000000
 -0.02020000 -0.21914130E+03  0.15053885E+03      0.00000000      0.00000000
 -0.02000000 -0.11521985E+03  0.94376045E+02      0.00000000      0.00000000
 -0.01980000 -0.42447460E+02  0.68142326E+02      0.00000000      0.00000000
 -0.01960000  0.14651533E+02  0.54339928E+02      0.00000000      0.00000000
 -0.01940000  0.62723595E+02  0.47105659E+02      0.00000000      0.00000000
 -0.01920000  0.10780005E+03  0.43847221E+02      0.00000000      0.00000000
 -0.01900000  0.15060410E+03  0.43684784E+02      0.00000000      0.00000000
 -0.01880000  0.19444073E+03  0.46277359E+02      0.00000000      0.00000000
 -0.01860000  0.24235796E+03  0.52019424E+02      0.00000000      0.00000000
 -0.01840000  0.29654889E+03  0.61905918E+02      0.00000000      0.00000000
 -0.01820000  0.36292648E+03  0.78743027E+02      0.00000000      0.00000000
 -0.01800000  0.44926495E+03  0.10875615E+03      0.00000000      0.00000000
 -0.01780000  0.56948254E+03  0.16792769E+03      0.00000000      0.00000000
 -0.01760000  0.74385498E+03  0.30350861E+03      0.00000000      0.00000000
 -0.01740000  0.95091486E+03  0.68961383E+03      0.00000000      0.00000000
 -0.01720000  0.49458411E+03  0.14941267E+04      0.00000000      0.00000000
 -0.01700000 -0.32638702E+03  0.96139581E+03      0.00000000      0.00000000
 -0.01680000 -0.83628632E+02  0.55643726E+03      0.00000000      0.00000000
 -0.01660000  0.24508139E+03  0.68570630E+03      0.00000000      0.00000000
 -0.01640000  0.97306290E+02  0.13890151E+04      0.00000000      0.00000000
 -0.01620000 -0.92793750E+03  0.10768206E+04      0.00000000      0.00000000
 -0.01600000 -0.85754529E+03  0.44063763E+03      0.00000000      0.00000000
 -0.01580000 -0.65332520E+03  0.21956810E+03      0.00000000      0.00000000
 -0.01560000 -0.51066199E+03  0.13295999E+03      0.00000000      0.00000000
 -0.01540000 -0.41049353E+03  0.91440704E+02      0.00000000      0.00000000
 -0.01520000 -0.33560226E+03  0.68788239E+02      0.00000000      0.00000000
 -0.01500000 -0.27619705E+03  0.55458626E+02      0.00000000      0.00000000
 -0.01480000 -0.22598407E+03  0.47455910E+02      0.00000000      0.00000000
 -0.01460000 -0.18243871E+03  0.43036011E+02      0.00000000      0.00000000
 -0.01440000 -0.14104463E+03  0.41157593E+02      0.00000000      0.00000000
 -0.01420000 -0.10036642E+03  0.41742928E+02      0.00000000      0.00000000
 -0.01400000 -0.58789288E+02  0.45003487E+02      0.00000000      0.00000000
 -0.01380000 -0.12621352E+02  0.51973785E+02      0.00000000      0.00000000
 -0.01360000  0.42157082E+02  0.64976364E+02      0.00000000      0.00000000
 -0.01340000  0.11210977E+03  0.89369583E+02      0.00000000      0.00000000
 -0.01320000  0.20962921E+03  0.13940353E+03      0.00000000      0.00000000
 -0.01300000  0.35278949E+03  0.25730502E+03      0.00000000      0.00000000
 -0.01280000  0.52834155E+03  0.59898425E+03      0.00000000      0.00000000
 -0.01260000  0.10927617E+03  0.13998872E+04      0.00000000      0.00000000
 -0.01240000 -0.87435101E+03  0.90130151E+03      0.00000000      0.00000000
 -0.01220000 -0.77939795E+03  0.35083557E+03      0.00000000      0.00000000
 -0.01200000 -0.61620972E+03  0.17069034E+03      0.00000000      0.00000000
 -0.01180000 -0.50702527E+03  0.99342682E+02      0.00000000      0.00000000
 -0.01160000 -0.43437683E+03  0.65366501E+02      0.00000000      0.00000000
 -0.01140000 -0.38305469E+03  0.46669846E+02      0.00000000      0.00000000
 -0.01120000 -0.34445221E+03  0.35183521E+02      0.00000000      0.00000000
 -0.01100000 -0.31465250E+03  0.27708656E+02      0.00000000      0.00000000
 -0.01080000 -0.29028922E+03  0.22439735E+02      0.00000000      0.00000000
 -0.01060000 -0.27027652E+03  0.18647104E+02      0.00000000      0.00000000
 -0.01040000 -0.25326187E+03  0.15781453E+02      0.00000000      0.00000000
 -0.01020000 -0.23886040E+03  0.13600895E+02      0.00000000      0.00000000
 -0.01000000 -0.22638147E+03  0.11884153E+02      0.00000000      0.00000000
 -0.00980000 -0.21537775E+03  0.10497784E+02      0.00000000      0.00000000
 -0.00960000 -0.20542821E+03  0.93424101E+01      0.00000000      0.00000000
 -0.00940000 -0.19659558E+03  0.83922138E+01      0.00000000      0.00000000
 -0.00920000 -0.18867018E+03  0.75971198E+01      0.00000000      0.00000000
 -0.00900000 -0.18155060E+03  0.69274635E+01      0.00000000      0.00000000
 -0.00880000 -0.17493288E+03  0.63416796E+01      0.00000000      0.00000000
 -0.00860000 -0.16881522E+03  0.58305130E+01      0.00000000      0.00000000
 -0.00840000 -0.16322821E+03  0.53882189E+01      0.00000000      0.00000000
 -0.00820000 -0.15804462E+03  0.49983177E+01      0.00000000      0.00000000
 -0.00800000 -0.15323322E+03  0.46536250E+01      0.00000000      0.00000000
 -0.00780000 -0.14876303E+03  0.43473806E+01      0.00000000      0.00000000
 -0.00760000 -0.14456555E+03  0.40721965E+01      0.00000000      0.00000000
 -0.00740000 -0.14059978E+03  0.38225803E+01      0.00000000      0.00000000
 -0.00720000 -0.13688802E+03  0.35979831E+01      0.00000000      0.00000000
 -0.00700000 -0.13341232E+03  0.33955560E+01      0.00000000      0.00000000
 -0.00680000 -0.13011723E+03  0.32104425E+01      0.00000000      0.00000000
 -0.00660000 -0.12699546E+03  0.30411201E+01      0.00000000      0.00000000
 -0.00640000 -0.12404371E+03  0.28860245E+01      0.00000000      0.00000000
 -0.00620000 -0.12125066E+03  0.27438679E+01      0.00000000      0.00000000
 -0.00600000 -0.11858159E+03  0.26122303E+01      0.00000000      0.00000000
 -0.00580000 -0.11603725E+03  0.24904115E+01      0.00000000      0.00000000
 -0.00560000 -0.11358290E+03  0.23763351E+01      0.00000000      0.00000000
 -0.00540000 -0.11125752E+03  0.22711673E+01      0.00000000      0.00000000
 -0.00520000 -0.10904059E+03  0.21734087E+01      0.00000000      0.00000000
 -0.00500000 -0.10687466E+03  0.20804329E+01      0.00000000      0.00000000
 -0.00480000 -0.10485161E+03  0.19958181E+01      0.00000000      0.00000000
 -0.00460000 -0.10290268E+03  0.19163358E+01      0.00000000      0.00000000
 -0.00440000 -0.10102596E+03  0.18415089E+01      0.00000000      0.00000000
 -0.00420000 -0.99224472E+02  0.17713121E+01      0.00000000      0.00000000
 -0.00400000 -0.97497261E+02  0.17056108E+01      0.00000000      0.00000000
 -0.00380000 -0.95840752E+02  0.16438885E+01      0.00000000      0.00000000
 -0.00360000 -0.94223465E+02  0.15848353E+01      0.00000000      0.00000000
 -0.00340000 -0.92662506E+02  0.15290751E+01      0.00000000      0.00000000
 -0.00320000 -0.91167786E+02  0.14767116E+01      0.00000000      0.00000000
 -0.00300000 -0.89722656E+02  0.14271371E+01      0.00000000      0.00000000
 -0.00280000 -0.88326973E+02  0.13801321E+01      0.00000000      0.00000000
 -0.00260000 -0.86958092E+02  0.13349361E+01      0.00000000      0.00000000
 -0.00240000 -0.85654404E+02  0.12927127E+01      0.00000000      0.00000000
 -0.00220000 -0.84375229E+02  0.12519541E+01      0.00000000      0.00000000
 -0.00200000 -0.83137924E+02  0.12132711E+01      0.00000000      0.00000000
 -0.00180000 -0.81947876E+02  0.11766636E+01      0.00000000      0.00000000
 -0.00160000 -0.80784119E+02  0.11415193E+01      0.00000000      0.00000000
 -0.00140000 -0.79653198E+02  0.11079841E+01      0.00000000      0.00000000
 -0.00120000 -0.78550179E+02  0.10756938E+01      0.00000000      0.00000000
 -0.00100000 -0.77506851E+02  0.10456331E+01      0.00000000      0.00000000
 -0.00080000 -0.76468346E+02  0.10162967E+01      0.00000000      0.00000000
 -0.00060000 -0.75460083E+02  0.98814917E+00      0.00000000      0.00000000
 -0.00040000 -0.74503761E+02  0.96192342E+00      0.00000000      0.00000000
 -0.00020000 -0.73560051E+02  0.93649149E+00      0.00000000      0.00000000
  0.00000000 -0.72634735E+02  0.91177016E+00      0.00000000      0.00000000
  0.00020000 -0.71726952E+02  0.88790560E+00      0.00000000      0.00000000
  0.00040000 -0.70857048E+02  0.86538768E+00      0.00000000      0.00000000
  0.00060000 -0.69997177E+02  0.84345275E+00      0.00000000      0.00000000
  0.00080000 -0.69157860E+02  0.82238185E+00      0.00000000      0.00000000
  0.00100000 -0.68355560E+02  0.80233461E+00      0.00000000      0.00000000
  0.00120000 -0.67564331E+02  0.78293878E+00      0.00000000      0.00000000
  0.00140000 -0.66791718E+02  0.76426536E+00      0.00000000      0.00000000
  0.00160000 -0.66043076E+02  0.74643385E+00      0.00000000      0.00000000
  0.00180000 -0.65306892E+02  0.72903603E+00      0.00000000      0.00000000
  0.00200000 -0.64574364E+02  0.71192956E+00      0.00000000      0.00000000
  0.00220000 -0.63875843E+02  0.69588476E+00      0.00000000      0.00000000
  0.00240000 -0.63191242E+02  0.68035454E+00      0.00000000      0.00000000
  0.00260000 -0.62520493E+02  0.66525412E+00      0.00000000      0.00000000
  0.00280000 -0.61862305E+02  0.65068436E+00      0.00000000      0.00000000
  0.00300000 -0.61219162E+02  0.63657892E+00      0.00000000      0.00000000
  0.00320000 -0.60587288E+02  0.62295371E+00      0.00000000      0.00000000
  0.00340000 -0.59969482E+02  0.60972774E+00      0.00000000      0.00000000
  0.00360000 -0.59365055E+02  0.59689254E+00      0.00000000      0.00000000
  0.00380000 -0.58774475E+02  0.58451277E+00      0.00000000      0.00000000
  0.00400000 -0.58191505E+02  0.57241774E+00      0.00000000      0.00000000
  0.00420000 -0.57623093E+02  0.56077689E+00      0.00000000      0.00000000
  0.00440000 -0.57070442E+02  0.54960304E+00      0.00000000      0.00000000
  0.00460000 -0.56521393E+02  0.53857702E+00      0.00000000      0.00000000
  0.00480000 -0.55994492E+02  0.52817142E+00      0.00000000      0.00000000
  0.00500000 -0.55470123E+02  0.51787108E+00      0.00000000      0.00000000
  0.00520000 -0.54963108E+02  0.50802583E+00      0.00000000      0.00000000
  0.00540000 -0.54458588E+02  0.49837983E+00      0.00000000      0.00000000
  0.00560000 -0.53963371E+02  0.48889601E+00      0.00000000      0.00000000
  0.00580000 -0.53482384E+02  0.47982001E+00      0.00000000      0.00000000
  0.00600000 -0.53009460E+02  0.47100246E+00      0.00000000      0.00000000
  0.00620000 -0.52543438E+02  0.46236813E+00      0.00000000      0.00000000
  0.00640000 -0.52087868E+02  0.45400786E+00      0.00000000      0.00000000
  0.00660000 -0.51635715E+02  0.44581532E+00      0.00000000      0.00000000
  0.00680000 -0.51190411E+02  0.43782413E+00      0.00000000      0.00000000
  0.00700000 -0.50758739E+02  0.43015242E+00      0.00000000      0.00000000
  0.00720000 -0.50328522E+02  0.42258692E+00      0.00000000      0.00000000
  0.00740000 -0.49912498E+02  0.41530228E+00      0.00000000      0.00000000
  0.00760000 -0.49504040E+02  0.40823066E+00      0.00000000      0.00000000
  0.00780000 -0.49093880E+02  0.40118301E+00      0.00000000      0.00000000
  0.00800000 -0.48699265E+02  0.39447260E+00      0.00000000      0.00000000
  0.00820000 -0.48304001E+02  0.38788652E+00      0.00000000      0.00000000
  0.00840000 -0.47921837E+02  0.38146544E+00      0.00000000      0.00000000
  0.00860000 -0.47546577E+02  0.37524128E+00      0.00000000      0.00000000
  0.00880000 -0.47179184E+02  0.36918902E+00      0.00000000      0.00000000
  0.00900000 -0.46807556E+02  0.36310816E+00      0.00000000      0.00000000
  0.00920000 -0.46447769E+02  0.35726213E+00      0.00000000      0.00000000
  0.00940000 -0.46093315E+02  0.35163116E+00      0.00000000      0.00000000
  0.00960000 -0.45744446E+02  0.34607697E+00      0.00000000      0.00000000
  0.00980000 -0.45396255E+02  0.34061527E+00      0.00000000      0.00000000
  0.01000000 -0.45060928E+02  0.33536625E+00      0.00000000      0.00000000
  0.01020000 -0.44729713E+02  0.33021069E+00      0.00000000      0.00000000
  0.01040000 -0.44399742E+02  0.32512903E+00      0.00000000      0.00000000
  0.01060000 -0.44076111E+02  0.32014751E+00      0.00000000      0.00000000
  0.01080000 -0.43761681E+02  0.31540775E+00      0.00000000      0.00000000
  0.01100000 -0.43448059E+02  0.31070518E+00      0.00000000      0.00000000
  0.01120000 -0.43141449E+02  0.30617523E+00      0.00000000      0.00000000
  0.01140000 -0.42838257E+02  0.30168343E+00      0.00000000      0.00000000
  0.01160000 -0.42539200E+02  0.29730225E+00      0.00000000      0.00000000
  0.01180000 -0.42242676E+02  0.29295349E+00      0.00000000      0.00000000
  0.01200000 -0.41950653E+02  0.28873444E+00      0.00000000      0.00000000
  0.01220000 -0.41662140E+02  0.28463745E+00      0.00000000      0.00000000
  0.01240000 -0.41378967E+02  0.28063965E+00      0.00000000      0.00000000
  0.01260000 -0.41102547E+02  0.27673340E+00      0.00000000      0.00000000
  0.01280000 -0.40825348E+02  0.27273560E+00      0.00000000      0.00000000
  0.01300000 -0.40555038E+02  0.26899719E+00      0.00000000      0.00000000
  0.01320000 -0.40292389E+02  0.26538849E+00      0.00000000      0.00000000
  0.01340000 -0.40027908E+02  0.26173782E+00      0.00000000      0.00000000
  0.01360000 -0.39769981E+02  0.25822449E+00      0.00000000      0.00000000
  0.01380000 -0.39513405E+02  0.25470161E+00      0.00000000      0.00000000
  0.01400000 -0.39260208E+02  0.25127792E+00      0.00000000      0.00000000
  0.01420000 -0.39007805E+02  0.24791336E+00      0.00000000      0.00000000
  0.01440000 -0.38760651E+02  0.24465561E+00      0.00000000      0.00000000
  0.01460000 -0.38515907E+02  0.24144936E+00      0.00000000      0.00000000
  0.01480000 -0.38278816E+02  0.23835373E+00      0.00000000      0.00000000
  0.01500000 -0.38042381E+02  0.23527336E+00      0.00000000      0.00000000
  0.01520000 -0.37810303E+02  0.23228073E+00      0.00000000      0.00000000
  0.01540000 -0.37574173E+02  0.22922897E+00      0.00000000      0.00000000
  0.01560000 -0.37348236E+02  0.22632599E+00      0.00000000      0.00000000
  0.01580000 -0.37121735E+02  0.22345734E+00      0.00000000      0.00000000
  0.01600000 -0.36899323E+02  0.22068787E+00      0.00000000      0.00000000
  0.01619999 -0.36682159E+02  0.21795654E+00      0.00000000      0.00000000
  0.01640000 -0.36467949E+02  0.21527100E+00      0.00000000      0.00000000
  0.01660000 -0.36252609E+02  0.21261597E+00      0.00000000      0.00000000
  0.01680000 -0.36042923E+02  0.21002197E+00      0.00000000      0.00000000
  0.01700000 -0.35834320E+02  0.20751953E+00      0.00000000      0.00000000
  0.01720000 -0.35627838E+02  0.20495605E+00      0.00000000      0.00000000
  0.01740000 -0.35426208E+02  0.20254517E+00      0.00000000      0.00000000
  0.01760000 -0.35224426E+02  0.20011902E+00      0.00000000      0.00000000
  0.01780000 -0.35025574E+02  0.19776154E+00      0.00000000      0.00000000
  0.01800000 -0.34831512E+02  0.19549561E+00      0.00000000      0.00000000
  0.01820000 -0.34635178E+02  0.19315720E+00      0.00000000      0.00000000
  0.01840000 -0.34443100E+02  0.19092941E+00      0.00000000      0.00000000
  0.01860000 -0.34252655E+02  0.18868637E+00      0.00000000      0.00000000
  0.01880000 -0.34065712E+02  0.18652725E+00      0.00000000      0.00000000
  0.01900000 -0.33878960E+02  0.18437767E+00      0.00000000      0.00000000
  0.01920000 -0.33693798E+02  0.18227386E+00      0.00000000      0.00000000
  0.01940000 -0.33512676E+02  0.18023109E+00      0.00000000      0.00000000
  0.01960000 -0.33332863E+02  0.17819977E+00      0.00000000      0.00000000
  0.01980000 -0.33155468E+02  0.17620850E+00      0.00000000      0.00000000
  0.02000000 -0.32980885E+02  0.17425919E+00      0.00000000      0.00000000
  0.02020000 -0.32808426E+02  0.17236328E+00      0.00000000      0.00000000
  0.02040000 -0.32637314E+02  0.17047119E+00      0.00000000      0.00000000
  0.02060000 -0.32469025E+02  0.16860962E+00      0.00000000      0.00000000
  0.02080000 -0.32299534E+02  0.16674805E+00      0.00000000      0.00000000
  0.02100000 -0.32131744E+02  0.16485596E+00      0.00000000      0.00000000
  0.02120000 -0.31970581E+02  0.16317749E+00      0.00000000      0.00000000
  0.02140000 -0.31807892E+02  0.16147614E+00      0.00000000      0.00000000
  0.02160000 -0.31649139E+02  0.15978241E+00      0.00000000      0.00000000
  0.02180000 -0.31489304E+02  0.15805435E+00      0.00000000      0.00000000
  0.02200000 -0.31331131E+02  0.15637016E+00      0.00000000      0.00000000
  0.02220000 -0.31174118E+02  0.15469933E+00      0.00000000      0.00000000
  0.02240000 -0.31019867E+02  0.15309238E+00      0.00000000      0.00000000
  0.02260000 -0.30867874E+02  0.15154743E+00      0.00000000      0.00000000
  0.02280000 -0.30717857E+02  0.14997578E+00      0.00000000      0.00000000
  0.02300000 -0.30567940E+02  0.14842939E+00      0.00000000      0.00000000
  0.02320000 -0.30420189E+02  0.14690685E+00      0.00000000      0.00000000
  0.02340000 -0.30275887E+02  0.14546061E+00      0.00000000      0.00000000
  0.02360000 -0.30130684E+02  0.14399576E+00      0.00000000      0.00000000
  0.02380000 -0.29986931E+02  0.14253807E+00      0.00000000      0.00000000
  0.02400000 -0.29845955E+02  0.14111280E+00      0.00000000      0.00000000
  0.02420000 -0.29704506E+02  0.13970351E+00      0.00000000      0.00000000
  0.02440000 -0.29565842E+02  0.13833690E+00      0.00000000      0.00000000
  0.02460000 -0.29429787E+02  0.13697004E+00      0.00000000      0.00000000
  0.02480000 -0.29293915E+02  0.13564849E+00      0.00000000      0.00000000
  0.02500000 -0.29158119E+02  0.13433170E+00      0.00000000      0.00000000
  0.02520000 -0.29023598E+02  0.13302636E+00      0.00000000      0.00000000
  0.02540000 -0.28891769E+02  0.13176346E+00      0.00000000      0.00000000
  0.02560000 -0.28759750E+02  0.13047171E+00      0.00000000      0.00000000
  0.02580000 -0.28630047E+02  0.12922657E+00      0.00000000      0.00000000
  0.02600000 -0.28502636E+02  0.12800717E+00      0.00000000      0.00000000
  0.02620000 -0.28374123E+02  0.12677431E+00      0.00000000      0.00000000
  0.02640000 -0.28246792E+02  0.12557065E+00      0.00000000      0.00000000
  0.02660000 -0.28122334E+02  0.12440169E+00      0.00000000      0.00000000
  0.02680000 -0.27997509E+02  0.12323475E+00      0.00000000      0.00000000
  0.02700000 -0.27875900E+02  0.12211537E+00      0.00000000      0.00000000
  0.02720000 -0.27755123E+02  0.12097394E+00      0.00000000      0.00000000
  0.02740000 -0.27634544E+02  0.11986434E+00      0.00000000      0.00000000
  0.02760000 -0.27515362E+02  0.11875951E+00      0.00000000      0.00000000
  0.02780000 -0.27395821E+02  0.11765087E+00      0.00000000      0.00000000
  0.02800000 -0.27279625E+02  0.11660433E+00      0.00000000      0.00000000
  0.02820000 -0.27163071E+02  0.11557913E+00      0.00000000      0.00000000
  0.02840000 -0.27048618E+02  0.11454576E+00      0.00000000      0.00000000
  0.02860000 -0.26935436E+02  0.11352766E+00      0.00000000      0.00000000
  0.02880000 -0.26822227E+02  0.11249232E+00      0.00000000      0.00000000
  0.02900000 -0.26708553E+02  0.11149752E+00      0.00000000      0.00000000
  0.02920000 -0.26596478E+02  0.11049277E+00      0.00000000      0.00000000
  0.02940000 -0.26488407E+02  0.10955429E+00      0.00000000      0.00000000
  0.02959999 -0.26378963E+02  0.10859126E+00      0.00000000      0.00000000
  0.02980000 -0.26269146E+02  0.10762560E+00      0.00000000      0.00000000
  0.03000000 -0.26161640E+02  0.10667205E+00      0.00000000      0.00000000
  0.03020000 -0.26055969E+02  0.10575294E+00      0.00000000      0.00000000
  0.03040000 -0.25951099E+02  0.10486591E+00      0.00000000      0.00000000
  0.03060000 -0.25846172E+02  0.10395521E+00      0.00000000      0.00000000
  0.03080000 -0.25743971E+02  0.10310358E+00      0.00000000      0.00000000
  0.03100000 -0.25640959E+02  0.10220414E+00      0.00000000      0.00000000
  0.03120000 -0.25539942E+02  0.10135728E+00      0.00000000      0.00000000
  0.03140000 -0.25441000E+02  0.10051286E+00      0.00000000      0.00000000
  0.03160000 -0.25341446E+02  0.99668026E-01      0.00000000      0.00000000
  0.03179999 -0.25239887E+02  0.98833680E-01      0.00000000      0.00000000
  0.03200001 -0.25141272E+02  0.98001301E-01      0.00000000      0.00000000
  0.03220000 -0.25043198E+02  0.97160697E-01      0.00000000      0.00000000
  0.03240000 -0.24945398E+02  0.96353531E-01      0.00000000      0.00000000
  0.03260000 -0.24849924E+02  0.95594138E-01      0.00000000      0.00000000
  0.03280000 -0.24754496E+02  0.94817132E-01      0.00000000      0.00000000
  0.03300000 -0.24661089E+02  0.94036102E-01      0.00000000      0.00000000
  0.03320000 -0.24567572E+02  0.93283713E-01      0.00000000      0.00000000
  0.03340000 -0.24476156E+02  0.92534095E-01      0.00000000      0.00000000
  0.03360000 -0.24384577E+02  0.91796041E-01      0.00000000      0.00000000
  0.03380000 -0.24294104E+02  0.91072530E-01      0.00000000      0.00000000
  0.03399999 -0.24202629E+02  0.90342373E-01      0.00000000      0.00000000
  0.03420001 -0.24110989E+02  0.89616686E-01      0.00000000      0.00000000
  0.03440000 -0.24021729E+02  0.88894695E-01      0.00000000      0.00000000
  0.03460000 -0.23931976E+02  0.88175982E-01      0.00000000      0.00000000
  0.03479999 -0.23843948E+02  0.87470055E-01      0.00000000      0.00000000
  0.03500000 -0.23757111E+02  0.86809218E-01      0.00000000      0.00000000
  0.03520000 -0.23672361E+02  0.86155355E-01      0.00000000      0.00000000
  0.03540000 -0.23585735E+02  0.85473806E-01      0.00000000      0.00000000
  0.03560000 -0.23501263E+02  0.84821522E-01      0.00000000      0.00000000
  0.03580000 -0.23416269E+02  0.84171981E-01      0.00000000      0.00000000
  0.03600000 -0.23332079E+02  0.83529174E-01      0.00000000      0.00000000
  0.03619999 -0.23248684E+02  0.82882404E-01      0.00000000      0.00000000
  0.03640000 -0.23166363E+02  0.82245618E-01      0.00000000      0.00000000
  0.03660000 -0.23084908E+02  0.81593722E-01      0.00000000      0.00000000
  0.03680000 -0.23003401E+02  0.80979466E-01      0.00000000      0.00000000
  0.03700000 -0.22922379E+02  0.80379367E-01      0.00000000      0.00000000
  0.03720000 -0.22842939E+02  0.79784870E-01      0.00000000      0.00000000
  0.03740000 -0.22763485E+02  0.79190284E-01      0.00000000      0.00000000
  0.03760000 -0.22684893E+02  0.78601778E-01      0.00000000      0.00000000
  0.03780000 -0.22607288E+02  0.78014970E-01      0.00000000      0.00000000
  0.03800000 -0.22529587E+02  0.77449992E-01      0.00000000      0.00000000
  0.03820000 -0.22451107E+02  0.76874822E-01      0.00000000      0.00000000
  0.03839999 -0.22374115E+02  0.76291129E-01      0.00000000      0.00000000
  0.03860000 -0.22297562E+02  0.75717583E-01      0.00000000      0.00000000
  0.03880000 -0.22222574E+02  0.75160280E-01      0.00000000      0.00000000
  0.03900000 -0.22148323E+02  0.74611142E-01      0.00000000      0.00000000
  0.03920000 -0.22073851E+02  0.74102685E-01      0.00000000      0.00000000
  0.03940000 -0.22000393E+02  0.73565274E-01      0.00000000      0.00000000
  0.03960000 -0.21927361E+02  0.73053241E-01      0.00000000      0.00000000
  0.03980000 -0.21854383E+02  0.72507426E-01      0.00000000      0.00000000
  0.04000000 -0.21781418E+02  0.71995810E-01      0.00000000      0.00000000
  0.04020000 -0.21709782E+02  0.71492717E-01      0.00000000      0.00000000
  0.04040000 -0.21637745E+02  0.70970967E-01      0.00000000      0.00000000
  0.04060000 -0.21567635E+02  0.70481092E-01      0.00000000      0.00000000
  0.04080000 -0.21496849E+02  0.69983259E-01      0.00000000      0.00000000
  0.04100000 -0.21427551E+02  0.69509104E-01      0.00000000      0.00000000
  0.04120000 -0.21359047E+02  0.69030493E-01      0.00000000      0.00000000
  0.04140000 -0.21289997E+02  0.68528742E-01      0.00000000      0.00000000
  0.04160000 -0.21221415E+02  0.68038568E-01      0.00000000      0.00000000
  0.04180000 -0.21153582E+02  0.67580149E-01      0.00000000      0.00000000
  0.04200000 -0.21085508E+02  0.67128092E-01      0.00000000      0.00000000
  0.04220000 -0.21018839E+02  0.66654205E-01      0.00000000      0.00000000
  0.04240000 -0.20952347E+02  0.66201150E-01      0.00000000      0.00000000
  0.04260000 -0.20886093E+02  0.65739900E-01      0.00000000      0.00000000
  0.04280000 -0.20820389E+02  0.65286949E-01      0.00000000      0.00000000
  0.04300000 -0.20755636E+02  0.64848870E-01      0.00000000      0.00000000
  0.04320000 -0.20691216E+02  0.64420715E-01      0.00000000      0.00000000
  0.04340000 -0.20627014E+02  0.63976094E-01      0.00000000      0.00000000
  0.04360000 -0.20563643E+02  0.63574716E-01      0.00000000      0.00000000
  0.04380000 -0.20500172E+02  0.63122705E-01      0.00000000      0.00000000
  0.04400000 -0.20437321E+02  0.62707454E-01      0.00000000      0.00000000
  0.04420000 -0.20375149E+02  0.62292203E-01      0.00000000      0.00000000
  0.04440000 -0.20312710E+02  0.61893262E-01      0.00000000      0.00000000
  0.04460000 -0.20250801E+02  0.61492085E-01      0.00000000      0.00000000
  0.04480000 -0.20188477E+02  0.61075091E-01      0.00000000      0.00000000
  0.04500000 -0.20127861E+02  0.60671672E-01      0.00000000      0.00000000
  0.04520000 -0.20067232E+02  0.60284190E-01      0.00000000      0.00000000
  0.04539999 -0.20007790E+02  0.59895873E-01      0.00000000      0.00000000
  0.04560000 -0.19947777E+02  0.59503883E-01      0.00000000      0.00000000
  0.04580000 -0.19888481E+02  0.59115909E-01      0.00000000      0.00000000
  0.04600000 -0.19829391E+02  0.58737218E-01      0.00000000      0.00000000
  0.04620000 -0.19771343E+02  0.58339655E-01      0.00000000      0.00000000
  0.04640000 -0.19712620E+02  0.57970002E-01      0.00000000      0.00000000
  0.04660000 -0.19654938E+02  0.57607099E-01      0.00000000      0.00000000
  0.04680000 -0.19597589E+02  0.57247639E-01      0.00000000      0.00000000
  0.04700000 -0.19540043E+02  0.56871429E-01      0.00000000      0.00000000
  0.04720000 -0.19483864E+02  0.56501068E-01      0.00000000      0.00000000
  0.04740000 -0.19428127E+02  0.56155406E-01      0.00000000      0.00000000
  0.04759999 -0.19372585E+02  0.55807136E-01      0.00000000      0.00000000
  0.04780000 -0.19316992E+02  0.55465654E-01      0.00000000      0.00000000
  0.04800000 -0.19262035E+02  0.55116475E-01      0.00000000      0.00000000
  0.04820000 -0.19207096E+02  0.54773398E-01      0.00000000      0.00000000
  0.04840000 -0.19151974E+02  0.54428466E-01      0.00000000      0.00000000
  0.04860000 -0.19097580E+02  0.54088354E-01      0.00000000      0.00000000
  0.04880000 -0.19043909E+02  0.53748928E-01      0.00000000      0.00000000
  0.04899999 -0.18990543E+02  0.53426333E-01      0.00000000      0.00000000
  0.04920000 -0.18937313E+02  0.53108141E-01      0.00000000      0.00000000
  0.04940000 -0.18884808E+02  0.52793786E-01      0.00000000      0.00000000
  0.04960000 -0.18832737E+02  0.52470617E-01      0.00000000      0.00000000
  0.04979999 -0.18780392E+02  0.52150249E-01      0.00000000      0.00000000
  0.05000000 -0.18728729E+02  0.51830918E-01      0.00000000      0.00000000
  0.05020000 -0.18676464E+02  0.51509656E-01      0.00000000      0.00000000
  0.05040000 -0.18624334E+02  0.51188476E-01      0.00000000      0.00000000
  0.05060000 -0.18573296E+02  0.50884679E-01      0.00000000      0.00000000
  0.05080000 -0.18522635E+02  0.50594218E-01      0.00000000      0.00000000
  0.05100000 -0.18472614E+02  0.50291389E-01      0.00000000      0.00000000
  0.05119999 -0.18422674E+02  0.49995542E-01      0.00000000      0.00000000
  0.05140000 -0.18372841E+02  0.49704567E-01      0.00000000      0.00000000
  0.05160000 -0.18322529E+02  0.49413428E-01      0.00000000      0.00000000
  0.05180000 -0.18273420E+02  0.49119458E-01      0.00000000      0.00000000
  0.05199999 -0.18224804E+02  0.48819482E-01      0.00000000      0.00000000
  0.05220000 -0.18176186E+02  0.48525147E-01      0.00000000      0.00000000
  0.05240000 -0.18127220E+02  0.48240393E-01      0.00000000      0.00000000
  0.05260000 -0.18078579E+02  0.47953807E-01      0.00000000      0.00000000
  0.05280000 -0.18030708E+02  0.47682725E-01      0.00000000      0.00000000
  0.05300000 -0.17983923E+02  0.47413304E-01      0.00000000      0.00000000
  0.05320000 -0.17936832E+02  0.47128610E-01      0.00000000      0.00000000
  0.05339999 -0.17889944E+02  0.46861082E-01      0.00000000      0.00000000
  0.05360000 -0.17843212E+02  0.46584651E-01      0.00000000      0.00000000
  0.05380000 -0.17796381E+02  0.46319235E-01      0.00000000      0.00000000
  0.05400000 -0.17749813E+02  0.46049323E-01      0.00000000      0.00000000
  0.05420000 -0.17704075E+02  0.45793507E-01      0.00000000      0.00000000
  0.05440000 -0.17657856E+02  0.45531262E-01      0.00000000      0.00000000
  0.05460000 -0.17612858E+02  0.45261350E-01      0.00000000      0.00000000
  0.05480000 -0.17567375E+02  0.45010809E-01      0.00000000      0.00000000
  0.05500000 -0.17522453E+02  0.44755951E-01      0.00000000      0.00000000
  0.05520000 -0.17478376E+02  0.44502225E-01      0.00000000      0.00000000
  0.05540000 -0.17433794E+02  0.44266645E-01      0.00000000      0.00000000
  0.05560000 -0.17389555E+02  0.44023134E-01      0.00000000      0.00000000
  0.05580000 -0.17345371E+02  0.43767113E-01      0.00000000      0.00000000
  0.05600000 -0.17302233E+02  0.43524064E-01      0.00000000      0.00000000
  0.05620000 -0.17258421E+02  0.43268856E-01      0.00000000      0.00000000
  0.05640000 -0.17215565E+02  0.43026190E-01      0.00000000      0.00000000
  0.05660000 -0.17172939E+02  0.42795137E-01      0.00000000      0.00000000
  0.05680000 -0.17129879E+02  0.42572137E-01      0.00000000      0.00000000
  0.05700000 -0.17087658E+02  0.42330559E-01      0.00000000      0.00000000
  0.05720000 -0.17045139E+02  0.42119779E-01      0.00000000      0.00000000
  0.05740000 -0.17003479E+02  0.41884888E-01      0.00000000      0.00000000
  0.05760000 -0.16961563E+02  0.41669331E-01      0.00000000      0.00000000
  0.05780000 -0.16920181E+02  0.41426040E-01      0.00000000      0.00000000
  0.05800000 -0.16878702E+02  0.41207045E-01      0.00000000      0.00000000
  0.05819999 -0.16837303E+02  0.40954888E-01      0.00000000      0.00000000
  0.05840000 -0.16796591E+02  0.40746115E-01      0.00000000      0.00000000
  0.05860000 -0.16755978E+02  0.40521204E-01      0.00000000      0.00000000
  0.05880000 -0.16715809E+02  0.40313616E-01      0.00000000      0.00000000
  0.05900000 -0.16675564E+02  0.40101055E-01      0.00000000      0.00000000
  0.05920000 -0.16636171E+02  0.39885007E-01      0.00000000      0.00000000
  0.05940000 -0.16596581E+02  0.39685342E-01      0.00000000      0.00000000
  0.05960000 -0.16556793E+02  0.39466865E-01      0.00000000      0.00000000
  0.05980000 -0.16516842E+02  0.39260022E-01      0.00000000      0.00000000
  0.06000000 -0.16477549E+02  0.39049927E-01      0.00000000      0.00000000
  0.06020000 -0.16438766E+02  0.38842697E-01      0.00000000      0.00000000
  0.06039999 -0.16400249E+02  0.38642533E-01      0.00000000      0.00000000
  0.06060000 -0.16361296E+02  0.38436536E-01      0.00000000      0.00000000
  0.06080000 -0.16322361E+02  0.38239673E-01      0.00000000      0.00000000
  0.06100000 -0.16284510E+02  0.38031351E-01      0.00000000      0.00000000
  0.06119999 -0.16246611E+02  0.37836902E-01      0.00000000      0.00000000
  0.06140000 -0.16208805E+02  0.37648287E-01      0.00000000      0.00000000
  0.06160000 -0.16171631E+02  0.37450027E-01      0.00000000      0.00000000
  0.06180000 -0.16133934E+02  0.37248924E-01      0.00000000      0.00000000
  0.06200000 -0.16096825E+02  0.37070919E-01      0.00000000      0.00000000
  0.06220000 -0.16059902E+02  0.36881596E-01      0.00000000      0.00000000
  0.06240000 -0.16023197E+02  0.36690984E-01      0.00000000      0.00000000
  0.06259999 -0.15986902E+02  0.36502745E-01      0.00000000      0.00000000
  0.06280001 -0.15950344E+02  0.36314115E-01      0.00000000      0.00000000
  0.06300000 -0.15914160E+02  0.36126610E-01      0.00000000      0.00000000
  0.06320000 -0.15878465E+02  0.35965312E-01      0.00000000      0.00000000
  0.06339999 -0.15842129E+02  0.35770629E-01      0.00000000      0.00000000
  0.06360000 -0.15806739E+02  0.35589460E-01      0.00000000      0.00000000
  0.06380000 -0.15771280E+02  0.35409339E-01      0.00000000      0.00000000
  0.06400000 -0.15735714E+02  0.35222851E-01      0.00000000      0.00000000
  0.06420000 -0.15701076E+02  0.35050955E-01      0.00000000      0.00000000
  0.06440000 -0.15665968E+02  0.34881890E-01      0.00000000      0.00000000
  0.06460000 -0.15631085E+02  0.34704126E-01      0.00000000      0.00000000
  0.06479999 -0.15596350E+02  0.34532171E-01      0.00000000      0.00000000
  0.06500000 -0.15561935E+02  0.34362402E-01      0.00000000      0.00000000
  0.06520000 -0.15527603E+02  0.34174748E-01      0.00000000      0.00000000
  0.06540000 -0.15493511E+02  0.34005605E-01      0.00000000      0.00000000
  0.06559999 -0.15459338E+02  0.33843923E-01      0.00000000      0.00000000
  0.06580000 -0.15425452E+02  0.33680502E-01      0.00000000      0.00000000
  0.06600000 -0.15392365E+02  0.33522472E-01      0.00000000      0.00000000
  0.06620000 -0.15359013E+02  0.33360153E-01      0.00000000      0.00000000
  0.06640000 -0.15325894E+02  0.33187464E-01      0.00000000      0.00000000
  0.06660000 -0.15292816E+02  0.33031266E-01      0.00000000      0.00000000
  0.06680001 -0.15259480E+02  0.32867689E-01      0.00000000      0.00000000
  0.06699999 -0.15226629E+02  0.32703750E-01      0.00000000      0.00000000
  0.06720000 -0.15194160E+02  0.32544632E-01      0.00000000      0.00000000
  0.06739999 -0.15161497E+02  0.32382928E-01      0.00000000      0.00000000
  0.06760000 -0.15129173E+02  0.32234594E-01      0.00000000      0.00000000
  0.06780000 -0.15097153E+02  0.32096326E-01      0.00000000      0.00000000
  0.06800000 -0.15065187E+02  0.31940773E-01      0.00000000      0.00000000
  0.06820000 -0.15033499E+02  0.31779345E-01      0.00000000      0.00000000
  0.06840000 -0.15001698E+02  0.31624999E-01      0.00000000      0.00000000
  0.06859999 -0.14969866E+02  0.31481482E-01      0.00000000      0.00000000
  0.06880000 -0.14938412E+02  0.31329088E-01      0.00000000      0.00000000
  0.06900001 -0.14907455E+02  0.31187406E-01      0.00000000      0.00000000
  0.06919999 -0.14876429E+02  0.31035569E-01      0.00000000      0.00000000
  0.06940000 -0.14844879E+02  0.30895397E-01      0.00000000      0.00000000
  0.06960000 -0.14814132E+02  0.30754473E-01      0.00000000      0.00000000
  0.06980000 -0.14783509E+02  0.30605286E-01      0.00000000      0.00000000
  0.07000000 -0.14752848E+02  0.30457785E-01      0.00000000      0.00000000
  0.07020000 -0.14722673E+02  0.30314699E-01      0.00000000      0.00000000
  0.07040000 -0.14692869E+02  0.30168641E-01      0.00000000      0.00000000
  0.07060000 -0.14662632E+02  0.30024447E-01      0.00000000      0.00000000
  0.07079999 -0.14632555E+02  0.29884519E-01      0.00000000      0.00000000
  0.07099999 -0.14602937E+02  0.29752793E-01      0.00000000      0.00000000
  0.07120001 -0.14572971E+02  0.29600175E-01      0.00000000      0.00000000
  0.07139999 -0.14543531E+02  0.29468469E-01      0.00000000      0.00000000
  0.07160000 -0.14514275E+02  0.29336805E-01      0.00000000      0.00000000
  0.07180000 -0.14484728E+02  0.29218024E-01      0.00000000      0.00000000
  0.07200000 -0.14455374E+02  0.29090192E-01      0.00000000      0.00000000
  0.07220000 -0.14426586E+02  0.28952908E-01      0.00000000      0.00000000
  0.07239999 -0.14397301E+02  0.28810907E-01      0.00000000      0.00000000
  0.07260000 -0.14368632E+02  0.28673366E-01      0.00000000      0.00000000
  0.07280000 -0.14339958E+02  0.28541880E-01      0.00000000      0.00000000
  0.07299999 -0.14311836E+02  0.28419966E-01      0.00000000      0.00000000
  0.07319999 -0.14283544E+02  0.28290180E-01      0.00000000      0.00000000
  0.07340001 -0.14255198E+02  0.28169023E-01      0.00000000      0.00000000
  0.07359999 -0.14226717E+02  0.28045038E-01      0.00000000      0.00000000
  0.07380000 -0.14198205E+02  0.27914731E-01      0.00000000      0.00000000
  0.07400000 -0.14170341E+02  0.27784767E-01      0.00000000      0.00000000
  0.07420000 -0.14142662E+02  0.27653102E-01      0.00000000      0.00000000
  0.07440000 -0.14115323E+02  0.27539017E-01      0.00000000      0.00000000
  0.07460000 -0.14088102E+02  0.27411554E-01      0.00000000      0.00000000
  0.07480000 -0.14060963E+02  0.27300620E-01      0.00000000      0.00000000
  0.07500000 -0.14033591E+02  0.27178206E-01      0.00000000      0.00000000
  0.07519999 -0.14006614E+02  0.27053978E-01      0.00000000      0.00000000
  0.07539999 -0.13979479E+02  0.26939230E-01      0.00000000      0.00000000
  0.07560000 -0.13952777E+02  0.26819777E-01      0.00000000      0.00000000
  0.07579999 -0.13926193E+02  0.26692662E-01      0.00000000      0.00000000
  0.07600000 -0.13899693E+02  0.26575396E-01      0.00000000      0.00000000
  0.07620000 -0.13873012E+02  0.26468122E-01      0.00000000      0.00000000
  0.07640000 -0.13846704E+02  0.26349103E-01      0.00000000      0.00000000
  0.07660000 -0.13820618E+02  0.26236737E-01      0.00000000      0.00000000
  0.07680000 -0.13794014E+02  0.26123654E-01      0.00000000      0.00000000
  0.07699999 -0.13768119E+02  0.26016491E-01      0.00000000      0.00000000
  0.07720000 -0.13742153E+02  0.25896382E-01      0.00000000      0.00000000
  0.07739999 -0.13716484E+02  0.25790013E-01      0.00000000      0.00000000
  0.07759999 -0.13690905E+02  0.25683552E-01      0.00000000      0.00000000
  0.07780000 -0.13665338E+02  0.25564805E-01      0.00000000      0.00000000
  0.07799999 -0.13639855E+02  0.25449632E-01      0.00000000      0.00000000
  0.07820000 -0.13614590E+02  0.25352973E-01      0.00000000      0.00000000
  0.07840000 -0.13589474E+02  0.25238931E-01      0.00000000      0.00000000
  0.07860000 -0.13564043E+02  0.25141558E-01      0.00000000      0.00000000
  0.07880000 -0.13538820E+02  0.25021080E-01      0.00000000      0.00000000
  0.07900000 -0.13513888E+02  0.24923317E-01      0.00000000      0.00000000
  0.07919999 -0.13489216E+02  0.24819801E-01      0.00000000      0.00000000
  0.07940000 -0.13464513E+02  0.24713498E-01      0.00000000      0.00000000
  0.07960001 -0.13439823E+02  0.24609922E-01      0.00000000      0.00000000
  0.07979999 -0.13415349E+02  0.24500541E-01      0.00000000      0.00000000
