 -0.04000000  0.26373145E+03  0.14742482E+02      0.00000000      0.00000000
 -0.03980000  0.27925842E+03  0.16576355E+02      0.00000000      0.00000000
 -0.03960000  0.29658679E+03  0.18763081E+02      0.00000000      0.00000000
 -0.03940000  0.31653729E+03  0.21466267E+02      0.00000000      0.00000000
 -0.03920000  0.33948038E+03  0.24815414E+02      0.00000000      0.00000000
 -0.03900000  0.36614026E+03  0.29067692E+02      0.00000000      0.00000000
 -0.03880000  0.39717249E+03  0.34473335E+02      0.00000000      0.00000000
 -0.03860000  0.43433777E+03  0.41686600E+02      0.00000000      0.00000000
 -0.03840000  0.47966876E+03  0.51572071E+02      0.00000000      0.00000000
 -0.03820000  0.53595142E+03  0.65577126E+02      0.00000000      0.00000000
 -0.03800000  0.60791833E+03  0.86526855E+02      0.00000000      0.00000000
 -0.03780000  0.70273120E+03  0.11985201E+03      0.00000000      0.00000000
 -0.03760000  0.83470679E+03  0.17887619E+03      0.00000000      0.00000000
 -0.03740000  0.10313909E+04  0.30120026E+03      0.00000000      0.00000000
 -0.03720000  0.13176512E+04  0.60330664E+03      0.00000000      0.00000000
 -0.03700000  0.14737180E+04  0.14733247E+04      0.00000000      0.00000000
 -0.03680000  0.18953519E+03  0.22852949E+04      0.00000000      0.00000000
 -0.03660000 -0.70598608E+03  0.12412021E+04      0.00000000      0.00000000
 -0.03640000 -0.38101501E+03  0.61118451E+03      0.00000000      0.00000000
 -0.03620000  0.10838056E+02  0.48096591E+03      0.00000000      0.00000000
 -0.03600000  0.40851120E+03  0.63974658E+03      0.00000000      0.00000000
 -0.03580000  0.69096753E+03  0.13423400E+04      0.00000000      0.00000000
 -0.03560000 -0.32619156E+03  0.22483411E+04      0.00000000      0.00000000
 -0.03540000 -0.14777190E+04  0.13815653E+04      0.00000000      0.00000000
 -0.03520000 -0.12932493E+04  0.56892334E+03      0.00000000      0.00000000
 -0.03500000 -0.10149154E+04  0.28841223E+03      0.00000000      0.00000000
 -0.03480000 -0.82393079E+03  0.17261906E+03      0.00000000      0.00000000
 -0.03460000 -0.69443176E+03  0.11592400E+03      0.00000000      0.00000000
 -0.03440000 -0.60091406E+03  0.83677322E+02      0.00000000      0.00000000
 -0.03420000 -0.53061371E+03  0.63547165E+02      0.00000000      0.00000000
 -0.03400000 -0.47559344E+03  0.50097210E+02      0.00000000      0.00000000
 -0.03380000 -0.43150763E+03  0.40651558E+02      0.00000000      0.00000000
 -0.03360000 -0.39560529E+03  0.33786480E+02      0.00000000      0.00000000
 -0.03340000 -0.36515369E+03  0.28539150E+02      0.00000000      0.00000000
 -0.03320000 -0.33884473E+03  0.24385246E+02      0.00000000      0.00000000
 -0.03300000 -0.31620670E+03  0.21110872E+02      0.00000000      0.00000000
 -0.03280000 -0.29696509E+03  0.18523941E+02      0.00000000      0.00000000
 -0.03260000 -0.27970312E+03  0.16366386E+02      0.00000000      0.00000000
 -0.03240000 -0.26449103E+03  0.14572359E+02      0.00000000      0.00000000
 -0.03220000 -0.25091873E+03  0.13076620E+02      0.00000000      0.00000000
 -0.03200000 -0.23856949E+03  0.11787925E+02      0.00000000      0.00000000
 -0.03180000 -0.22727576E+03  0.10668552E+02      0.00000000      0.00000000
 -0.03160000 -0.21729056E+03  0.97346239E+01      0.00000000      0.00000000
 -0.03140000 -0.20799417E+03  0.88993053E+01      0.00000000      0.00000000
 -0.03120000 -0.19944617E+03  0.81702785E+01      0.00000000      0.00000000
 -0.03100000 -0.19166432E+03  0.75303555E+01      0.00000000      0.00000000
 -0.03080000 -0.18448859E+03  0.69633780E+01      0.00000000      0.00000000
 -0.03060000 -0.17781253E+03  0.64617004E+01      0.00000000      0.00000000
 -0.03040000 -0.17159949E+03  0.60120683E+01      0.00000000      0.00000000
 -0.03020000 -0.16583600E+03  0.56034842E+01      0.00000000      0.00000000
 -0.03000000 -0.16042911E+03  0.52377853E+01      0.00000000      0.00000000
 -0.02980000 -0.15535370E+03  0.49061680E+01      0.00000000      0.00000000
 -0.02960000 -0.15059222E+03  0.46054249E+01      0.00000000      0.00000000
 -0.02940000 -0.14614987E+03  0.43331413E+01      0.00000000      0.00000000
 -0.02920000 -0.14195357E+03  0.40844698E+01      0.00000000      0.00000000
 -0.02900000 -0.13795697E+03  0.38529220E+01      0.00000000      0.00000000
 -0.02880000 -0.13418694E+03  0.36431987E+01      0.00000000      0.00000000
 -0.02860000 -0.13065056E+03  0.34496021E+01      0.00000000      0.00000000
 -0.02840000 -0.12726221E+03  0.32706752E+01      0.00000000      0.00000000
 -0.02820000 -0.12409412E+03  0.31074104E+01      0.00000000      0.00000000
 -0.02800000 -0.12108350E+03  0.29572768E+01      0.00000000      0.00000000
 -0.02780000 -0.11821770E+03  0.28165126E+01      0.00000000      0.00000000
 -0.02760000 -0.11543739E+03  0.26831529E+01      0.00000000      0.00000000
 -0.02740000 -0.11281313E+03  0.25602837E+01      0.00000000      0.00000000
 -0.02720000 -0.11027885E+03  0.24451284E+01      0.00000000      0.00000000
 -0.02700000 -0.10791280E+03  0.23398778E+01      0.00000000      0.00000000
 -0.02680000 -0.10564188E+03  0.22404113E+01      0.00000000      0.00000000
 -0.02660000 -0.10345655E+03  0.21476221E+01      0.00000000      0.00000000
 -0.02640000 -0.10134238E+03  0.20597470E+01      0.00000000      0.00000000
 -0.02620000 -0.99316574E+02  0.19770043E+01      0.00000000      0.00000000
 -0.02600000 -0.97381119E+02  0.18990405E+01      0.00000000      0.00000000
 -0.02580000 -0.95507881E+02  0.18254507E+01      0.00000000      0.00000000
 -0.02560000 -0.93709229E+02  0.17560349E+01      0.00000000      0.00000000
 -0.02540000 -0.91996361E+02  0.16917067E+01      0.00000000      0.00000000
 -0.02520000 -0.90341217E+02  0.16306517E+01      0.00000000      0.00000000
 -0.02500000 -0.88740402E+02  0.15724748E+01      0.00000000      0.00000000
 -0.02480000 -0.87179665E+02  0.15168414E+01      0.00000000      0.00000000
 -0.02460000 -0.85711868E+02  0.14652941E+01      0.00000000      0.00000000
 -0.02440000 -0.84276062E+02  0.14162078E+01      0.00000000      0.00000000
 -0.02420000 -0.82884109E+02  0.13682454E+01      0.00000000      0.00000000
 -0.02400000 -0.81543076E+02  0.13237710E+01      0.00000000      0.00000000
 -0.02380000 -0.80237144E+02  0.12811131E+01      0.00000000      0.00000000
 -0.02360000 -0.78965775E+02  0.12401891E+01      0.00000000      0.00000000
 -0.02340000 -0.77750374E+02  0.12019728E+01      0.00000000      0.00000000
 -0.02320000 -0.76569206E+02  0.11649182E+01      0.00000000      0.00000000
 -0.02300000 -0.75420395E+02  0.11303201E+01      0.00000000      0.00000000
 -0.02280000 -0.74305702E+02  0.10963131E+01      0.00000000      0.00000000
 -0.02260000 -0.73233459E+02  0.10642498E+01      0.00000000      0.00000000
 -0.02240000 -0.72170227E+02  0.10326459E+01      0.00000000      0.00000000
 -0.02220000 -0.71159698E+02  0.10037568E+01      0.00000000      0.00000000
 -0.02200000 -0.70172050E+02  0.97547412E+00      0.00000000      0.00000000
 -0.02180000 -0.69203957E+02  0.94821870E+00      0.00000000      0.00000000
 -0.02160000 -0.68281860E+02  0.92263794E+00      0.00000000      0.00000000
 -0.02140000 -0.67366783E+02  0.89783967E+00      0.00000000      0.00000000
 -0.02120000 -0.66480202E+02  0.87355268E+00      0.00000000      0.00000000
 -0.02100000 -0.65619713E+02  0.85059297E+00      0.00000000      0.00000000
 -0.02080000 -0.64778320E+02  0.82839525E+00      0.00000000      0.00000000
 -0.02060000 -0.63966026E+02  0.80720377E+00      0.00000000      0.00000000
 -0.02040000 -0.63165108E+02  0.78717601E+00      0.00000000      0.00000000
 -0.02020000 -0.62390083E+02  0.76739472E+00      0.00000000      0.00000000
 -0.02000000 -0.61642498E+02  0.74871987E+00      0.00000000      0.00000000
 -0.01980000 -0.60902885E+02  0.73053956E+00      0.00000000      0.00000000
 -0.01960000 -0.60175003E+02  0.71300578E+00      0.00000000      0.00000000
 -0.01940000 -0.59475807E+02  0.69590521E+00      0.00000000      0.00000000
 -0.01920000 -0.58783909E+02  0.67957270E+00      0.00000000      0.00000000
 -0.01900000 -0.58123268E+02  0.66418642E+00      0.00000000      0.00000000
 -0.01880000 -0.57467186E+02  0.64853567E+00      0.00000000      0.00000000
 -0.01860000 -0.56823097E+02  0.63400292E+00      0.00000000      0.00000000
 -0.01840000 -0.56191563E+02  0.61960816E+00      0.00000000      0.00000000
 -0.01820000 -0.55570663E+02  0.60584426E+00      0.00000000      0.00000000
 -0.01800000 -0.54969925E+02  0.59232295E+00      0.00000000      0.00000000
 -0.01780000 -0.54386925E+02  0.57965052E+00      0.00000000      0.00000000
 -0.01760000 -0.53818810E+02  0.56759727E+00      0.00000000      0.00000000
 -0.01740000 -0.53261154E+02  0.55568522E+00      0.00000000      0.00000000
 -0.01720000 -0.52717896E+02  0.54404992E+00      0.00000000      0.00000000
 -0.01700000 -0.52185982E+02  0.53281230E+00      0.00000000      0.00000000
 -0.01680000 -0.51652000E+02  0.52152371E+00      0.00000000      0.00000000
 -0.01660000 -0.51135860E+02  0.51107013E+00      0.00000000      0.00000000
 -0.01640000 -0.50632019E+02  0.50074828E+00      0.00000000      0.00000000
 -0.01620000 -0.50135319E+02  0.49056995E+00      0.00000000      0.00000000
 -0.01600000 -0.49655495E+02  0.48101971E+00      0.00000000      0.00000000
 -0.01580000 -0.49176712E+02  0.47161931E+00      0.00000000      0.00000000
 -0.01560000 -0.48714890E+02  0.46262050E+00      0.00000000      0.00000000
 -0.01540000 -0.48254601E+02  0.45366162E+00      0.00000000      0.00000000
 -0.01520000 -0.47804440E+02  0.44506544E+00      0.00000000      0.00000000
 -0.01500000 -0.47358002E+02  0.43664145E+00      0.00000000      0.00000000
 -0.01480000 -0.46926857E+02  0.42842808E+00      0.00000000      0.00000000
 -0.01460000 -0.46503532E+02  0.42046618E+00      0.00000000      0.00000000
 -0.01440000 -0.46088615E+02  0.41294882E+00      0.00000000      0.00000000
 -0.01420000 -0.45679306E+02  0.40543947E+00      0.00000000      0.00000000
 -0.01400000 -0.45278946E+02  0.39821064E+00      0.00000000      0.00000000
 -0.01380000 -0.44883080E+02  0.39096993E+00      0.00000000      0.00000000
 -0.01360000 -0.44494522E+02  0.38398454E+00      0.00000000      0.00000000
 -0.01340000 -0.44116013E+02  0.37737012E+00      0.00000000      0.00000000
 -0.01320000 -0.43741043E+02  0.37071502E+00      0.00000000      0.00000000
 -0.01300000 -0.43371769E+02  0.36425018E+00      0.00000000      0.00000000
 -0.01280000 -0.43009239E+02  0.35812336E+00      0.00000000      0.00000000
 -0.01260000 -0.42651150E+02  0.35195088E+00      0.00000000      0.00000000
 -0.01240000 -0.42306702E+02  0.34612229E+00      0.00000000      0.00000000
 -0.01220000 -0.41962982E+02  0.34042573E+00      0.00000000      0.00000000
 -0.01200000 -0.41624733E+02  0.33480665E+00      0.00000000      0.00000000
 -0.01180000 -0.41293228E+02  0.32934099E+00      0.00000000      0.00000000
 -0.01160000 -0.40964813E+02  0.32394609E+00      0.00000000      0.00000000
 -0.01140000 -0.40639816E+02  0.31867683E+00      0.00000000      0.00000000
 -0.01120000 -0.40325096E+02  0.31360498E+00      0.00000000      0.00000000
 -0.01100000 -0.40013245E+02  0.30858386E+00      0.00000000      0.00000000
 -0.01080000 -0.39708134E+02  0.30378133E+00      0.00000000      0.00000000
 -0.01060000 -0.39408348E+02  0.29902926E+00      0.00000000      0.00000000
 -0.01040000 -0.39110657E+02  0.29431844E+00      0.00000000      0.00000000
 -0.01020000 -0.38817799E+02  0.28991449E+00      0.00000000      0.00000000
 -0.01000000 -0.38527374E+02  0.28534788E+00      0.00000000      0.00000000
 -0.00980000 -0.38246185E+02  0.28115812E+00      0.00000000      0.00000000
 -0.00960000 -0.37966225E+02  0.27684671E+00      0.00000000      0.00000000
 -0.00940000 -0.37693821E+02  0.27283913E+00      0.00000000      0.00000000
 -0.00920000 -0.37423038E+02  0.26889107E+00      0.00000000      0.00000000
 -0.00900000 -0.37156658E+02  0.26485780E+00      0.00000000      0.00000000
 -0.00880000 -0.36897511E+02  0.26105824E+00      0.00000000      0.00000000
 -0.00860000 -0.36636127E+02  0.25730705E+00      0.00000000      0.00000000
 -0.00840000 -0.36382622E+02  0.25358483E+00      0.00000000      0.00000000
 -0.00820000 -0.36130058E+02  0.24999815E+00      0.00000000      0.00000000
 -0.00800000 -0.35882072E+02  0.24642408E+00      0.00000000      0.00000000
 -0.00780000 -0.35637909E+02  0.24291807E+00      0.00000000      0.00000000
 -0.00760000 -0.35395081E+02  0.23947239E+00      0.00000000      0.00000000
 -0.00740000 -0.35155449E+02  0.23618361E+00      0.00000000      0.00000000
 -0.00720000 -0.34923470E+02  0.23292887E+00      0.00000000      0.00000000
 -0.00700000 -0.34689808E+02  0.22977151E+00      0.00000000      0.00000000
 -0.00680000 -0.34460129E+02  0.22663411E+00      0.00000000      0.00000000
 -0.00660000 -0.34235893E+02  0.22356355E+00      0.00000000      0.00000000
 -0.00640000 -0.34015167E+02  0.22053023E+00      0.00000000      0.00000000
 -0.00620000 -0.33796551E+02  0.21764249E+00      0.00000000      0.00000000
 -0.00600000 -0.33581734E+02  0.21482334E+00      0.00000000      0.00000000
 -0.00580000 -0.33367622E+02  0.21196449E+00      0.00000000      0.00000000
 -0.00560000 -0.33158031E+02  0.20916381E+00      0.00000000      0.00000000
 -0.00540000 -0.32951469E+02  0.20648906E+00      0.00000000      0.00000000
 -0.00520000 -0.32746208E+02  0.20388797E+00      0.00000000      0.00000000
 -0.00500000 -0.32542244E+02  0.20118585E+00      0.00000000      0.00000000
 -0.00480000 -0.32340225E+02  0.19862564E+00      0.00000000      0.00000000
 -0.00460000 -0.32142601E+02  0.19610609E+00      0.00000000      0.00000000
 -0.00440000 -0.31947184E+02  0.19360375E+00      0.00000000      0.00000000
 -0.00420000 -0.31756380E+02  0.19122629E+00      0.00000000      0.00000000
 -0.00400000 -0.31568848E+02  0.18888873E+00      0.00000000      0.00000000
 -0.00380000 -0.31377449E+02  0.18647358E+00      0.00000000      0.00000000
 -0.00360000 -0.31191950E+02  0.18425056E+00      0.00000000      0.00000000
 -0.00340000 -0.31010363E+02  0.18200532E+00      0.00000000      0.00000000
 -0.00320000 -0.30829584E+02  0.17989691E+00      0.00000000      0.00000000
 -0.00300000 -0.30650331E+02  0.17763971E+00      0.00000000      0.00000000
 -0.00280000 -0.30473570E+02  0.17549330E+00      0.00000000      0.00000000
 -0.00260000 -0.30302078E+02  0.17342195E+00      0.00000000      0.00000000
 -0.00240000 -0.30129076E+02  0.17139442E+00      0.00000000      0.00000000
 -0.00220000 -0.29958467E+02  0.16936782E+00      0.00000000      0.00000000
 -0.00200000 -0.29789579E+02  0.16741720E+00      0.00000000      0.00000000
 -0.00180000 -0.29622429E+02  0.16543056E+00      0.00000000      0.00000000
 -0.00160000 -0.29458176E+02  0.16351096E+00      0.00000000      0.00000000
 -0.00140000 -0.29294649E+02  0.16159560E+00      0.00000000      0.00000000
 -0.00120000 -0.29134970E+02  0.15981781E+00      0.00000000      0.00000000
 -0.00100000 -0.28976322E+02  0.15797940E+00      0.00000000      0.00000000
 -0.00080000 -0.28819962E+02  0.15617794E+00      0.00000000      0.00000000
 -0.00060000 -0.28665056E+02  0.15451214E+00      0.00000000      0.00000000
 -0.00040000 -0.28510021E+02  0.15273984E+00      0.00000000      0.00000000
 -0.00020000 -0.28358759E+02  0.15104689E+00      0.00000000      0.00000000
  0.00000000 -0.28209545E+02  0.14937873E+00      0.00000000      0.00000000
  0.00020000 -0.28059690E+02  0.14773434E+00      0.00000000      0.00000000
  0.00040000 -0.27910715E+02  0.14613135E+00      0.00000000      0.00000000
  0.00060000 -0.27763857E+02  0.14445126E+00      0.00000000      0.00000000
  0.00080000 -0.27621450E+02  0.14291006E+00      0.00000000      0.00000000
  0.00100000 -0.27480642E+02  0.14138070E+00      0.00000000      0.00000000
  0.00120000 -0.27340929E+02  0.13984412E+00      0.00000000      0.00000000
  0.00140000 -0.27202745E+02  0.13842331E+00      0.00000000      0.00000000
  0.00160000 -0.27065075E+02  0.13696866E+00      0.00000000      0.00000000
  0.00180000 -0.26927265E+02  0.13550094E+00      0.00000000      0.00000000
  0.00200000 -0.26790737E+02  0.13401484E+00      0.00000000      0.00000000
  0.00220000 -0.26659054E+02  0.13273047E+00      0.00000000      0.00000000
  0.00240000 -0.26526920E+02  0.13130367E+00      0.00000000      0.00000000
  0.00260000 -0.26396484E+02  0.12994832E+00      0.00000000      0.00000000
  0.00280000 -0.26267906E+02  0.12860413E+00      0.00000000      0.00000000
  0.00300000 -0.26141712E+02  0.12735650E+00      0.00000000      0.00000000
  0.00320000 -0.26014463E+02  0.12601674E+00      0.00000000      0.00000000
  0.00340000 -0.25889042E+02  0.12476183E+00      0.00000000      0.00000000
  0.00360000 -0.25763178E+02  0.12351211E+00      0.00000000      0.00000000
  0.00380000 -0.25640406E+02  0.12228180E+00      0.00000000      0.00000000
  0.00400000 -0.25519110E+02  0.12105419E+00      0.00000000      0.00000000
  0.00420000 -0.25397120E+02  0.11986077E+00      0.00000000      0.00000000
  0.00440000 -0.25278288E+02  0.11873396E+00      0.00000000      0.00000000
  0.00460000 -0.25159483E+02  0.11754330E+00      0.00000000      0.00000000
  0.00480000 -0.25042484E+02  0.11635491E+00      0.00000000      0.00000000
  0.00500000 -0.24925293E+02  0.11518119E+00      0.00000000      0.00000000
  0.00520000 -0.24811581E+02  0.11406586E+00      0.00000000      0.00000000
  0.00540000 -0.24697609E+02  0.11298625E+00      0.00000000      0.00000000
  0.00560000 -0.24586678E+02  0.11190216E+00      0.00000000      0.00000000
  0.00580000 -0.24476032E+02  0.11088004E+00      0.00000000      0.00000000
  0.00600000 -0.24365746E+02  0.10977779E+00      0.00000000      0.00000000
  0.00620000 -0.24255196E+02  0.10875878E+00      0.00000000      0.00000000
  0.00640000 -0.24144783E+02  0.10771412E+00      0.00000000      0.00000000
  0.00660000 -0.24038809E+02  0.10673283E+00      0.00000000      0.00000000
  0.00680000 -0.23932659E+02  0.10572185E+00      0.00000000      0.00000000
  0.00700000 -0.23828468E+02  0.10476074E+00      0.00000000      0.00000000
  0.00720000 -0.23723064E+02  0.10378179E+00      0.00000000      0.00000000
  0.00740000 -0.23619799E+02  0.10283426E+00      0.00000000      0.00000000
  0.00760000 -0.23516598E+02  0.10188457E+00      0.00000000      0.00000000
  0.00780000 -0.23416054E+02  0.10099132E+00      0.00000000      0.00000000
  0.00800000 -0.23316341E+02  0.10005220E+00      0.00000000      0.00000000
  0.00820000 -0.23215816E+02  0.99177614E-01      0.00000000      0.00000000
  0.00840000 -0.23118298E+02  0.98287694E-01      0.00000000      0.00000000
  0.00860000 -0.23020651E+02  0.97444944E-01      0.00000000      0.00000000
  0.00880000 -0.22923670E+02  0.96533686E-01      0.00000000      0.00000000
  0.00900000 -0.22827911E+02  0.95654286E-01      0.00000000      0.00000000
  0.00920000 -0.22733648E+02  0.94871499E-01      0.00000000      0.00000000
  0.00940000 -0.22638435E+02  0.93996949E-01      0.00000000      0.00000000
  0.00960000 -0.22544701E+02  0.93226850E-01      0.00000000      0.00000000
  0.00980000 -0.22451332E+02  0.92357285E-01      0.00000000      0.00000000
  0.01000000 -0.22359852E+02  0.91565907E-01      0.00000000      0.00000000
  0.01020000 -0.22268270E+02  0.90729140E-01      0.00000000      0.00000000
  0.01040000 -0.22178213E+02  0.89989237E-01      0.00000000      0.00000000
  0.01060000 -0.22088453E+02  0.89173608E-01      0.00000000      0.00000000
  0.01080000 -0.21999941E+02  0.88443689E-01      0.00000000      0.00000000
  0.01100000 -0.21911667E+02  0.87699331E-01      0.00000000      0.00000000
  0.01120000 -0.21823231E+02  0.86976074E-01      0.00000000      0.00000000
  0.01140000 -0.21737190E+02  0.86223260E-01      0.00000000      0.00000000
  0.01160000 -0.21651611E+02  0.85513249E-01      0.00000000      0.00000000
  0.01180000 -0.21566795E+02  0.84792927E-01      0.00000000      0.00000000
  0.01200000 -0.21482895E+02  0.84124014E-01      0.00000000      0.00000000
  0.01220000 -0.21400032E+02  0.83444640E-01      0.00000000      0.00000000
  0.01240000 -0.21316751E+02  0.82761526E-01      0.00000000      0.00000000
  0.01260000 -0.21233931E+02  0.82065627E-01      0.00000000      0.00000000
  0.01280000 -0.21151667E+02  0.81390917E-01      0.00000000      0.00000000
  0.01300000 -0.21069994E+02  0.80717757E-01      0.00000000      0.00000000
  0.01320000 -0.20989920E+02  0.80059946E-01      0.00000000      0.00000000
  0.01340000 -0.20910267E+02  0.79397157E-01      0.00000000      0.00000000
  0.01360000 -0.20831724E+02  0.78767315E-01      0.00000000      0.00000000
  0.01380000 -0.20752934E+02  0.78152493E-01      0.00000000      0.00000000
  0.01400000 -0.20674793E+02  0.77548698E-01      0.00000000      0.00000000
  0.01420000 -0.20597317E+02  0.76885849E-01      0.00000000      0.00000000
  0.01440000 -0.20520367E+02  0.76266631E-01      0.00000000      0.00000000
  0.01460000 -0.20444721E+02  0.75687096E-01      0.00000000      0.00000000
  0.01480000 -0.20370079E+02  0.75081304E-01      0.00000000      0.00000000
  0.01500000 -0.20295612E+02  0.74515969E-01      0.00000000      0.00000000
  0.01520000 -0.20220713E+02  0.73929608E-01      0.00000000      0.00000000
  0.01540000 -0.20147495E+02  0.73357314E-01      0.00000000      0.00000000
  0.01560000 -0.20074436E+02  0.72808862E-01      0.00000000      0.00000000
  0.01580000 -0.20001598E+02  0.72223499E-01      0.00000000      0.00000000
  0.01600000 -0.19929562E+02  0.71644694E-01      0.00000000      0.00000000
  0.01619999 -0.19858099E+02  0.71093157E-01      0.00000000      0.00000000
  0.01640000 -0.19787670E+02  0.70557699E-01      0.00000000      0.00000000
  0.01660000 -0.19717049E+02  0.70024446E-01      0.00000000      0.00000000
  0.01680000 -0.19646698E+02  0.69509938E-01      0.00000000      0.00000000
  0.01700000 -0.19577938E+02  0.68966851E-01      0.00000000      0.00000000
  0.01720000 -0.19509785E+02  0.68440393E-01      0.00000000      0.00000000
  0.01740000 -0.19441008E+02  0.67949355E-01      0.00000000      0.00000000
  0.01760000 -0.19373510E+02  0.67439675E-01      0.00000000      0.00000000
  0.01780000 -0.19305893E+02  0.66933304E-01      0.00000000      0.00000000
  0.01800000 -0.19238808E+02  0.66413641E-01      0.00000000      0.00000000
  0.01820000 -0.19173283E+02  0.65963000E-01      0.00000000      0.00000000
  0.01840000 -0.19107353E+02  0.65478981E-01      0.00000000      0.00000000
  0.01860000 -0.19041952E+02  0.64972878E-01      0.00000000      0.00000000
  0.01880000 -0.18977537E+02  0.64524442E-01      0.00000000      0.00000000
  0.01900000 -0.18913433E+02  0.64050138E-01      0.00000000      0.00000000
  0.01920000 -0.18848951E+02  0.63553274E-01      0.00000000      0.00000000
  0.01940000 -0.18785824E+02  0.63122034E-01      0.00000000      0.00000000
  0.01960000 -0.18722189E+02  0.62689215E-01      0.00000000      0.00000000
  0.01980000 -0.18659983E+02  0.62242240E-01      0.00000000      0.00000000
  0.02000000 -0.18598410E+02  0.61783373E-01      0.00000000      0.00000000
  0.02020000 -0.18536835E+02  0.61332345E-01      0.00000000      0.00000000
  0.02040000 -0.18475864E+02  0.60897082E-01      0.00000000      0.00000000
  0.02060000 -0.18415102E+02  0.60471416E-01      0.00000000      0.00000000
  0.02080000 -0.18354336E+02  0.60044110E-01      0.00000000      0.00000000
  0.02100000 -0.18294447E+02  0.59614718E-01      0.00000000      0.00000000
  0.02120000 -0.18235588E+02  0.59208691E-01      0.00000000      0.00000000
  0.02140000 -0.18176834E+02  0.58773309E-01      0.00000000      0.00000000
  0.02160000 -0.18118942E+02  0.58408618E-01      0.00000000      0.00000000
  0.02180000 -0.18060879E+02  0.57949930E-01      0.00000000      0.00000000
  0.02200000 -0.18003113E+02  0.57549715E-01      0.00000000      0.00000000
  0.02220000 -0.17944954E+02  0.57173014E-01      0.00000000      0.00000000
  0.02240000 -0.17887486E+02  0.56785107E-01      0.00000000      0.00000000
  0.02260000 -0.17832064E+02  0.56403399E-01      0.00000000      0.00000000
  0.02280000 -0.17775532E+02  0.56029022E-01      0.00000000      0.00000000
  0.02300000 -0.17720663E+02  0.55652142E-01      0.00000000      0.00000000
  0.02320000 -0.17665173E+02  0.55267692E-01      0.00000000      0.00000000
  0.02340000 -0.17610214E+02  0.54889083E-01      0.00000000      0.00000000
  0.02360000 -0.17555500E+02  0.54518223E-01      0.00000000      0.00000000
  0.02380000 -0.17501270E+02  0.54183602E-01      0.00000000      0.00000000
  0.02400000 -0.17447063E+02  0.53811252E-01      0.00000000      0.00000000
  0.02420000 -0.17392975E+02  0.53448260E-01      0.00000000      0.00000000
  0.02440000 -0.17339916E+02  0.53083837E-01      0.00000000      0.00000000
  0.02460000 -0.17287457E+02  0.52748382E-01      0.00000000      0.00000000
  0.02480000 -0.17235138E+02  0.52408874E-01      0.00000000      0.00000000
  0.02500000 -0.17182213E+02  0.52072942E-01      0.00000000      0.00000000
  0.02520000 -0.17130291E+02  0.51737130E-01      0.00000000      0.00000000
  0.02540000 -0.17078568E+02  0.51401258E-01      0.00000000      0.00000000
  0.02560000 -0.17027309E+02  0.51029563E-01      0.00000000      0.00000000
  0.02580000 -0.16975784E+02  0.50711870E-01      0.00000000      0.00000000
  0.02600000 -0.16924782E+02  0.50369143E-01      0.00000000      0.00000000
  0.02620000 -0.16874817E+02  0.50064147E-01      0.00000000      0.00000000
  0.02640000 -0.16825211E+02  0.49731135E-01      0.00000000      0.00000000
  0.02660000 -0.16775726E+02  0.49418449E-01      0.00000000      0.00000000
  0.02680000 -0.16726547E+02  0.49086332E-01      0.00000000      0.00000000
  0.02700000 -0.16677799E+02  0.48783183E-01      0.00000000      0.00000000
  0.02720000 -0.16628708E+02  0.48480153E-01      0.00000000      0.00000000
  0.02740000 -0.16580044E+02  0.48158884E-01      0.00000000      0.00000000
  0.02760000 -0.16532303E+02  0.47868967E-01      0.00000000      0.00000000
  0.02780000 -0.16484203E+02  0.47566533E-01      0.00000000      0.00000000
  0.02800000 -0.16436905E+02  0.47269106E-01      0.00000000      0.00000000
  0.02820000 -0.16389973E+02  0.46981096E-01      0.00000000      0.00000000
  0.02840000 -0.16343525E+02  0.46687603E-01      0.00000000      0.00000000
  0.02860000 -0.16297092E+02  0.46412230E-01      0.00000000      0.00000000
  0.02880000 -0.16250622E+02  0.46132445E-01      0.00000000      0.00000000
  0.02900000 -0.16204430E+02  0.45814395E-01      0.00000000      0.00000000
  0.02920000 -0.16158371E+02  0.45553923E-01      0.00000000      0.00000000
  0.02940000 -0.16113121E+02  0.45266867E-01      0.00000000      0.00000000
  0.02959999 -0.16068230E+02  0.44986725E-01      0.00000000      0.00000000
  0.02980000 -0.16023315E+02  0.44713974E-01      0.00000000      0.00000000
  0.03000000 -0.15978500E+02  0.44446945E-01      0.00000000      0.00000000
  0.03020000 -0.15934387E+02  0.44173717E-01      0.00000000      0.00000000
  0.03040000 -0.15890114E+02  0.43899536E-01      0.00000000      0.00000000
  0.03060000 -0.15846184E+02  0.43642759E-01      0.00000000      0.00000000
  0.03080000 -0.15802200E+02  0.43379784E-01      0.00000000      0.00000000
  0.03100000 -0.15759239E+02  0.43097496E-01      0.00000000      0.00000000
  0.03120000 -0.15717003E+02  0.42854786E-01      0.00000000      0.00000000
  0.03140000 -0.15673790E+02  0.42600155E-01      0.00000000      0.00000000
  0.03160000 -0.15631783E+02  0.42374134E-01      0.00000000      0.00000000
  0.03179999 -0.15589546E+02  0.42099476E-01      0.00000000      0.00000000
  0.03200001 -0.15547264E+02  0.41850090E-01      0.00000000      0.00000000
  0.03220000 -0.15505630E+02  0.41619301E-01      0.00000000      0.00000000
  0.03240000 -0.15463875E+02  0.41370392E-01      0.00000000      0.00000000
  0.03260000 -0.15422928E+02  0.41123390E-01      0.00000000      0.00000000
  0.03280000 -0.15381866E+02  0.40877342E-01      0.00000000      0.00000000
  0.03300000 -0.15341492E+02  0.40639877E-01      0.00000000      0.00000000
  0.03320000 -0.15301041E+02  0.40412903E-01      0.00000000      0.00000000
  0.03340000 -0.15260513E+02  0.40182114E-01      0.00000000      0.00000000
  0.03360000 -0.15221008E+02  0.39966583E-01      0.00000000      0.00000000
  0.03380000 -0.15181091E+02  0.39724350E-01      0.00000000      0.00000000
  0.03399999 -0.15141617E+02  0.39484024E-01      0.00000000      0.00000000
  0.03420001 -0.15101898E+02  0.39285660E-01      0.00000000      0.00000000
  0.03440000 -0.15062439E+02  0.39047241E-01      0.00000000      0.00000000
  0.03460000 -0.15023529E+02  0.38833618E-01      0.00000000      0.00000000
  0.03479999 -0.14984955E+02  0.38612366E-01      0.00000000      0.00000000
  0.03500000 -0.14946045E+02  0.38391113E-01      0.00000000      0.00000000
  0.03520000 -0.14907959E+02  0.38146973E-01      0.00000000      0.00000000
  0.03540000 -0.14869629E+02  0.37963867E-01      0.00000000      0.00000000
  0.03560000 -0.14832123E+02  0.37719727E-01      0.00000000      0.00000000
  0.03580000 -0.14794861E+02  0.37536621E-01      0.00000000      0.00000000
  0.03600000 -0.14757629E+02  0.37322998E-01      0.00000000      0.00000000
  0.03619999 -0.14720214E+02  0.37094116E-01      0.00000000      0.00000000
  0.03640000 -0.14682831E+02  0.36895752E-01      0.00000000      0.00000000
  0.03660000 -0.14645966E+02  0.36621094E-01      0.00000000      0.00000000
  0.03680000 -0.14609406E+02  0.36499023E-01      0.00000000      0.00000000
  0.03700000 -0.14572632E+02  0.36376953E-01      0.00000000      0.00000000
  0.03720000 -0.14536194E+02  0.36102295E-01      0.00000000      0.00000000
  0.03740000 -0.14500214E+02  0.35888672E-01      0.00000000      0.00000000
  0.03760000 -0.14464478E+02  0.35682678E-01      0.00000000      0.00000000
  0.03780000 -0.14429047E+02  0.35499573E-01      0.00000000      0.00000000
  0.03800000 -0.14393768E+02  0.35308838E-01      0.00000000      0.00000000
  0.03820000 -0.14358917E+02  0.35118103E-01      0.00000000      0.00000000
  0.03839999 -0.14324158E+02  0.34927368E-01      0.00000000      0.00000000
  0.03860000 -0.14289429E+02  0.34757614E-01      0.00000000      0.00000000
  0.03880000 -0.14254593E+02  0.34585953E-01      0.00000000      0.00000000
  0.03900000 -0.14220215E+02  0.34384727E-01      0.00000000      0.00000000
  0.03920000 -0.14185745E+02  0.34203529E-01      0.00000000      0.00000000
  0.03940000 -0.14151611E+02  0.33991814E-01      0.00000000      0.00000000
  0.03960000 -0.14117737E+02  0.33788681E-01      0.00000000      0.00000000
  0.03980000 -0.14083954E+02  0.33630371E-01      0.00000000      0.00000000
  0.04000000 -0.14050682E+02  0.33472061E-01      0.00000000      0.00000000
  0.04020000 -0.14017067E+02  0.33289909E-01      0.00000000      0.00000000
  0.04040000 -0.13983841E+02  0.33118725E-01      0.00000000      0.00000000
  0.04060000 -0.13950760E+02  0.32949448E-01      0.00000000      0.00000000
  0.04080000 -0.13918045E+02  0.32764912E-01      0.00000000      0.00000000
  0.04100000 -0.13885269E+02  0.32599449E-01      0.00000000      0.00000000
  0.04120000 -0.13852646E+02  0.32428741E-01      0.00000000      0.00000000
  0.04140000 -0.13820282E+02  0.32255650E-01      0.00000000      0.00000000
  0.04160000 -0.13788368E+02  0.32101154E-01      0.00000000      0.00000000
  0.04180000 -0.13756416E+02  0.31933784E-01      0.00000000      0.00000000
  0.04200000 -0.13724335E+02  0.31768560E-01      0.00000000      0.00000000
  0.04220000 -0.13693138E+02  0.31614065E-01      0.00000000      0.00000000
  0.04240000 -0.13661736E+02  0.31443834E-01      0.00000000      0.00000000
  0.04260000 -0.13629967E+02  0.31277418E-01      0.00000000      0.00000000
  0.04280000 -0.13598717E+02  0.31131983E-01      0.00000000      0.00000000
  0.04300000 -0.13567848E+02  0.30969858E-01      0.00000000      0.00000000
  0.04320000 -0.13537174E+02  0.30807018E-01      0.00000000      0.00000000
  0.04340000 -0.13506538E+02  0.30647874E-01      0.00000000      0.00000000
  0.04360000 -0.13475491E+02  0.30488253E-01      0.00000000      0.00000000
  0.04380000 -0.13444901E+02  0.30345082E-01      0.00000000      0.00000000
  0.04400000 -0.13414879E+02  0.30180097E-01      0.00000000      0.00000000
  0.04420000 -0.13384434E+02  0.30037642E-01      0.00000000      0.00000000
  0.04440000 -0.13354401E+02  0.29885054E-01      0.00000000      0.00000000
  0.04460000 -0.13324940E+02  0.29726982E-01      0.00000000      0.00000000
  0.04480000 -0.13295258E+02  0.29581547E-01      0.00000000      0.00000000
  0.04500000 -0.13265484E+02  0.29434681E-01      0.00000000      0.00000000
  0.04520000 -0.13236481E+02  0.29306173E-01      0.00000000      0.00000000
  0.04539999 -0.13207409E+02  0.29142737E-01      0.00000000      0.00000000
  0.04560000 -0.13178276E+02  0.29008389E-01      0.00000000      0.00000000
  0.04580000 -0.13149414E+02  0.28857112E-01      0.00000000      0.00000000
  0.04600000 -0.13120399E+02  0.28732300E-01      0.00000000      0.00000000
  0.04620000 -0.13091755E+02  0.28564274E-01      0.00000000      0.00000000
  0.04640000 -0.13063332E+02  0.28432488E-01      0.00000000      0.00000000
  0.04660000 -0.13034592E+02  0.28306901E-01      0.00000000      0.00000000
  0.04680000 -0.13006557E+02  0.28151095E-01      0.00000000      0.00000000
  0.04700000 -0.12978210E+02  0.28034031E-01      0.00000000      0.00000000
  0.04720000 -0.12950520E+02  0.27898133E-01      0.00000000      0.00000000
  0.04740000 -0.12922714E+02  0.27755320E-01      0.00000000      0.00000000
  0.04759999 -0.12894817E+02  0.27613044E-01      0.00000000      0.00000000
  0.04780000 -0.12867435E+02  0.27491391E-01      0.00000000      0.00000000
  0.04800000 -0.12840126E+02  0.27369261E-01      0.00000000      0.00000000
  0.04820000 -0.12813148E+02  0.27240694E-01      0.00000000      0.00000000
  0.04840000 -0.12785946E+02  0.27103066E-01      0.00000000      0.00000000
  0.04860000 -0.12758915E+02  0.26971877E-01      0.00000000      0.00000000
  0.04880000 -0.12731987E+02  0.26833773E-01      0.00000000      0.00000000
  0.04899999 -0.12704983E+02  0.26705682E-01      0.00000000      0.00000000
  0.04920000 -0.12678492E+02  0.26604593E-01      0.00000000      0.00000000
  0.04940000 -0.12651367E+02  0.26452482E-01      0.00000000      0.00000000
  0.04960000 -0.12624687E+02  0.26326537E-01      0.00000000      0.00000000
  0.04979999 -0.12598248E+02  0.26215315E-01      0.00000000      0.00000000
  0.05000000 -0.12572332E+02  0.26085556E-01      0.00000000      0.00000000
  0.05020000 -0.12546314E+02  0.25970399E-01      0.00000000      0.00000000
  0.05040000 -0.12520599E+02  0.25834799E-01      0.00000000      0.00000000
  0.05060000 -0.12494612E+02  0.25739312E-01      0.00000000      0.00000000
  0.05080000 -0.12469299E+02  0.25618702E-01      0.00000000      0.00000000
  0.05100000 -0.12443911E+02  0.25503367E-01      0.00000000      0.00000000
  0.05119999 -0.12418665E+02  0.25381505E-01      0.00000000      0.00000000
  0.05140000 -0.12393293E+02  0.25234163E-01      0.00000000      0.00000000
  0.05160000 -0.12367956E+02  0.25130928E-01      0.00000000      0.00000000
  0.05180000 -0.12342920E+02  0.25017381E-01      0.00000000      0.00000000
  0.05199999 -0.12317963E+02  0.24905324E-01      0.00000000      0.00000000
  0.05220000 -0.12292971E+02  0.24791539E-01      0.00000000      0.00000000
  0.05240000 -0.12268381E+02  0.24669617E-01      0.00000000      0.00000000
  0.05260000 -0.12243851E+02  0.24559289E-01      0.00000000      0.00000000
  0.05280000 -0.12219296E+02  0.24443001E-01      0.00000000      0.00000000
  0.05300000 -0.12194790E+02  0.24349540E-01      0.00000000      0.00000000
  0.05320000 -0.12170441E+02  0.24231195E-01      0.00000000      0.00000000
  0.05339999 -0.12146370E+02  0.24123281E-01      0.00000000      0.00000000
  0.05360000 -0.12122107E+02  0.24015963E-01      0.00000000      0.00000000
  0.05380000 -0.12098038E+02  0.23900539E-01      0.00000000      0.00000000
  0.05400000 -0.12074060E+02  0.23794830E-01      0.00000000      0.00000000
  0.05420000 -0.12050444E+02  0.23691863E-01      0.00000000      0.00000000
  0.05440000 -0.12027071E+02  0.23577631E-01      0.00000000      0.00000000
  0.05460000 -0.12003838E+02  0.23473263E-01      0.00000000      0.00000000
  0.05480000 -0.11980152E+02  0.23374885E-01      0.00000000      0.00000000
  0.05500000 -0.11956495E+02  0.23274839E-01      0.00000000      0.00000000
  0.05520000 -0.11933514E+02  0.23151845E-01      0.00000000      0.00000000
  0.05540000 -0.11910244E+02  0.23061395E-01      0.00000000      0.00000000
  0.05560000 -0.11887320E+02  0.22965014E-01      0.00000000      0.00000000
  0.05580000 -0.11864511E+02  0.22875577E-01      0.00000000      0.00000000
  0.05600000 -0.11841433E+02  0.22775501E-01      0.00000000      0.00000000
  0.05620000 -0.11818909E+02  0.22671819E-01      0.00000000      0.00000000
  0.05640000 -0.11796167E+02  0.22566676E-01      0.00000000      0.00000000
  0.05660000 -0.11773674E+02  0.22469133E-01      0.00000000      0.00000000
  0.05680000 -0.11751207E+02  0.22358999E-01      0.00000000      0.00000000
  0.05700000 -0.11728550E+02  0.22269204E-01      0.00000000      0.00000000
  0.05720000 -0.11706476E+02  0.22178531E-01      0.00000000      0.00000000
  0.05740000 -0.11684254E+02  0.22064179E-01      0.00000000      0.00000000
  0.05760000 -0.11662457E+02  0.21978378E-01      0.00000000      0.00000000
  0.05780000 -0.11640892E+02  0.21890074E-01      0.00000000      0.00000000
  0.05800000 -0.11619061E+02  0.21776766E-01      0.00000000      0.00000000
  0.05819999 -0.11597070E+02  0.21678746E-01      0.00000000      0.00000000
  0.05840000 -0.11575652E+02  0.21596923E-01      0.00000000      0.00000000
  0.05860000 -0.11554175E+02  0.21508053E-01      0.00000000      0.00000000
  0.05880000 -0.11532740E+02  0.21414414E-01      0.00000000      0.00000000
  0.05900000 -0.11511081E+02  0.21337271E-01      0.00000000      0.00000000
  0.05920000 -0.11489655E+02  0.21231920E-01      0.00000000      0.00000000
  0.05940000 -0.11468384E+02  0.21140397E-01      0.00000000      0.00000000
  0.05960000 -0.11447485E+02  0.21065742E-01      0.00000000      0.00000000
  0.05980000 -0.11426416E+02  0.20967558E-01      0.00000000      0.00000000
  0.06000000 -0.11405410E+02  0.20886138E-01      0.00000000      0.00000000
  0.06020000 -0.11384673E+02  0.20790577E-01      0.00000000      0.00000000
  0.06039999 -0.11364083E+02  0.20718262E-01      0.00000000      0.00000000
  0.06060000 -0.11343430E+02  0.20626292E-01      0.00000000      0.00000000
  0.06080000 -0.11322691E+02  0.20535335E-01      0.00000000      0.00000000
  0.06100000 -0.11302402E+02  0.20445898E-01      0.00000000      0.00000000
  0.06119999 -0.11281883E+02  0.20362586E-01      0.00000000      0.00000000
  0.06140000 -0.11261387E+02  0.20276934E-01      0.00000000      0.00000000
  0.06160000 -0.11241314E+02  0.20200714E-01      0.00000000      0.00000000
  0.06180000 -0.11221340E+02  0.20112619E-01      0.00000000      0.00000000
  0.06200000 -0.11201029E+02  0.20024806E-01      0.00000000      0.00000000
  0.06220000 -0.11181045E+02  0.19935369E-01      0.00000000      0.00000000
  0.06240000 -0.11161310E+02  0.19863769E-01      0.00000000      0.00000000
  0.06259999 -0.11141338E+02  0.19774958E-01      0.00000000      0.00000000
  0.06280001 -0.11121526E+02  0.19690663E-01      0.00000000      0.00000000
  0.06300000 -0.11101961E+02  0.19614667E-01      0.00000000      0.00000000
  0.06320000 -0.11082449E+02  0.19530669E-01      0.00000000      0.00000000
  0.06339999 -0.11063019E+02  0.19457169E-01      0.00000000      0.00000000
  0.06360000 -0.11043556E+02  0.19370660E-01      0.00000000      0.00000000
  0.06380000 -0.11024057E+02  0.19292273E-01      0.00000000      0.00000000
  0.06400000 -0.11004827E+02  0.19220866E-01      0.00000000      0.00000000
  0.06420000 -0.10985623E+02  0.19136243E-01      0.00000000      0.00000000
  0.06440000 -0.10966762E+02  0.19059882E-01      0.00000000      0.00000000
  0.06460000 -0.10947622E+02  0.18992573E-01      0.00000000      0.00000000
  0.06479999 -0.10928407E+02  0.18908627E-01      0.00000000      0.00000000
  0.06500000 -0.10909843E+02  0.18846899E-01      0.00000000      0.00000000
  0.06520000 -0.10890985E+02  0.18767275E-01      0.00000000      0.00000000
  0.06540000 -0.10872192E+02  0.18693835E-01      0.00000000      0.00000000
  0.06559999 -0.10853571E+02  0.18622689E-01      0.00000000      0.00000000
  0.06580000 -0.10835004E+02  0.18546782E-01      0.00000000      0.00000000
  0.06600000 -0.10816331E+02  0.18472992E-01      0.00000000      0.00000000
  0.06620000 -0.10797976E+02  0.18398747E-01      0.00000000      0.00000000
  0.06640000 -0.10779581E+02  0.18317349E-01      0.00000000      0.00000000
  0.06660000 -0.10761238E+02  0.18241040E-01      0.00000000      0.00000000
  0.06680001 -0.10743196E+02  0.18165082E-01      0.00000000      0.00000000
  0.06699999 -0.10725232E+02  0.18079810E-01      0.00000000      0.00000000
  0.06720000 -0.10707228E+02  0.18019654E-01      0.00000000      0.00000000
  0.06739999 -0.10689447E+02  0.17959379E-01      0.00000000      0.00000000
  0.06760000 -0.10671439E+02  0.17883517E-01      0.00000000      0.00000000
  0.06780000 -0.10653551E+02  0.17833278E-01      0.00000000      0.00000000
  0.06800000 -0.10635704E+02  0.17756745E-01      0.00000000      0.00000000
  0.06820000 -0.10618032E+02  0.17687015E-01      0.00000000      0.00000000
  0.06840000 -0.10600299E+02  0.17608941E-01      0.00000000      0.00000000
  0.06859999 -0.10582705E+02  0.17556250E-01      0.00000000      0.00000000
  0.06880000 -0.10565419E+02  0.17479300E-01      0.00000000      0.00000000
  0.06900001 -0.10547530E+02  0.17403729E-01      0.00000000      0.00000000
  0.06919999 -0.10530308E+02  0.17326705E-01      0.00000000      0.00000000
  0.06940000 -0.10513090E+02  0.17273471E-01      0.00000000      0.00000000
  0.06960000 -0.10495846E+02  0.17204992E-01      0.00000000      0.00000000
  0.06980000 -0.10478594E+02  0.17134786E-01      0.00000000      0.00000000
  0.07000000 -0.10461684E+02  0.17064981E-01      0.00000000      0.00000000
  0.07020000 -0.10444722E+02  0.17010055E-01      0.00000000      0.00000000
  0.07040000 -0.10427654E+02  0.16957678E-01      0.00000000      0.00000000
  0.07060000 -0.10410702E+02  0.16881838E-01      0.00000000      0.00000000
  0.07079999 -0.10393803E+02  0.16810030E-01      0.00000000      0.00000000
  0.07099999 -0.10377008E+02  0.16757116E-01      0.00000000      0.00000000
  0.07120001 -0.10360265E+02  0.16693689E-01      0.00000000      0.00000000
  0.07139999 -0.10343418E+02  0.16633362E-01      0.00000000      0.00000000
  0.07160000 -0.10326921E+02  0.16573071E-01      0.00000000      0.00000000
  0.07180000 -0.10310367E+02  0.16493715E-01      0.00000000      0.00000000
  0.07200000 -0.10293631E+02  0.16442873E-01      0.00000000      0.00000000
  0.07220000 -0.10277443E+02  0.16384028E-01      0.00000000      0.00000000
  0.07239999 -0.10261185E+02  0.16319096E-01      0.00000000      0.00000000
  0.07260000 -0.10244720E+02  0.16255833E-01      0.00000000      0.00000000
  0.07280000 -0.10228731E+02  0.16184218E-01      0.00000000      0.00000000
  0.07299999 -0.10212708E+02  0.16121484E-01      0.00000000      0.00000000
  0.07319999 -0.10196793E+02  0.16067438E-01      0.00000000      0.00000000
  0.07340001 -0.10180707E+02  0.16007774E-01      0.00000000      0.00000000
  0.07359999 -0.10164598E+02  0.15963916E-01      0.00000000      0.00000000
  0.07380000 -0.10148432E+02  0.15907902E-01      0.00000000      0.00000000
  0.07400000 -0.10132452E+02  0.15847508E-01      0.00000000      0.00000000
  0.07420000 -0.10116718E+02  0.15773997E-01      0.00000000      0.00000000
  0.07440000 -0.10101005E+02  0.15693434E-01      0.00000000      0.00000000
  0.07460000 -0.10085400E+02  0.15652511E-01      0.00000000      0.00000000
  0.07480000 -0.10069664E+02  0.15604116E-01      0.00000000      0.00000000
  0.07500000 -0.10054214E+02  0.15544511E-01      0.00000000      0.00000000
  0.07519999 -0.10038630E+02  0.15479743E-01      0.00000000      0.00000000
  0.07539999 -0.10023222E+02  0.15434086E-01      0.00000000      0.00000000
  0.07560000 -0.10007902E+02  0.15378132E-01      0.00000000      0.00000000
  0.07579999 -0.99925995E+01  0.15322730E-01      0.00000000      0.00000000
  0.07600000 -0.99774494E+01  0.15255149E-01      0.00000000      0.00000000
  0.07620000 -0.99623375E+01  0.15202530E-01      0.00000000      0.00000000
  0.07640000 -0.99471760E+01  0.15151486E-01      0.00000000      0.00000000
  0.07660000 -0.99319744E+01  0.15102692E-01      0.00000000      0.00000000
  0.07680000 -0.99169254E+01  0.15052047E-01      0.00000000      0.00000000
  0.07699999 -0.99018593E+01  0.14997378E-01      0.00000000      0.00000000
  0.07720000 -0.98871021E+01  0.14941510E-01      0.00000000      0.00000000
  0.07739999 -0.98720284E+01  0.14878128E-01      0.00000000      0.00000000
  0.07759999 -0.98570652E+01  0.14818739E-01      0.00000000      0.00000000
  0.07780000 -0.98423042E+01  0.14775768E-01      0.00000000      0.00000000
  0.07799999 -0.98275852E+01  0.14728066E-01      0.00000000      0.00000000
  0.07820000 -0.98130398E+01  0.14665172E-01      0.00000000      0.00000000
  0.07840000 -0.97982473E+01  0.14616743E-01      0.00000000      0.00000000
  0.07860000 -0.97835922E+01  0.14558397E-01      0.00000000      0.00000000
  0.07880000 -0.97691107E+01  0.14514625E-01      0.00000000      0.00000000
  0.07900000 -0.97546940E+01  0.14463585E-01      0.00000000      0.00000000
  0.07919999 -0.97403440E+01  0.14406916E-01      0.00000000      0.00000000
  0.07940000 -0.97257566E+01  0.14366344E-01      0.00000000      0.00000000
  0.07960001 -0.97115822E+01  0.14305688E-01      0.00000000      0.00000000
  0.07979999 -0.96970758E+01  0.14262505E-01      0.00000000      0.00000000
