 -0.04000000  0.23118120E+02  0.12552342E+00      0.00000000      0.00000000
 -0.03980000  0.23243786E+02  0.12685056E+00      0.00000000      0.00000000
 -0.03960000  0.23371622E+02  0.12823369E+00      0.00000000      0.00000000
 -0.03940000  0.23500776E+02  0.12960428E+00      0.00000000      0.00000000
 -0.03920000  0.23631315E+02  0.13100046E+00      0.00000000      0.00000000
 -0.03900000  0.23762520E+02  0.13242503E+00      0.00000000      0.00000000
 -0.03880000  0.23894596E+02  0.13385098E+00      0.00000000      0.00000000
 -0.03860000  0.24027981E+02  0.13528970E+00      0.00000000      0.00000000
 -0.03840000  0.24165195E+02  0.13675669E+00      0.00000000      0.00000000
 -0.03820000  0.24302586E+02  0.13826488E+00      0.00000000      0.00000000
 -0.03800000  0.24442175E+02  0.13989606E+00      0.00000000      0.00000000
 -0.03780000  0.24581724E+02  0.14141938E+00      0.00000000      0.00000000
 -0.03760000  0.24724409E+02  0.14298627E+00      0.00000000      0.00000000
 -0.03740000  0.24867743E+02  0.14456671E+00      0.00000000      0.00000000
 -0.03720000  0.25013723E+02  0.14628272E+00      0.00000000      0.00000000
 -0.03700000  0.25162010E+02  0.14792751E+00      0.00000000      0.00000000
 -0.03680000  0.25308905E+02  0.14961886E+00      0.00000000      0.00000000
 -0.03660000  0.25460419E+02  0.15134266E+00      0.00000000      0.00000000
 -0.03640000  0.25611675E+02  0.15313615E+00      0.00000000      0.00000000
 -0.03620000  0.25765156E+02  0.15489891E+00      0.00000000      0.00000000
 -0.03600000  0.25921398E+02  0.15668111E+00      0.00000000      0.00000000
 -0.03580000  0.26078991E+02  0.15856692E+00      0.00000000      0.00000000
 -0.03560000  0.26238176E+02  0.16043152E+00      0.00000000      0.00000000
 -0.03540000  0.26401403E+02  0.16243784E+00      0.00000000      0.00000000
 -0.03520000  0.26562754E+02  0.16433103E+00      0.00000000      0.00000000
 -0.03500000  0.26727877E+02  0.16632909E+00      0.00000000      0.00000000
 -0.03480000  0.26894043E+02  0.16836227E+00      0.00000000      0.00000000
 -0.03460000  0.27064411E+02  0.17046018E+00      0.00000000      0.00000000
 -0.03440000  0.27235519E+02  0.17249858E+00      0.00000000      0.00000000
 -0.03420000  0.27409184E+02  0.17464608E+00      0.00000000      0.00000000
 -0.03400000  0.27584381E+02  0.17683937E+00      0.00000000      0.00000000
 -0.03380000  0.27762865E+02  0.17907868E+00      0.00000000      0.00000000
 -0.03360000  0.27945257E+02  0.18140826E+00      0.00000000      0.00000000
 -0.03340000  0.28127621E+02  0.18371610E+00      0.00000000      0.00000000
 -0.03320000  0.28311928E+02  0.18608584E+00      0.00000000      0.00000000
 -0.03300000  0.28497807E+02  0.18843514E+00      0.00000000      0.00000000
 -0.03280000  0.28689335E+02  0.19088094E+00      0.00000000      0.00000000
 -0.03260000  0.28881311E+02  0.19341464E+00      0.00000000      0.00000000
 -0.03240000  0.29071993E+02  0.19591914E+00      0.00000000      0.00000000
 -0.03220000  0.29268356E+02  0.19844867E+00      0.00000000      0.00000000
 -0.03200000  0.29471167E+02  0.20119388E+00      0.00000000      0.00000000
 -0.03180000  0.29672220E+02  0.20387910E+00      0.00000000      0.00000000
 -0.03160000  0.29877445E+02  0.20672560E+00      0.00000000      0.00000000
 -0.03140000  0.30086195E+02  0.20947519E+00      0.00000000      0.00000000
 -0.03120000  0.30297585E+02  0.21227297E+00      0.00000000      0.00000000
 -0.03100000  0.30513264E+02  0.21527436E+00      0.00000000      0.00000000
 -0.03080000  0.30728878E+02  0.21830519E+00      0.00000000      0.00000000
 -0.03060000  0.30946848E+02  0.22138846E+00      0.00000000      0.00000000
 -0.03040000  0.31170885E+02  0.22447142E+00      0.00000000      0.00000000
 -0.03020000  0.31397852E+02  0.22767787E+00      0.00000000      0.00000000
 -0.03000000  0.31625578E+02  0.23096897E+00      0.00000000      0.00000000
 -0.02980000  0.31860561E+02  0.23437983E+00      0.00000000      0.00000000
 -0.02960000  0.32096741E+02  0.23768975E+00      0.00000000      0.00000000
 -0.02940000  0.32334362E+02  0.24116287E+00      0.00000000      0.00000000
 -0.02920000  0.32577229E+02  0.24472708E+00      0.00000000      0.00000000
 -0.02900000  0.32822784E+02  0.24833809E+00      0.00000000      0.00000000
 -0.02880000  0.33078148E+02  0.25222978E+00      0.00000000      0.00000000
 -0.02860000  0.33331558E+02  0.25598902E+00      0.00000000      0.00000000
 -0.02840000  0.33590382E+02  0.25992224E+00      0.00000000      0.00000000
 -0.02820000  0.33852913E+02  0.26389220E+00      0.00000000      0.00000000
 -0.02800000  0.34116676E+02  0.26795691E+00      0.00000000      0.00000000
 -0.02780000  0.34388611E+02  0.27209330E+00      0.00000000      0.00000000
 -0.02760000  0.34663506E+02  0.27638352E+00      0.00000000      0.00000000
 -0.02740000  0.34938911E+02  0.28079966E+00      0.00000000      0.00000000
 -0.02720000  0.35224014E+02  0.28526273E+00      0.00000000      0.00000000
 -0.02700000  0.35511917E+02  0.28985375E+00      0.00000000      0.00000000
 -0.02680000  0.35804054E+02  0.29458636E+00      0.00000000      0.00000000
 -0.02660000  0.36098431E+02  0.29940853E+00      0.00000000      0.00000000
 -0.02640000  0.36402821E+02  0.30430281E+00      0.00000000      0.00000000
 -0.02620000  0.36708405E+02  0.30942073E+00      0.00000000      0.00000000
 -0.02600000  0.37018524E+02  0.31462699E+00      0.00000000      0.00000000
 -0.02580000  0.37334385E+02  0.31992087E+00      0.00000000      0.00000000
 -0.02560000  0.37658966E+02  0.32529697E+00      0.00000000      0.00000000
 -0.02540000  0.37989006E+02  0.33107451E+00      0.00000000      0.00000000
 -0.02520000  0.38318611E+02  0.33662421E+00      0.00000000      0.00000000
 -0.02500000  0.38662441E+02  0.34265763E+00      0.00000000      0.00000000
 -0.02480000  0.39008289E+02  0.34871301E+00      0.00000000      0.00000000
 -0.02460000  0.39360519E+02  0.35495141E+00      0.00000000      0.00000000
 -0.02440000  0.39719131E+02  0.36152095E+00      0.00000000      0.00000000
 -0.02420000  0.40082558E+02  0.36806256E+00      0.00000000      0.00000000
 -0.02400000  0.40451679E+02  0.37458760E+00      0.00000000      0.00000000
 -0.02380000  0.40831982E+02  0.38162771E+00      0.00000000      0.00000000
 -0.02360000  0.41217365E+02  0.38887364E+00      0.00000000      0.00000000
 -0.02340000  0.41608223E+02  0.39613643E+00      0.00000000      0.00000000
 -0.02320000  0.42009983E+02  0.40377051E+00      0.00000000      0.00000000
 -0.02300000  0.42416374E+02  0.41158733E+00      0.00000000      0.00000000
 -0.02280000  0.42831791E+02  0.41947439E+00      0.00000000      0.00000000
 -0.02260000  0.43255501E+02  0.42787039E+00      0.00000000      0.00000000
 -0.02240000  0.43690289E+02  0.43643796E+00      0.00000000      0.00000000
 -0.02220000  0.44125488E+02  0.44512314E+00      0.00000000      0.00000000
 -0.02200000  0.44568089E+02  0.45389482E+00      0.00000000      0.00000000
 -0.02180000  0.45033890E+02  0.46333447E+00      0.00000000      0.00000000
 -0.02160000  0.45501499E+02  0.47277007E+00      0.00000000      0.00000000
 -0.02140000  0.45982574E+02  0.48298627E+00      0.00000000      0.00000000
 -0.02120000  0.46470745E+02  0.49318504E+00      0.00000000      0.00000000
 -0.02100000  0.46968803E+02  0.50364435E+00      0.00000000      0.00000000
 -0.02080000  0.47473042E+02  0.51450533E+00      0.00000000      0.00000000
 -0.02060000  0.47992050E+02  0.52576673E+00      0.00000000      0.00000000
 -0.02040000  0.48531467E+02  0.53747916E+00      0.00000000      0.00000000
 -0.02020000  0.49078899E+02  0.54981244E+00      0.00000000      0.00000000
 -0.02000000  0.49633095E+02  0.56227541E+00      0.00000000      0.00000000
 -0.01980000  0.50202793E+02  0.57501280E+00      0.00000000      0.00000000
 -0.01960000  0.50786228E+02  0.58848190E+00      0.00000000      0.00000000
 -0.01940000  0.51375404E+02  0.60208702E+00      0.00000000      0.00000000
 -0.01920000  0.51982792E+02  0.61655480E+00      0.00000000      0.00000000
 -0.01900000  0.52604267E+02  0.63140726E+00      0.00000000      0.00000000
 -0.01880000  0.53240574E+02  0.64664662E+00      0.00000000      0.00000000
 -0.01860000  0.53894424E+02  0.66281974E+00      0.00000000      0.00000000
 -0.01840000  0.54563911E+02  0.67914492E+00      0.00000000      0.00000000
 -0.01820000  0.55253841E+02  0.69656473E+00      0.00000000      0.00000000
 -0.01800000  0.55965824E+02  0.71483523E+00      0.00000000      0.00000000
 -0.01780000  0.56686062E+02  0.73338103E+00      0.00000000      0.00000000
 -0.01760000  0.57428371E+02  0.75270987E+00      0.00000000      0.00000000
 -0.01740000  0.58194687E+02  0.77278477E+00      0.00000000      0.00000000
 -0.01720000  0.58978848E+02  0.79385966E+00      0.00000000      0.00000000
 -0.01700000  0.59786495E+02  0.81598896E+00      0.00000000      0.00000000
 -0.01680000  0.60613102E+02  0.83892298E+00      0.00000000      0.00000000
 -0.01660000  0.61454754E+02  0.86257476E+00      0.00000000      0.00000000
 -0.01640000  0.62329853E+02  0.88783163E+00      0.00000000      0.00000000
 -0.01620000  0.63231136E+02  0.91341537E+00      0.00000000      0.00000000
 -0.01600000  0.64152000E+02  0.94040978E+00      0.00000000      0.00000000
 -0.01580000  0.65098969E+02  0.96897662E+00      0.00000000      0.00000000
 -0.01560000  0.66084869E+02  0.99845803E+00      0.00000000      0.00000000
 -0.01540000  0.67101166E+02  0.10298587E+01      0.00000000      0.00000000
 -0.01520000  0.68153839E+02  0.10629591E+01      0.00000000      0.00000000
 -0.01500000  0.69228790E+02  0.10973519E+01      0.00000000      0.00000000
 -0.01480000  0.70349174E+02  0.11338358E+01      0.00000000      0.00000000
 -0.01460000  0.71515137E+02  0.11722548E+01      0.00000000      0.00000000
 -0.01440000  0.72706055E+02  0.12124567E+01      0.00000000      0.00000000
 -0.01420000  0.73945663E+02  0.12549388E+01      0.00000000      0.00000000
 -0.01400000  0.75201508E+02  0.12984864E+01      0.00000000      0.00000000
 -0.01380000  0.76532959E+02  0.13459896E+01      0.00000000      0.00000000
 -0.01360000  0.77900772E+02  0.13953803E+01      0.00000000      0.00000000
 -0.01340000  0.79317978E+02  0.14476995E+01      0.00000000      0.00000000
 -0.01320000  0.80770195E+02  0.15020552E+01      0.00000000      0.00000000
 -0.01300000  0.82285606E+02  0.15602515E+01      0.00000000      0.00000000
 -0.01280000  0.83904564E+02  0.16245568E+01      0.00000000      0.00000000
 -0.01260000  0.85576439E+02  0.16917489E+01      0.00000000      0.00000000
 -0.01240000  0.87287766E+02  0.17628771E+01      0.00000000      0.00000000
 -0.01220000  0.89084358E+02  0.18384621E+01      0.00000000      0.00000000
 -0.01200000  0.90973114E+02  0.19195627E+01      0.00000000      0.00000000
 -0.01180000  0.92935524E+02  0.20061622E+01      0.00000000      0.00000000
 -0.01160000  0.94999283E+02  0.20997176E+01      0.00000000      0.00000000
 -0.01140000  0.97115898E+02  0.21982968E+01      0.00000000      0.00000000
 -0.01120000  0.99336746E+02  0.23044946E+01      0.00000000      0.00000000
 -0.01100000  0.10169540E+03  0.24191933E+01      0.00000000      0.00000000
 -0.01080000  0.10419205E+03  0.25460544E+01      0.00000000      0.00000000
 -0.01060000  0.10682082E+03  0.26822522E+01      0.00000000      0.00000000
 -0.01040000  0.10958612E+03  0.28293307E+01      0.00000000      0.00000000
 -0.01020000  0.11248156E+03  0.29893990E+01      0.00000000      0.00000000
 -0.01000000  0.11555304E+03  0.31639032E+01      0.00000000      0.00000000
 -0.00980000  0.11880046E+03  0.33550200E+01      0.00000000      0.00000000
 -0.00960000  0.12222103E+03  0.35638421E+01      0.00000000      0.00000000
 -0.00940000  0.12595657E+03  0.37999504E+01      0.00000000      0.00000000
 -0.00920000  0.12985815E+03  0.40568929E+01      0.00000000      0.00000000
 -0.00900000  0.13400426E+03  0.43402419E+01      0.00000000      0.00000000
 -0.00880000  0.13844344E+03  0.46536741E+01      0.00000000      0.00000000
 -0.00860000  0.14322737E+03  0.50085602E+01      0.00000000      0.00000000
 -0.00840000  0.14844485E+03  0.54125791E+01      0.00000000      0.00000000
 -0.00820000  0.15407097E+03  0.58702707E+01      0.00000000      0.00000000
 -0.00800000  0.16018748E+03  0.63920994E+01      0.00000000      0.00000000
 -0.00780000  0.16685364E+03  0.69912071E+01      0.00000000      0.00000000
 -0.00760000  0.17426759E+03  0.76983204E+01      0.00000000      0.00000000
 -0.00740000  0.18234811E+03  0.85165033E+01      0.00000000      0.00000000
 -0.00720000  0.19126917E+03  0.94783144E+01      0.00000000      0.00000000
 -0.00700000  0.20129898E+03  0.10634598E+02      0.00000000      0.00000000
 -0.00680000  0.21246872E+03  0.12023705E+02      0.00000000      0.00000000
 -0.00660000  0.22545105E+03  0.13770240E+02      0.00000000      0.00000000
 -0.00640000  0.24021515E+03  0.15940472E+02      0.00000000      0.00000000
 -0.00620000  0.25707654E+03  0.18674627E+02      0.00000000      0.00000000
 -0.00600000  0.27699554E+03  0.22269772E+02      0.00000000      0.00000000
 -0.00580000  0.30087173E+03  0.27116297E+02      0.00000000      0.00000000
 -0.00560000  0.33055487E+03  0.34038239E+02      0.00000000      0.00000000
 -0.00540000  0.36736310E+03  0.44111160E+02      0.00000000      0.00000000
 -0.00520000  0.41578711E+03  0.60138641E+02      0.00000000      0.00000000
 -0.00500000  0.48276801E+03  0.88362808E+02      0.00000000      0.00000000
 -0.00480000  0.57975464E+03  0.14470456E+03      0.00000000      0.00000000
 -0.00460000  0.72156616E+03  0.27932764E+03      0.00000000      0.00000000
 -0.00440000  0.84380969E+03  0.68332581E+03      0.00000000      0.00000000
 -0.00420000  0.17255823E+03  0.11827084E+04      0.00000000      0.00000000
 -0.00400000 -0.21235657E+03  0.57496613E+03      0.00000000      0.00000000
 -0.00380000 -0.12531387E+02  0.32133655E+03      0.00000000      0.00000000
 -0.00360000  0.21075571E+03  0.31829254E+03      0.00000000      0.00000000
 -0.00340000  0.41653625E+03  0.56503467E+03      0.00000000      0.00000000
 -0.00320000  0.80146339E+02  0.11744060E+04      0.00000000      0.00000000
 -0.00300000 -0.63181018E+03  0.70594238E+03      0.00000000      0.00000000
 -0.00280000 -0.51467554E+03  0.29299860E+03      0.00000000      0.00000000
 -0.00260000 -0.36341470E+03  0.15199815E+03      0.00000000      0.00000000
 -0.00240000 -0.26034113E+03  0.96478195E+02      0.00000000      0.00000000
 -0.00220000 -0.18560902E+03  0.69486618E+02      0.00000000      0.00000000
 -0.00200000 -0.12706877E+03  0.55000278E+02      0.00000000      0.00000000
 -0.00180000 -0.77280762E+02  0.47013298E+02      0.00000000      0.00000000
 -0.00160000 -0.33734863E+02  0.43298920E+02      0.00000000      0.00000000
 -0.00140000  0.75125351E+01  0.42581360E+02      0.00000000      0.00000000
 -0.00120000  0.50364128E+02  0.44761581E+02      0.00000000      0.00000000
 -0.00100000  0.96182549E+02  0.50373810E+02      0.00000000      0.00000000
 -0.00080000  0.14951208E+03  0.61214600E+02      0.00000000      0.00000000
 -0.00060000  0.21423663E+03  0.80837997E+02      0.00000000      0.00000000
 -0.00040000  0.30202039E+03  0.12002789E+03      0.00000000      0.00000000
 -0.00020000  0.42619354E+03  0.20792465E+03      0.00000000      0.00000000
  0.00000000  0.58897577E+03  0.45591537E+03      0.00000000      0.00000000
  0.00020000  0.38855121E+03  0.10934403E+04      0.00000000      0.00000000
  0.00040000 -0.44601331E+03  0.81968524E+03      0.00000000      0.00000000
  0.00060000 -0.35404028E+03  0.36504279E+03      0.00000000      0.00000000
  0.00080000 -0.14974254E+03  0.24772743E+03      0.00000000      0.00000000
  0.00100000  0.46933044E+02  0.28329736E+03      0.00000000      0.00000000
  0.00120000  0.23919357E+03  0.53155188E+03      0.00000000      0.00000000
  0.00140000 -0.76542747E+02  0.11588618E+04      0.00000000      0.00000000
  0.00160000 -0.82680200E+03  0.72268701E+03      0.00000000      0.00000000
  0.00180000 -0.72303027E+03  0.29116034E+03      0.00000000      0.00000000
  0.00200000 -0.58031415E+03  0.14819568E+03      0.00000000      0.00000000
  0.00220000 -0.48370569E+03  0.90009605E+02      0.00000000      0.00000000
  0.00240000 -0.41640781E+03  0.60842667E+02      0.00000000      0.00000000
  0.00260000 -0.36798254E+03  0.44436474E+02      0.00000000      0.00000000
  0.00280000 -0.33057529E+03  0.34018272E+02      0.00000000      0.00000000
  0.00300000 -0.30128467E+03  0.27093109E+02      0.00000000      0.00000000
  0.00320000 -0.27732770E+03  0.22171875E+02      0.00000000      0.00000000
  0.00340000 -0.25722894E+03  0.18524292E+02      0.00000000      0.00000000
  0.00360000 -0.24018135E+03  0.15752808E+02      0.00000000      0.00000000
  0.00380000 -0.22584477E+03  0.13637039E+02      0.00000000      0.00000000
  0.00400000 -0.21322594E+03  0.11935944E+02      0.00000000      0.00000000
  0.00420000 -0.20208563E+03  0.10544922E+02      0.00000000      0.00000000
  0.00440000 -0.19234637E+03  0.94181519E+01      0.00000000      0.00000000
  0.00460000 -0.18351794E+03  0.84644928E+01      0.00000000      0.00000000
  0.00480000 -0.17555284E+03  0.76575165E+01      0.00000000      0.00000000
  0.00500000 -0.16826178E+03  0.69635048E+01      0.00000000      0.00000000
  0.00520000 -0.16156116E+03  0.63565865E+01      0.00000000      0.00000000
  0.00540000 -0.15550543E+03  0.58397636E+01      0.00000000      0.00000000
  0.00560000 -0.14997293E+03  0.53900537E+01      0.00000000      0.00000000
  0.00580000 -0.14472372E+03  0.49814272E+01      0.00000000      0.00000000
  0.00600000 -0.13989821E+03  0.46251183E+01      0.00000000      0.00000000
  0.00620000 -0.13547032E+03  0.43116245E+01      0.00000000      0.00000000
  0.00640000 -0.13132230E+03  0.40274777E+01      0.00000000      0.00000000
  0.00660000 -0.12741435E+03  0.37722168E+01      0.00000000      0.00000000
  0.00680000 -0.12378516E+03  0.35436110E+01      0.00000000      0.00000000
  0.00700000 -0.12034102E+03  0.33335404E+01      0.00000000      0.00000000
  0.00720000 -0.11710747E+03  0.31442027E+01      0.00000000      0.00000000
  0.00740000 -0.11404730E+03  0.29699163E+01      0.00000000      0.00000000
  0.00760000 -0.11114645E+03  0.28091819E+01      0.00000000      0.00000000
  0.00780000 -0.10839043E+03  0.26614957E+01      0.00000000      0.00000000
  0.00800000 -0.10579750E+03  0.25271659E+01      0.00000000      0.00000000
  0.00820000 -0.10336220E+03  0.24048758E+01      0.00000000      0.00000000
  0.00840000 -0.10102326E+03  0.22912285E+01      0.00000000      0.00000000
  0.00860000 -0.98795181E+02  0.21852596E+01      0.00000000      0.00000000
  0.00880000 -0.96671761E+02  0.20867019E+01      0.00000000      0.00000000
  0.00900000 -0.94649155E+02  0.19952934E+01      0.00000000      0.00000000
  0.00920000 -0.92674103E+02  0.19067862E+01      0.00000000      0.00000000
  0.00940000 -0.90823624E+02  0.18274773E+01      0.00000000      0.00000000
  0.00960000 -0.89017517E+02  0.17518973E+01      0.00000000      0.00000000
  0.00980000 -0.87303200E+02  0.16823497E+01      0.00000000      0.00000000
  0.01000000 -0.85659752E+02  0.16164747E+01      0.00000000      0.00000000
  0.01020000 -0.84087555E+02  0.15541098E+01      0.00000000      0.00000000
  0.01040000 -0.82562218E+02  0.14958287E+01      0.00000000      0.00000000
  0.01060000 -0.81100792E+02  0.14400403E+01      0.00000000      0.00000000
  0.01080000 -0.79692436E+02  0.13883576E+01      0.00000000      0.00000000
  0.01100000 -0.78335693E+02  0.13395374E+01      0.00000000      0.00000000
  0.01120000 -0.77025581E+02  0.12926015E+01      0.00000000      0.00000000
  0.01140000 -0.75762001E+02  0.12487037E+01      0.00000000      0.00000000
  0.01160000 -0.74532173E+02  0.12065548E+01      0.00000000      0.00000000
  0.01180000 -0.73344994E+02  0.11667252E+01      0.00000000      0.00000000
  0.01200000 -0.72194672E+02  0.11290543E+01      0.00000000      0.00000000
  0.01220000 -0.71083038E+02  0.10927926E+01      0.00000000      0.00000000
  0.01240000 -0.70009277E+02  0.10589535E+01      0.00000000      0.00000000
  0.01260000 -0.68967087E+02  0.10260941E+01      0.00000000      0.00000000
  0.01280000 -0.67957939E+02  0.99499881E+00      0.00000000      0.00000000
  0.01300000 -0.66985687E+02  0.96592444E+00      0.00000000      0.00000000
  0.01320000 -0.66022980E+02  0.93713409E+00      0.00000000      0.00000000
  0.01340000 -0.65104767E+02  0.90979505E+00      0.00000000      0.00000000
  0.01360000 -0.64213638E+02  0.88440406E+00      0.00000000      0.00000000
  0.01380000 -0.63340893E+02  0.85928667E+00      0.00000000      0.00000000
  0.01400000 -0.62491199E+02  0.83576769E+00      0.00000000      0.00000000
  0.01420000 -0.61654308E+02  0.81279105E+00      0.00000000      0.00000000
  0.01440000 -0.60849670E+02  0.79066718E+00      0.00000000      0.00000000
  0.01460000 -0.60067936E+02  0.76978612E+00      0.00000000      0.00000000
  0.01480000 -0.59313282E+02  0.74993980E+00      0.00000000      0.00000000
  0.01500000 -0.58573017E+02  0.73044610E+00      0.00000000      0.00000000
  0.01520000 -0.57855171E+02  0.71195066E+00      0.00000000      0.00000000
  0.01540000 -0.57159840E+02  0.69437635E+00      0.00000000      0.00000000
  0.01560000 -0.56474224E+02  0.67725730E+00      0.00000000      0.00000000
  0.01580000 -0.55804169E+02  0.66055417E+00      0.00000000      0.00000000
  0.01600000 -0.55149269E+02  0.64462578E+00      0.00000000      0.00000000
  0.01619999 -0.54512703E+02  0.62931502E+00      0.00000000      0.00000000
  0.01640000 -0.53888874E+02  0.61437178E+00      0.00000000      0.00000000
  0.01660000 -0.53282013E+02  0.60009551E+00      0.00000000      0.00000000
  0.01680000 -0.52685513E+02  0.58618730E+00      0.00000000      0.00000000
  0.01700000 -0.52110550E+02  0.57298326E+00      0.00000000      0.00000000
  0.01720000 -0.51543400E+02  0.56022441E+00      0.00000000      0.00000000
  0.01740000 -0.50993889E+02  0.54792643E+00      0.00000000      0.00000000
  0.01760000 -0.50445686E+02  0.53578943E+00      0.00000000      0.00000000
  0.01780000 -0.49918762E+02  0.52432334E+00      0.00000000      0.00000000
  0.01800000 -0.49404987E+02  0.51317143E+00      0.00000000      0.00000000
  0.01820000 -0.48892494E+02  0.50218278E+00      0.00000000      0.00000000
  0.01840000 -0.48393791E+02  0.49169919E+00      0.00000000      0.00000000
  0.01860000 -0.47907509E+02  0.48152131E+00      0.00000000      0.00000000
  0.01880000 -0.47430984E+02  0.47164258E+00      0.00000000      0.00000000
  0.01900000 -0.46963947E+02  0.46183139E+00      0.00000000      0.00000000
  0.01920000 -0.46507961E+02  0.45270431E+00      0.00000000      0.00000000
  0.01940000 -0.46060764E+02  0.44375968E+00      0.00000000      0.00000000
  0.01960000 -0.45619175E+02  0.43489137E+00      0.00000000      0.00000000
  0.01980000 -0.45185513E+02  0.42647612E+00      0.00000000      0.00000000
  0.02000000 -0.44765060E+02  0.41825962E+00      0.00000000      0.00000000
  0.02020000 -0.44355072E+02  0.41041601E+00      0.00000000      0.00000000
  0.02040000 -0.43951660E+02  0.40254992E+00      0.00000000      0.00000000
  0.02060000 -0.43554150E+02  0.39516333E+00      0.00000000      0.00000000
  0.02080000 -0.43163544E+02  0.38784057E+00      0.00000000      0.00000000
  0.02100000 -0.42778065E+02  0.38067216E+00      0.00000000      0.00000000
  0.02120000 -0.42400246E+02  0.37377822E+00      0.00000000      0.00000000
  0.02140000 -0.42031788E+02  0.36704493E+00      0.00000000      0.00000000
  0.02160000 -0.41666943E+02  0.36043224E+00      0.00000000      0.00000000
  0.02180000 -0.41307484E+02  0.35405096E+00      0.00000000      0.00000000
  0.02200000 -0.40956627E+02  0.34777454E+00      0.00000000      0.00000000
  0.02220000 -0.40612576E+02  0.34178630E+00      0.00000000      0.00000000
  0.02240000 -0.40270443E+02  0.33571604E+00      0.00000000      0.00000000
  0.02260000 -0.39940548E+02  0.33020774E+00      0.00000000      0.00000000
  0.02280000 -0.39613403E+02  0.32469669E+00      0.00000000      0.00000000
  0.02300000 -0.39291275E+02  0.31906328E+00      0.00000000      0.00000000
  0.02320000 -0.38972633E+02  0.31370991E+00      0.00000000      0.00000000
  0.02340000 -0.38666069E+02  0.30869764E+00      0.00000000      0.00000000
  0.02360000 -0.38360600E+02  0.30344349E+00      0.00000000      0.00000000
  0.02380000 -0.38060699E+02  0.29860774E+00      0.00000000      0.00000000
  0.02400000 -0.37761169E+02  0.29378372E+00      0.00000000      0.00000000
  0.02420000 -0.37469475E+02  0.28920031E+00      0.00000000      0.00000000
  0.02440000 -0.37184700E+02  0.28469518E+00      0.00000000      0.00000000
  0.02460000 -0.36900513E+02  0.28017104E+00      0.00000000      0.00000000
  0.02480000 -0.36623714E+02  0.27576220E+00      0.00000000      0.00000000
  0.02500000 -0.36349213E+02  0.27150869E+00      0.00000000      0.00000000
  0.02520000 -0.36077015E+02  0.26721367E+00      0.00000000      0.00000000
  0.02540000 -0.35813660E+02  0.26328641E+00      0.00000000      0.00000000
  0.02560000 -0.35552502E+02  0.25918978E+00      0.00000000      0.00000000
  0.02580000 -0.35293690E+02  0.25532976E+00      0.00000000      0.00000000
  0.02600000 -0.35043427E+02  0.25158662E+00      0.00000000      0.00000000
  0.02620000 -0.34792198E+02  0.24787906E+00      0.00000000      0.00000000
  0.02640000 -0.34545219E+02  0.24425548E+00      0.00000000      0.00000000
  0.02660000 -0.34300068E+02  0.24066836E+00      0.00000000      0.00000000
  0.02680000 -0.34060566E+02  0.23708892E+00      0.00000000      0.00000000
  0.02700000 -0.33827206E+02  0.23373729E+00      0.00000000      0.00000000
  0.02720000 -0.33595798E+02  0.23044257E+00      0.00000000      0.00000000
  0.02740000 -0.33363617E+02  0.22720794E+00      0.00000000      0.00000000
  0.02760000 -0.33138943E+02  0.22398990E+00      0.00000000      0.00000000
  0.02780000 -0.32918896E+02  0.22085333E+00      0.00000000      0.00000000
  0.02800000 -0.32699593E+02  0.21787995E+00      0.00000000      0.00000000
  0.02820000 -0.32484718E+02  0.21495299E+00      0.00000000      0.00000000
  0.02840000 -0.32273602E+02  0.21201259E+00      0.00000000      0.00000000
  0.02860000 -0.32059616E+02  0.20902458E+00      0.00000000      0.00000000
  0.02880000 -0.31849819E+02  0.20622200E+00      0.00000000      0.00000000
  0.02900000 -0.31646259E+02  0.20351866E+00      0.00000000      0.00000000
  0.02920000 -0.31446548E+02  0.20091605E+00      0.00000000      0.00000000
  0.02940000 -0.31246315E+02  0.19818640E+00      0.00000000      0.00000000
  0.02959999 -0.31046604E+02  0.19555321E+00      0.00000000      0.00000000
  0.02980000 -0.30853104E+02  0.19303554E+00      0.00000000      0.00000000
  0.03000000 -0.30661932E+02  0.19052967E+00      0.00000000      0.00000000
  0.03020000 -0.30471521E+02  0.18805638E+00      0.00000000      0.00000000
  0.03040000 -0.30285633E+02  0.18568276E+00      0.00000000      0.00000000
  0.03060000 -0.30103340E+02  0.18329786E+00      0.00000000      0.00000000
  0.03080000 -0.29918884E+02  0.18101029E+00      0.00000000      0.00000000
  0.03100000 -0.29738770E+02  0.17872120E+00      0.00000000      0.00000000
  0.03120000 -0.29562599E+02  0.17652209E+00      0.00000000      0.00000000
  0.03140000 -0.29386168E+02  0.17432141E+00      0.00000000      0.00000000
  0.03160000 -0.29214657E+02  0.17228165E+00      0.00000000      0.00000000
  0.03179999 -0.29042271E+02  0.17015556E+00      0.00000000      0.00000000
  0.03200001 -0.28872509E+02  0.16809478E+00      0.00000000      0.00000000
  0.03220000 -0.28703852E+02  0.16600423E+00      0.00000000      0.00000000
  0.03240000 -0.28541178E+02  0.16402464E+00      0.00000000      0.00000000
  0.03260000 -0.28379250E+02  0.16200204E+00      0.00000000      0.00000000
  0.03280000 -0.28217993E+02  0.16016936E+00      0.00000000      0.00000000
  0.03300000 -0.28058359E+02  0.15824930E+00      0.00000000      0.00000000
  0.03320000 -0.27898420E+02  0.15638734E+00      0.00000000      0.00000000
  0.03340000 -0.27743958E+02  0.15461245E+00      0.00000000      0.00000000
  0.03360000 -0.27591522E+02  0.15287067E+00      0.00000000      0.00000000
  0.03380000 -0.27436888E+02  0.15098996E+00      0.00000000      0.00000000
  0.03399999 -0.27287588E+02  0.14930496E+00      0.00000000      0.00000000
  0.03420001 -0.27139084E+02  0.14761090E+00      0.00000000      0.00000000
  0.03440000 -0.26991735E+02  0.14591278E+00      0.00000000      0.00000000
  0.03460000 -0.26847635E+02  0.14432693E+00      0.00000000      0.00000000
  0.03479999 -0.26705143E+02  0.14273702E+00      0.00000000      0.00000000
  0.03500000 -0.26562435E+02  0.14116284E+00      0.00000000      0.00000000
  0.03520000 -0.26422001E+02  0.13955460E+00      0.00000000      0.00000000
  0.03540000 -0.26282799E+02  0.13803339E+00      0.00000000      0.00000000
  0.03560000 -0.26145058E+02  0.13647181E+00      0.00000000      0.00000000
  0.03580000 -0.26009941E+02  0.13497877E+00      0.00000000      0.00000000
  0.03600000 -0.25874754E+02  0.13353178E+00      0.00000000      0.00000000
  0.03619999 -0.25743153E+02  0.13213964E+00      0.00000000      0.00000000
  0.03640000 -0.25611246E+02  0.13073802E+00      0.00000000      0.00000000
  0.03660000 -0.25480848E+02  0.12935515E+00      0.00000000      0.00000000
  0.03680000 -0.25353201E+02  0.12796994E+00      0.00000000      0.00000000
  0.03700000 -0.25227240E+02  0.12663823E+00      0.00000000      0.00000000
  0.03720000 -0.25100945E+02  0.12532188E+00      0.00000000      0.00000000
  0.03740000 -0.24975775E+02  0.12400734E+00      0.00000000      0.00000000
  0.03760000 -0.24850275E+02  0.12266444E+00      0.00000000      0.00000000
  0.03780000 -0.24727943E+02  0.12135223E+00      0.00000000      0.00000000
  0.03800000 -0.24607361E+02  0.12016877E+00      0.00000000      0.00000000
  0.03820000 -0.24488516E+02  0.11897551E+00      0.00000000      0.00000000
  0.03839999 -0.24370390E+02  0.11774407E+00      0.00000000      0.00000000
  0.03860000 -0.24253351E+02  0.11654861E+00      0.00000000      0.00000000
  0.03880000 -0.24138163E+02  0.11542847E+00      0.00000000      0.00000000
  0.03900000 -0.24023724E+02  0.11427654E+00      0.00000000      0.00000000
  0.03920000 -0.23908731E+02  0.11312814E+00      0.00000000      0.00000000
  0.03940000 -0.23796520E+02  0.11200228E+00      0.00000000      0.00000000
  0.03960000 -0.23684288E+02  0.11090360E+00      0.00000000      0.00000000
  0.03980000 -0.23574657E+02  0.10983332E+00      0.00000000      0.00000000
  0.04000000 -0.23465759E+02  0.10875281E+00      0.00000000      0.00000000
  0.04020000 -0.23356792E+02  0.10768997E+00      0.00000000      0.00000000
  0.04040000 -0.23248316E+02  0.10659723E+00      0.00000000      0.00000000
  0.04060000 -0.23142199E+02  0.10559949E+00      0.00000000      0.00000000
  0.04080000 -0.23037766E+02  0.10458238E+00      0.00000000      0.00000000
  0.04100000 -0.22933722E+02  0.10358481E+00      0.00000000      0.00000000
  0.04120000 -0.22829567E+02  0.10260684E+00      0.00000000      0.00000000
  0.04140000 -0.22728302E+02  0.10161751E+00      0.00000000      0.00000000
  0.04160000 -0.22627491E+02  0.10065158E+00      0.00000000      0.00000000
  0.04180000 -0.22527813E+02  0.99732608E-01      0.00000000      0.00000000
  0.04200000 -0.22427792E+02  0.98852262E-01      0.00000000      0.00000000
  0.04220000 -0.22329636E+02  0.97934209E-01      0.00000000      0.00000000
  0.04240000 -0.22232311E+02  0.97001106E-01      0.00000000      0.00000000
  0.04260000 -0.22135033E+02  0.96105583E-01      0.00000000      0.00000000
  0.04280000 -0.22039419E+02  0.95237859E-01      0.00000000      0.00000000
  0.04300000 -0.21944759E+02  0.94389357E-01      0.00000000      0.00000000
  0.04320000 -0.21850716E+02  0.93533911E-01      0.00000000      0.00000000
  0.04340000 -0.21757349E+02  0.92676401E-01      0.00000000      0.00000000
  0.04360000 -0.21664183E+02  0.91843210E-01      0.00000000      0.00000000
  0.04380000 -0.21574274E+02  0.91021545E-01      0.00000000      0.00000000
  0.04400000 -0.21484077E+02  0.90244085E-01      0.00000000      0.00000000
  0.04420000 -0.21394100E+02  0.89465126E-01      0.00000000      0.00000000
  0.04440000 -0.21305752E+02  0.88630594E-01      0.00000000      0.00000000
  0.04460000 -0.21216610E+02  0.87861724E-01      0.00000000      0.00000000
  0.04480000 -0.21129515E+02  0.87117359E-01      0.00000000      0.00000000
  0.04500000 -0.21042225E+02  0.86338490E-01      0.00000000      0.00000000
  0.04520000 -0.20956184E+02  0.85623696E-01      0.00000000      0.00000000
  0.04539999 -0.20870598E+02  0.84868498E-01      0.00000000      0.00000000
  0.04560000 -0.20786982E+02  0.84165558E-01      0.00000000      0.00000000
  0.04580000 -0.20703426E+02  0.83455235E-01      0.00000000      0.00000000
  0.04600000 -0.20621078E+02  0.82746729E-01      0.00000000      0.00000000
  0.04620000 -0.20538549E+02  0.82029536E-01      0.00000000      0.00000000
  0.04640000 -0.20455765E+02  0.81294812E-01      0.00000000      0.00000000
  0.04660000 -0.20374578E+02  0.80600888E-01      0.00000000      0.00000000
  0.04680000 -0.20294680E+02  0.79952344E-01      0.00000000      0.00000000
  0.04700000 -0.20215885E+02  0.79315066E-01      0.00000000      0.00000000
  0.04720000 -0.20137079E+02  0.78647278E-01      0.00000000      0.00000000
  0.04740000 -0.20058617E+02  0.77983916E-01      0.00000000      0.00000000
  0.04759999 -0.19979496E+02  0.77357434E-01      0.00000000      0.00000000
  0.04780000 -0.19903072E+02  0.76722495E-01      0.00000000      0.00000000
  0.04800000 -0.19826853E+02  0.76090865E-01      0.00000000      0.00000000
  0.04820000 -0.19751583E+02  0.75492568E-01      0.00000000      0.00000000
  0.04840000 -0.19677441E+02  0.74905343E-01      0.00000000      0.00000000
  0.04860000 -0.19602980E+02  0.74260473E-01      0.00000000      0.00000000
  0.04880000 -0.19528862E+02  0.73664360E-01      0.00000000      0.00000000
  0.04899999 -0.19454903E+02  0.73078036E-01      0.00000000      0.00000000
  0.04920000 -0.19382021E+02  0.72469078E-01      0.00000000      0.00000000
  0.04940000 -0.19309641E+02  0.71906306E-01      0.00000000      0.00000000
  0.04960000 -0.19237894E+02  0.71345158E-01      0.00000000      0.00000000
  0.04979999 -0.19166941E+02  0.70799761E-01      0.00000000      0.00000000
  0.05000000 -0.19096741E+02  0.70237309E-01      0.00000000      0.00000000
  0.05020000 -0.19025846E+02  0.69685921E-01      0.00000000      0.00000000
  0.05040000 -0.18956432E+02  0.69118626E-01      0.00000000      0.00000000
  0.05060000 -0.18888706E+02  0.68599209E-01      0.00000000      0.00000000
  0.05080000 -0.18819744E+02  0.68070628E-01      0.00000000      0.00000000
  0.05100000 -0.18752781E+02  0.67557104E-01      0.00000000      0.00000000
  0.05119999 -0.18685417E+02  0.67029767E-01      0.00000000      0.00000000
  0.05140000 -0.18618546E+02  0.66535830E-01      0.00000000      0.00000000
  0.05160000 -0.18551958E+02  0.66013858E-01      0.00000000      0.00000000
  0.05180000 -0.18486954E+02  0.65509900E-01      0.00000000      0.00000000
  0.05199999 -0.18420837E+02  0.65014482E-01      0.00000000      0.00000000
  0.05220000 -0.18355755E+02  0.64530060E-01      0.00000000      0.00000000
  0.05240000 -0.18291681E+02  0.64044744E-01      0.00000000      0.00000000
  0.05260000 -0.18227198E+02  0.63589923E-01      0.00000000      0.00000000
  0.05280000 -0.18163961E+02  0.63085817E-01      0.00000000      0.00000000
  0.05300000 -0.18101250E+02  0.62598705E-01      0.00000000      0.00000000
  0.05320000 -0.18039808E+02  0.62148497E-01      0.00000000      0.00000000
  0.05339999 -0.17977932E+02  0.61701097E-01      0.00000000      0.00000000
  0.05360000 -0.17917116E+02  0.61257418E-01      0.00000000      0.00000000
  0.05380000 -0.17855698E+02  0.60812712E-01      0.00000000      0.00000000
  0.05400000 -0.17794476E+02  0.60357485E-01      0.00000000      0.00000000
  0.05420000 -0.17734665E+02  0.59931789E-01      0.00000000      0.00000000
  0.05440000 -0.17674747E+02  0.59509981E-01      0.00000000      0.00000000
  0.05460000 -0.17615870E+02  0.59105136E-01      0.00000000      0.00000000
  0.05480000 -0.17556767E+02  0.58660090E-01      0.00000000      0.00000000
  0.05500000 -0.17498850E+02  0.58230549E-01      0.00000000      0.00000000
  0.05520000 -0.17440722E+02  0.57794280E-01      0.00000000      0.00000000
  0.05540000 -0.17382889E+02  0.57395663E-01      0.00000000      0.00000000
  0.05560000 -0.17326420E+02  0.57011146E-01      0.00000000      0.00000000
  0.05580000 -0.17269779E+02  0.56598492E-01      0.00000000      0.00000000
  0.05600000 -0.17212399E+02  0.56194004E-01      0.00000000      0.00000000
  0.05620000 -0.17156273E+02  0.55825859E-01      0.00000000      0.00000000
  0.05640000 -0.17101442E+02  0.55440590E-01      0.00000000      0.00000000
  0.05660000 -0.17047043E+02  0.55050846E-01      0.00000000      0.00000000
  0.05680000 -0.16992033E+02  0.54658286E-01      0.00000000      0.00000000
  0.05700000 -0.16937044E+02  0.54294061E-01      0.00000000      0.00000000
  0.05720000 -0.16882847E+02  0.53906601E-01      0.00000000      0.00000000
  0.05740000 -0.16828888E+02  0.53532541E-01      0.00000000      0.00000000
  0.05760000 -0.16775316E+02  0.53171307E-01      0.00000000      0.00000000
  0.05780000 -0.16722303E+02  0.52791812E-01      0.00000000      0.00000000
  0.05800000 -0.16670012E+02  0.52441586E-01      0.00000000      0.00000000
  0.05819999 -0.16617958E+02  0.52089550E-01      0.00000000      0.00000000
  0.05840000 -0.16566786E+02  0.51750779E-01      0.00000000      0.00000000
  0.05860000 -0.16514854E+02  0.51395591E-01      0.00000000      0.00000000
  0.05880000 -0.16463589E+02  0.51042028E-01      0.00000000      0.00000000
  0.05900000 -0.16412874E+02  0.50708968E-01      0.00000000      0.00000000
  0.05920000 -0.16362467E+02  0.50367527E-01      0.00000000      0.00000000
  0.05940000 -0.16311600E+02  0.50034542E-01      0.00000000      0.00000000
  0.05960000 -0.16261589E+02  0.49722131E-01      0.00000000      0.00000000
  0.05980000 -0.16212034E+02  0.49386583E-01      0.00000000      0.00000000
  0.06000000 -0.16162926E+02  0.49059551E-01      0.00000000      0.00000000
  0.06020000 -0.16113007E+02  0.48730459E-01      0.00000000      0.00000000
  0.06039999 -0.16064577E+02  0.48429471E-01      0.00000000      0.00000000
  0.06060000 -0.16015993E+02  0.48114739E-01      0.00000000      0.00000000
  0.06080000 -0.15967340E+02  0.47770675E-01      0.00000000      0.00000000
  0.06100000 -0.15920149E+02  0.47460295E-01      0.00000000      0.00000000
  0.06119999 -0.15872973E+02  0.47160499E-01      0.00000000      0.00000000
  0.06140000 -0.15825954E+02  0.46868548E-01      0.00000000      0.00000000
  0.06160000 -0.15779338E+02  0.46582807E-01      0.00000000      0.00000000
  0.06180000 -0.15732871E+02  0.46274420E-01      0.00000000      0.00000000
  0.06200000 -0.15686999E+02  0.45985341E-01      0.00000000      0.00000000
  0.06220000 -0.15641664E+02  0.45681573E-01      0.00000000      0.00000000
  0.06240000 -0.15595870E+02  0.45399316E-01      0.00000000      0.00000000
  0.06259999 -0.15550256E+02  0.45120612E-01      0.00000000      0.00000000
  0.06280001 -0.15505156E+02  0.44829816E-01      0.00000000      0.00000000
  0.06300000 -0.15461071E+02  0.44545569E-01      0.00000000      0.00000000
  0.06320000 -0.15416014E+02  0.44261009E-01      0.00000000      0.00000000
  0.06339999 -0.15371696E+02  0.44006653E-01      0.00000000      0.00000000
  0.06360000 -0.15327771E+02  0.43727145E-01      0.00000000      0.00000000
  0.06380000 -0.15284013E+02  0.43463498E-01      0.00000000      0.00000000
  0.06400000 -0.15240694E+02  0.43196369E-01      0.00000000      0.00000000
  0.06420000 -0.15197943E+02  0.42933963E-01      0.00000000      0.00000000
  0.06440000 -0.15155383E+02  0.42655446E-01      0.00000000      0.00000000
  0.06460000 -0.15112228E+02  0.42377390E-01      0.00000000      0.00000000
  0.06479999 -0.15070131E+02  0.42117901E-01      0.00000000      0.00000000
  0.06500000 -0.15027952E+02  0.41876033E-01      0.00000000      0.00000000
  0.06520000 -0.14986276E+02  0.41625615E-01      0.00000000      0.00000000
  0.06540000 -0.14944400E+02  0.41396100E-01      0.00000000      0.00000000
  0.06559999 -0.14903178E+02  0.41128043E-01      0.00000000      0.00000000
  0.06580000 -0.14862055E+02  0.40885430E-01      0.00000000      0.00000000
  0.06600000 -0.14821579E+02  0.40658657E-01      0.00000000      0.00000000
  0.06620000 -0.14781446E+02  0.40393781E-01      0.00000000      0.00000000
  0.06640000 -0.14741078E+02  0.40151939E-01      0.00000000      0.00000000
  0.06660000 -0.14700631E+02  0.39909821E-01      0.00000000      0.00000000
  0.06680001 -0.14660274E+02  0.39669052E-01      0.00000000      0.00000000
  0.06699999 -0.14621241E+02  0.39435096E-01      0.00000000      0.00000000
  0.06720000 -0.14582490E+02  0.39220743E-01      0.00000000      0.00000000
  0.06739999 -0.14543308E+02  0.38984843E-01      0.00000000      0.00000000
  0.06760000 -0.14504051E+02  0.38746651E-01      0.00000000      0.00000000
  0.06780000 -0.14465262E+02  0.38505305E-01      0.00000000      0.00000000
  0.06800000 -0.14427155E+02  0.38279079E-01      0.00000000      0.00000000
  0.06820000 -0.14388880E+02  0.38067166E-01      0.00000000      0.00000000
  0.06840000 -0.14351418E+02  0.37846956E-01      0.00000000      0.00000000
  0.06859999 -0.14314004E+02  0.37636232E-01      0.00000000      0.00000000
  0.06880000 -0.14276250E+02  0.37434947E-01      0.00000000      0.00000000
  0.06900001 -0.14238708E+02  0.37210155E-01      0.00000000      0.00000000
  0.06919999 -0.14201882E+02  0.37015777E-01      0.00000000      0.00000000
  0.06940000 -0.14164789E+02  0.36793109E-01      0.00000000      0.00000000
  0.06960000 -0.14128475E+02  0.36587339E-01      0.00000000      0.00000000
  0.06980000 -0.14091613E+02  0.36395673E-01      0.00000000      0.00000000
  0.07000000 -0.14055044E+02  0.36164913E-01      0.00000000      0.00000000
  0.07020000 -0.14018860E+02  0.35962284E-01      0.00000000      0.00000000
  0.07040000 -0.13983022E+02  0.35763279E-01      0.00000000      0.00000000
  0.07060000 -0.13947546E+02  0.35557903E-01      0.00000000      0.00000000
  0.07079999 -0.13911775E+02  0.35370097E-01      0.00000000      0.00000000
  0.07099999 -0.13876553E+02  0.35173737E-01      0.00000000      0.00000000
  0.07120001 -0.13841649E+02  0.34971975E-01      0.00000000      0.00000000
  0.07139999 -0.13806837E+02  0.34783278E-01      0.00000000      0.00000000
  0.07160000 -0.13772625E+02  0.34579407E-01      0.00000000      0.00000000
  0.07180000 -0.13737692E+02  0.34380645E-01      0.00000000      0.00000000
  0.07200000 -0.13703160E+02  0.34191258E-01      0.00000000      0.00000000
  0.07220000 -0.13668819E+02  0.34014605E-01      0.00000000      0.00000000
  0.07239999 -0.13634810E+02  0.33818945E-01      0.00000000      0.00000000
  0.07260000 -0.13601302E+02  0.33642817E-01      0.00000000      0.00000000
  0.07280000 -0.13567793E+02  0.33431992E-01      0.00000000      0.00000000
  0.07299999 -0.13534473E+02  0.33279989E-01      0.00000000      0.00000000
  0.07319999 -0.13501070E+02  0.33108402E-01      0.00000000      0.00000000
  0.07340001 -0.13468181E+02  0.32918949E-01      0.00000000      0.00000000
  0.07359999 -0.13435622E+02  0.32730423E-01      0.00000000      0.00000000
  0.07380000 -0.13403059E+02  0.32556213E-01      0.00000000      0.00000000
  0.07400000 -0.13370473E+02  0.32402251E-01      0.00000000      0.00000000
  0.07420000 -0.13338107E+02  0.32226514E-01      0.00000000      0.00000000
  0.07440000 -0.13305632E+02  0.32050308E-01      0.00000000      0.00000000
  0.07460000 -0.13273673E+02  0.31878535E-01      0.00000000      0.00000000
  0.07480000 -0.13242352E+02  0.31700253E-01      0.00000000      0.00000000
  0.07500000 -0.13210872E+02  0.31534322E-01      0.00000000      0.00000000
  0.07519999 -0.13179669E+02  0.31365156E-01      0.00000000      0.00000000
  0.07539999 -0.13148387E+02  0.31204261E-01      0.00000000      0.00000000
  0.07560000 -0.13116883E+02  0.31043403E-01      0.00000000      0.00000000
  0.07579999 -0.13086037E+02  0.30871969E-01      0.00000000      0.00000000
  0.07600000 -0.13055075E+02  0.30710075E-01      0.00000000      0.00000000
  0.07620000 -0.13024554E+02  0.30560618E-01      0.00000000      0.00000000
  0.07640000 -0.12994168E+02  0.30404946E-01      0.00000000      0.00000000
  0.07660000 -0.12963948E+02  0.30250702E-01      0.00000000      0.00000000
  0.07680000 -0.12933831E+02  0.30101057E-01      0.00000000      0.00000000
  0.07699999 -0.12903772E+02  0.29952001E-01      0.00000000      0.00000000
  0.07720000 -0.12873813E+02  0.29804699E-01      0.00000000      0.00000000
  0.07739999 -0.12843853E+02  0.29651213E-01      0.00000000      0.00000000
  0.07759999 -0.12814845E+02  0.29490769E-01      0.00000000      0.00000000
  0.07780000 -0.12785200E+02  0.29345727E-01      0.00000000      0.00000000
  0.07799999 -0.12756106E+02  0.29168556E-01      0.00000000      0.00000000
  0.07820000 -0.12726865E+02  0.29024906E-01      0.00000000      0.00000000
  0.07840000 -0.12697991E+02  0.28888442E-01      0.00000000      0.00000000
  0.07860000 -0.12669003E+02  0.28735541E-01      0.00000000      0.00000000
  0.07880000 -0.12640689E+02  0.28592326E-01      0.00000000      0.00000000
  0.07900000 -0.12611939E+02  0.28447773E-01      0.00000000      0.00000000
  0.07919999 -0.12583607E+02  0.28308110E-01      0.00000000      0.00000000
  0.07940000 -0.12555385E+02  0.28166985E-01      0.00000000      0.00000000
  0.07960001 -0.12527094E+02  0.28023759E-01      0.00000000      0.00000000
  0.07979999 -0.12498993E+02  0.27882082E-01      0.00000000      0.00000000
