 -0.04000000  0.37294724E+02  0.26129621E+00      0.00000000      0.00000000
 -0.03980000  0.37555431E+02  0.26489925E+00      0.00000000      0.00000000
 -0.03960000  0.37823002E+02  0.26858339E+00      0.00000000      0.00000000
 -0.03940000  0.38091743E+02  0.27230442E+00      0.00000000      0.00000000
 -0.03920000  0.38361866E+02  0.27613163E+00      0.00000000      0.00000000
 -0.03900000  0.38642143E+02  0.27996704E+00      0.00000000      0.00000000
 -0.03880000  0.38923958E+02  0.28402296E+00      0.00000000      0.00000000
 -0.03860000  0.39210567E+02  0.28820157E+00      0.00000000      0.00000000
 -0.03840000  0.39498917E+02  0.29237047E+00      0.00000000      0.00000000
 -0.03820000  0.39795158E+02  0.29668733E+00      0.00000000      0.00000000
 -0.03800000  0.40092934E+02  0.30108476E+00      0.00000000      0.00000000
 -0.03780000  0.40396832E+02  0.30557716E+00      0.00000000      0.00000000
 -0.03760000  0.40703632E+02  0.31015652E+00      0.00000000      0.00000000
 -0.03740000  0.41017395E+02  0.31481826E+00      0.00000000      0.00000000
 -0.03720000  0.41336960E+02  0.31968367E+00      0.00000000      0.00000000
 -0.03700000  0.41658939E+02  0.32460049E+00      0.00000000      0.00000000
 -0.03680000  0.41986084E+02  0.32964388E+00      0.00000000      0.00000000
 -0.03660000  0.42314205E+02  0.33469203E+00      0.00000000      0.00000000
 -0.03640000  0.42649387E+02  0.33985719E+00      0.00000000      0.00000000
 -0.03620000  0.42995033E+02  0.34543818E+00      0.00000000      0.00000000
 -0.03600000  0.43341026E+02  0.35090414E+00      0.00000000      0.00000000
 -0.03580000  0.43694931E+02  0.35650274E+00      0.00000000      0.00000000
 -0.03560000  0.44057365E+02  0.36244124E+00      0.00000000      0.00000000
 -0.03540000  0.44424728E+02  0.36844814E+00      0.00000000      0.00000000
 -0.03520000  0.44794533E+02  0.37439981E+00      0.00000000      0.00000000
 -0.03500000  0.45174080E+02  0.38067317E+00      0.00000000      0.00000000
 -0.03480000  0.45560658E+02  0.38711378E+00      0.00000000      0.00000000
 -0.03460000  0.45948311E+02  0.39365804E+00      0.00000000      0.00000000
 -0.03440000  0.46344017E+02  0.40041870E+00      0.00000000      0.00000000
 -0.03420000  0.46741184E+02  0.40716815E+00      0.00000000      0.00000000
 -0.03400000  0.47150223E+02  0.41414806E+00      0.00000000      0.00000000
 -0.03380000  0.47568817E+02  0.42154381E+00      0.00000000      0.00000000
 -0.03360000  0.47995945E+02  0.42899162E+00      0.00000000      0.00000000
 -0.03340000  0.48428459E+02  0.43673459E+00      0.00000000      0.00000000
 -0.03320000  0.48868011E+02  0.44459146E+00      0.00000000      0.00000000
 -0.03300000  0.49314285E+02  0.45255435E+00      0.00000000      0.00000000
 -0.03280000  0.49771210E+02  0.46116757E+00      0.00000000      0.00000000
 -0.03260000  0.50236221E+02  0.46965694E+00      0.00000000      0.00000000
 -0.03240000  0.50710308E+02  0.47830918E+00      0.00000000      0.00000000
 -0.03220000  0.51196388E+02  0.48760819E+00      0.00000000      0.00000000
 -0.03200000  0.51686008E+02  0.49700373E+00      0.00000000      0.00000000
 -0.03180000  0.52191845E+02  0.50662124E+00      0.00000000      0.00000000
 -0.03160000  0.52708710E+02  0.51671696E+00      0.00000000      0.00000000
 -0.03140000  0.53231438E+02  0.52673477E+00      0.00000000      0.00000000
 -0.03120000  0.53758015E+02  0.53730345E+00      0.00000000      0.00000000
 -0.03100000  0.54307220E+02  0.54821122E+00      0.00000000      0.00000000
 -0.03080000  0.54858234E+02  0.55936384E+00      0.00000000      0.00000000
 -0.03060000  0.55420826E+02  0.57077980E+00      0.00000000      0.00000000
 -0.03040000  0.55997154E+02  0.58259892E+00      0.00000000      0.00000000
 -0.03020000  0.56585217E+02  0.59498924E+00      0.00000000      0.00000000
 -0.03000000  0.57189545E+02  0.60767251E+00      0.00000000      0.00000000
 -0.02980000  0.57809181E+02  0.62088966E+00      0.00000000      0.00000000
 -0.02960000  0.58433395E+02  0.63433796E+00      0.00000000      0.00000000
 -0.02940000  0.59079533E+02  0.64840209E+00      0.00000000      0.00000000
 -0.02920000  0.59738926E+02  0.66293478E+00      0.00000000      0.00000000
 -0.02900000  0.60406273E+02  0.67804837E+00      0.00000000      0.00000000
 -0.02880000  0.61085487E+02  0.69335616E+00      0.00000000      0.00000000
 -0.02860000  0.61783222E+02  0.70914525E+00      0.00000000      0.00000000
 -0.02840000  0.62506771E+02  0.72592193E+00      0.00000000      0.00000000
 -0.02820000  0.63244839E+02  0.74328089E+00      0.00000000      0.00000000
 -0.02800000  0.64000656E+02  0.76100332E+00      0.00000000      0.00000000
 -0.02780000  0.64767944E+02  0.77959049E+00      0.00000000      0.00000000
 -0.02760000  0.65552155E+02  0.79897988E+00      0.00000000      0.00000000
 -0.02740000  0.66357033E+02  0.81877768E+00      0.00000000      0.00000000
 -0.02720000  0.67189163E+02  0.83944511E+00      0.00000000      0.00000000
 -0.02700000  0.68051010E+02  0.86125600E+00      0.00000000      0.00000000
 -0.02680000  0.68914948E+02  0.88336337E+00      0.00000000      0.00000000
 -0.02660000  0.69808449E+02  0.90679657E+00      0.00000000      0.00000000
 -0.02640000  0.70728409E+02  0.93107772E+00      0.00000000      0.00000000
 -0.02620000  0.71679161E+02  0.95665336E+00      0.00000000      0.00000000
 -0.02600000  0.72649429E+02  0.98306549E+00      0.00000000      0.00000000
 -0.02580000  0.73657280E+02  0.10108880E+01      0.00000000      0.00000000
 -0.02560000  0.74687317E+02  0.10402637E+01      0.00000000      0.00000000
 -0.02540000  0.75737587E+02  0.10699846E+01      0.00000000      0.00000000
 -0.02520000  0.76817467E+02  0.11012155E+01      0.00000000      0.00000000
 -0.02500000  0.77939896E+02  0.11340581E+01      0.00000000      0.00000000
 -0.02480000  0.79088646E+02  0.11683166E+01      0.00000000      0.00000000
 -0.02460000  0.80265198E+02  0.12039171E+01      0.00000000      0.00000000
 -0.02440000  0.81482536E+02  0.12418369E+01      0.00000000      0.00000000
 -0.02420000  0.82754471E+02  0.12817242E+01      0.00000000      0.00000000
 -0.02400000  0.84061783E+02  0.13235135E+01      0.00000000      0.00000000
 -0.02380000  0.85396683E+02  0.13669822E+01      0.00000000      0.00000000
 -0.02360000  0.86788025E+02  0.14134939E+01      0.00000000      0.00000000
 -0.02340000  0.88223022E+02  0.14619203E+01      0.00000000      0.00000000
 -0.02320000  0.89689240E+02  0.15121298E+01      0.00000000      0.00000000
 -0.02300000  0.91222153E+02  0.15660988E+01      0.00000000      0.00000000
 -0.02280000  0.92818459E+02  0.16229327E+01      0.00000000      0.00000000
 -0.02260000  0.94467476E+02  0.16832200E+01      0.00000000      0.00000000
 -0.02240000  0.96198532E+02  0.17480044E+01      0.00000000      0.00000000
 -0.02220000  0.97973518E+02  0.18155262E+01      0.00000000      0.00000000
 -0.02200000  0.99845459E+02  0.18885154E+01      0.00000000      0.00000000
 -0.02180000  0.10175081E+03  0.19645393E+01      0.00000000      0.00000000
 -0.02160000  0.10376872E+03  0.20473385E+01      0.00000000      0.00000000
 -0.02140000  0.10584914E+03  0.21347382E+01      0.00000000      0.00000000
 -0.02120000  0.10805612E+03  0.22293463E+01      0.00000000      0.00000000
 -0.02100000  0.11030251E+03  0.23279057E+01      0.00000000      0.00000000
 -0.02080000  0.11269914E+03  0.24355285E+01      0.00000000      0.00000000
 -0.02060000  0.11516640E+03  0.25504661E+01      0.00000000      0.00000000
 -0.02040000  0.11777913E+03  0.26740992E+01      0.00000000      0.00000000
 -0.02020000  0.12051596E+03  0.28084540E+01      0.00000000      0.00000000
 -0.02000000  0.12337462E+03  0.29519007E+01      0.00000000      0.00000000
 -0.01980000  0.12636807E+03  0.31079392E+01      0.00000000      0.00000000
 -0.01960000  0.12956462E+03  0.32806587E+01      0.00000000      0.00000000
 -0.01940000  0.13296854E+03  0.34694457E+01      0.00000000      0.00000000
 -0.01920000  0.13654391E+03  0.36755114E+01      0.00000000      0.00000000
 -0.01900000  0.14031323E+03  0.38991346E+01      0.00000000      0.00000000
 -0.01880000  0.14426379E+03  0.41446514E+01      0.00000000      0.00000000
 -0.01860000  0.14858987E+03  0.44232826E+01      0.00000000      0.00000000
 -0.01840000  0.15310080E+03  0.47248631E+01      0.00000000      0.00000000
 -0.01820000  0.15799199E+03  0.50655417E+01      0.00000000      0.00000000
 -0.01800000  0.16328119E+03  0.54545155E+01      0.00000000      0.00000000
 -0.01780000  0.16892038E+03  0.58883028E+01      0.00000000      0.00000000
 -0.01760000  0.17501813E+03  0.63794880E+01      0.00000000      0.00000000
 -0.01740000  0.18167258E+03  0.69487219E+01      0.00000000      0.00000000
 -0.01720000  0.18883009E+03  0.75940247E+01      0.00000000      0.00000000
 -0.01700000  0.19679674E+03  0.83606606E+01      0.00000000      0.00000000
 -0.01680000  0.20556027E+03  0.92563734E+01      0.00000000      0.00000000
 -0.01660000  0.21514600E+03  0.10310905E+02      0.00000000      0.00000000
 -0.01640000  0.22585892E+03  0.11581151E+02      0.00000000      0.00000000
 -0.01620000  0.23802386E+03  0.13142401E+02      0.00000000      0.00000000
 -0.01600000  0.25203418E+03  0.15111365E+02      0.00000000      0.00000000
 -0.01580000  0.26813446E+03  0.17616199E+02      0.00000000      0.00000000
 -0.01560000  0.28700400E+03  0.20874592E+02      0.00000000      0.00000000
 -0.01540000  0.30967426E+03  0.25311546E+02      0.00000000      0.00000000
 -0.01520000  0.33739331E+03  0.31546913E+02      0.00000000      0.00000000
 -0.01500000  0.37183554E+03  0.40620461E+02      0.00000000      0.00000000
 -0.01480000  0.41615643E+03  0.54678600E+02      0.00000000      0.00000000
 -0.01460000  0.47743964E+03  0.78950516E+02      0.00000000      0.00000000
 -0.01440000  0.56393616E+03  0.12446544E+03      0.00000000      0.00000000
 -0.01420000  0.69353882E+03  0.22546030E+03      0.00000000      0.00000000
 -0.01400000  0.86843018E+03  0.50156097E+03      0.00000000      0.00000000
 -0.01380000  0.67541296E+03  0.12543982E+04      0.00000000      0.00000000
 -0.01360000 -0.42647980E+03  0.10325101E+04      0.00000000      0.00000000
 -0.01340000 -0.40520087E+03  0.40311337E+03      0.00000000      0.00000000
 -0.01320000 -0.22822430E+03  0.19719319E+03      0.00000000      0.00000000
 -0.01300000 -0.10044154E+03  0.12084860E+03      0.00000000      0.00000000
 -0.01280000 -0.68050537E+01  0.88335312E+02      0.00000000      0.00000000
 -0.01260000  0.69210403E+02  0.74772881E+02      0.00000000      0.00000000
 -0.01240000  0.13817575E+03  0.72080429E+02      0.00000000      0.00000000
 -0.01220000  0.20965805E+03  0.78596588E+02      0.00000000      0.00000000
 -0.01200000  0.29099744E+03  0.97226425E+02      0.00000000      0.00000000
 -0.01180000  0.39412878E+03  0.13835593E+03      0.00000000      0.00000000
 -0.01160000  0.53912573E+03  0.23602859E+03      0.00000000      0.00000000
 -0.01140000  0.73160931E+03  0.51452588E+03      0.00000000      0.00000000
 -0.01120000  0.55058423E+03  0.12710376E+04      0.00000000      0.00000000
 -0.01100000 -0.53817432E+03  0.10644987E+04      0.00000000      0.00000000
 -0.01080000 -0.51774432E+03  0.42500623E+03      0.00000000      0.00000000
 -0.01060000 -0.32749109E+03  0.21474124E+03      0.00000000      0.00000000
 -0.01040000 -0.18362581E+03  0.13915256E+03      0.00000000      0.00000000
 -0.01020000 -0.70630928E+02  0.11113264E+03      0.00000000      0.00000000
 -0.01000000  0.29451193E+02  0.10767493E+03      0.00000000      0.00000000
 -0.00980000  0.13473532E+03  0.12515413E+03      0.00000000      0.00000000
 -0.00960000  0.26455713E+03  0.17802400E+03      0.00000000      0.00000000
 -0.00940000  0.43825891E+03  0.31927362E+03      0.00000000      0.00000000
 -0.00920000  0.60383301E+03  0.74688818E+03      0.00000000      0.00000000
 -0.00900000 -0.10626146E+03  0.14588552E+04      0.00000000      0.00000000
 -0.00880000 -0.78653149E+03  0.72804657E+03      0.00000000      0.00000000
 -0.00860000 -0.61878003E+03  0.30460864E+03      0.00000000      0.00000000
 -0.00840000 -0.45519916E+03  0.16423804E+03      0.00000000      0.00000000
 -0.00820000 -0.34180359E+03  0.10781564E+03      0.00000000      0.00000000
 -0.00800000 -0.25547601E+03  0.81090439E+02      0.00000000      0.00000000
 -0.00780000 -0.18537723E+03  0.68999084E+02      0.00000000      0.00000000
 -0.00760000 -0.12132639E+03  0.65532333E+02      0.00000000      0.00000000
 -0.00740000 -0.57155617E+02  0.69489655E+02      0.00000000      0.00000000
 -0.00720000  0.13543602E+02  0.82866646E+02      0.00000000      0.00000000
 -0.00700000  0.10198312E+03  0.11317015E+03      0.00000000      0.00000000
 -0.00680000  0.22193874E+03  0.18130971E+03      0.00000000      0.00000000
 -0.00660000  0.39382642E+03  0.36084427E+03      0.00000000      0.00000000
 -0.00640000  0.49030927E+03  0.90827094E+03      0.00000000      0.00000000
 -0.00620000 -0.50257034E+03  0.13878003E+04      0.00000000      0.00000000
 -0.00600000 -0.89721741E+03  0.59065613E+03      0.00000000      0.00000000
 -0.00580000 -0.71948926E+03  0.25054523E+03      0.00000000      0.00000000
 -0.00560000 -0.58113318E+03  0.13471497E+03      0.00000000      0.00000000
 -0.00540000 -0.48877744E+03  0.83716080E+02      0.00000000      0.00000000
 -0.00520000 -0.42462354E+03  0.57332439E+02      0.00000000      0.00000000
 -0.00500000 -0.37802243E+03  0.42096367E+02      0.00000000      0.00000000
 -0.00480000 -0.34243396E+03  0.32486317E+02      0.00000000      0.00000000
 -0.00460000 -0.31411536E+03  0.25972298E+02      0.00000000      0.00000000
 -0.00440000 -0.29097836E+03  0.21338737E+02      0.00000000      0.00000000
 -0.00420000 -0.27160999E+03  0.17923088E+02      0.00000000      0.00000000
 -0.00400000 -0.25521974E+03  0.15335456E+02      0.00000000      0.00000000
 -0.00380000 -0.24122173E+03  0.13332831E+02      0.00000000      0.00000000
 -0.00360000 -0.22888031E+03  0.11720633E+02      0.00000000      0.00000000
 -0.00340000 -0.21793828E+03  0.10406759E+02      0.00000000      0.00000000
 -0.00320000 -0.20815192E+03  0.93199968E+01      0.00000000      0.00000000
 -0.00300000 -0.19934824E+03  0.84064703E+01      0.00000000      0.00000000
 -0.00280000 -0.19138199E+03  0.76364832E+01      0.00000000      0.00000000
 -0.00260000 -0.18411397E+03  0.69724240E+01      0.00000000      0.00000000
 -0.00240000 -0.17748222E+03  0.64022818E+01      0.00000000      0.00000000
 -0.00220000 -0.17136195E+03  0.59024439E+01      0.00000000      0.00000000
 -0.00200000 -0.16574527E+03  0.54683146E+01      0.00000000      0.00000000
 -0.00180000 -0.16049426E+03  0.50806942E+01      0.00000000      0.00000000
 -0.00160000 -0.15557631E+03  0.47342014E+01      0.00000000      0.00000000
 -0.00140000 -0.15101390E+03  0.44266963E+01      0.00000000      0.00000000
 -0.00120000 -0.14677612E+03  0.41526947E+01      0.00000000      0.00000000
 -0.00100000 -0.14275923E+03  0.39042768E+01      0.00000000      0.00000000
 -0.00080000 -0.13896448E+03  0.36772785E+01      0.00000000      0.00000000
 -0.00060000 -0.13547066E+03  0.34740674E+01      0.00000000      0.00000000
 -0.00040000 -0.13207234E+03  0.32842491E+01      0.00000000      0.00000000
 -0.00020000 -0.12888676E+03  0.31120100E+01      0.00000000      0.00000000
  0.00000000 -0.12584813E+03  0.29529381E+01      0.00000000      0.00000000
  0.00020000 -0.12295319E+03  0.28065202E+01      0.00000000      0.00000000
  0.00040000 -0.12024297E+03  0.26730986E+01      0.00000000      0.00000000
  0.00060000 -0.11762213E+03  0.25486329E+01      0.00000000      0.00000000
  0.00080000 -0.11509424E+03  0.24305029E+01      0.00000000      0.00000000
  0.00100000 -0.11271564E+03  0.23233438E+01      0.00000000      0.00000000
  0.00120000 -0.11044992E+03  0.22232909E+01      0.00000000      0.00000000
  0.00140000 -0.10828667E+03  0.21310847E+01      0.00000000      0.00000000
  0.00160000 -0.10619345E+03  0.20435507E+01      0.00000000      0.00000000
  0.00180000 -0.10418419E+03  0.19611753E+01      0.00000000      0.00000000
  0.00200000 -0.10227349E+03  0.18848038E+01      0.00000000      0.00000000
  0.00220000 -0.10044091E+03  0.18134496E+01      0.00000000      0.00000000
  0.00240000 -0.98663010E+02  0.17452791E+01      0.00000000      0.00000000
  0.00260000 -0.96950378E+02  0.16811874E+01      0.00000000      0.00000000
  0.00280000 -0.95300339E+02  0.16208639E+01      0.00000000      0.00000000
  0.00300000 -0.93688675E+02  0.15628409E+01      0.00000000      0.00000000
  0.00320000 -0.92162491E+02  0.15096703E+01      0.00000000      0.00000000
  0.00340000 -0.90692688E+02  0.14590473E+01      0.00000000      0.00000000
  0.00360000 -0.89255363E+02  0.14103684E+01      0.00000000      0.00000000
  0.00380000 -0.87862045E+02  0.13643489E+01      0.00000000      0.00000000
  0.00400000 -0.86522385E+02  0.13204155E+01      0.00000000      0.00000000
  0.00420000 -0.85244667E+02  0.12793703E+01      0.00000000      0.00000000
  0.00440000 -0.83979103E+02  0.12396774E+01      0.00000000      0.00000000
  0.00460000 -0.82771599E+02  0.12025509E+01      0.00000000      0.00000000
  0.00480000 -0.81588623E+02  0.11661558E+01      0.00000000      0.00000000
  0.00500000 -0.80431412E+02  0.11318035E+01      0.00000000      0.00000000
  0.00520000 -0.79318970E+02  0.10991077E+01      0.00000000      0.00000000
  0.00540000 -0.78235641E+02  0.10678787E+01      0.00000000      0.00000000
  0.00560000 -0.77183441E+02  0.10377731E+01      0.00000000      0.00000000
  0.00580000 -0.76161865E+02  0.10091248E+01      0.00000000      0.00000000
  0.00600000 -0.75163605E+02  0.98147583E+00      0.00000000      0.00000000
  0.00620000 -0.74204056E+02  0.95556641E+00      0.00000000      0.00000000
  0.00640000 -0.73255829E+02  0.93002319E+00      0.00000000      0.00000000
  0.00660000 -0.72329239E+02  0.90548706E+00      0.00000000      0.00000000
  0.00680000 -0.71440468E+02  0.88230133E+00      0.00000000      0.00000000
  0.00700000 -0.70570274E+02  0.85999680E+00      0.00000000      0.00000000
  0.00720000 -0.69712662E+02  0.83830643E+00      0.00000000      0.00000000
  0.00740000 -0.68890686E+02  0.81771851E+00      0.00000000      0.00000000
  0.00760000 -0.68083755E+02  0.79745865E+00      0.00000000      0.00000000
  0.00780000 -0.67292267E+02  0.77833939E+00      0.00000000      0.00000000
  0.00800000 -0.66527649E+02  0.75988388E+00      0.00000000      0.00000000
  0.00820000 -0.65771957E+02  0.74212265E+00      0.00000000      0.00000000
  0.00840000 -0.65039673E+02  0.72495270E+00      0.00000000      0.00000000
  0.00860000 -0.64329468E+02  0.70861816E+00      0.00000000      0.00000000
  0.00880000 -0.63629608E+02  0.69241333E+00      0.00000000      0.00000000
  0.00900000 -0.62947083E+02  0.67694092E+00      0.00000000      0.00000000
  0.00920000 -0.62275360E+02  0.66186523E+00      0.00000000      0.00000000
  0.00940000 -0.61622162E+02  0.64761353E+00      0.00000000      0.00000000
  0.00960000 -0.60983803E+02  0.63356018E+00      0.00000000      0.00000000
  0.00980000 -0.60360031E+02  0.62012482E+00      0.00000000      0.00000000
  0.01000000 -0.59732170E+02  0.60675812E+00      0.00000000      0.00000000
  0.01020000 -0.59132633E+02  0.59401703E+00      0.00000000      0.00000000
  0.01040000 -0.58540569E+02  0.58181000E+00      0.00000000      0.00000000
  0.01060000 -0.57969955E+02  0.56998444E+00      0.00000000      0.00000000
  0.01080000 -0.57403351E+02  0.55845642E+00      0.00000000      0.00000000
  0.01100000 -0.56849670E+02  0.54730225E+00      0.00000000      0.00000000
  0.01120000 -0.56306168E+02  0.53631592E+00      0.00000000      0.00000000
  0.01140000 -0.55777161E+02  0.52587891E+00      0.00000000      0.00000000
  0.01160000 -0.55259644E+02  0.51570892E+00      0.00000000      0.00000000
  0.01180000 -0.54750671E+02  0.50592041E+00      0.00000000      0.00000000
  0.01200000 -0.54251343E+02  0.49640656E+00      0.00000000      0.00000000
  0.01220000 -0.53758919E+02  0.48719025E+00      0.00000000      0.00000000
  0.01240000 -0.53274632E+02  0.47803879E+00      0.00000000      0.00000000
  0.01260000 -0.52799477E+02  0.46922302E+00      0.00000000      0.00000000
  0.01280000 -0.52337990E+02  0.46068192E+00      0.00000000      0.00000000
  0.01300000 -0.51883244E+02  0.45225525E+00      0.00000000      0.00000000
  0.01320000 -0.51435112E+02  0.44414520E+00      0.00000000      0.00000000
  0.01340000 -0.50994049E+02  0.43624878E+00      0.00000000      0.00000000
  0.01360000 -0.50559479E+02  0.42858887E+00      0.00000000      0.00000000
  0.01380000 -0.50130280E+02  0.42102051E+00      0.00000000      0.00000000
  0.01400000 -0.49716675E+02  0.41392517E+00      0.00000000      0.00000000
  0.01420000 -0.49307953E+02  0.40683746E+00      0.00000000      0.00000000
  0.01440000 -0.48907684E+02  0.39991760E+00      0.00000000      0.00000000
  0.01460000 -0.48508575E+02  0.39306259E+00      0.00000000      0.00000000
  0.01480000 -0.48123383E+02  0.38654709E+00      0.00000000      0.00000000
  0.01500000 -0.47740540E+02  0.38012314E+00      0.00000000      0.00000000
  0.01520000 -0.47366501E+02  0.37387180E+00      0.00000000      0.00000000
  0.01540000 -0.46991745E+02  0.36782932E+00      0.00000000      0.00000000
  0.01560000 -0.46623093E+02  0.36180592E+00      0.00000000      0.00000000
  0.01580000 -0.46267548E+02  0.35615635E+00      0.00000000      0.00000000
  0.01600000 -0.45916542E+02  0.35046816E+00      0.00000000      0.00000000
  0.01619999 -0.45565483E+02  0.34486675E+00      0.00000000      0.00000000
  0.01640000 -0.45225212E+02  0.33947134E+00      0.00000000      0.00000000
  0.01660000 -0.44888771E+02  0.33429718E+00      0.00000000      0.00000000
  0.01680000 -0.44559441E+02  0.32919359E+00      0.00000000      0.00000000
  0.01700000 -0.44233162E+02  0.32418489E+00      0.00000000      0.00000000
  0.01720000 -0.43910179E+02  0.31935167E+00      0.00000000      0.00000000
  0.01740000 -0.43590607E+02  0.31449747E+00      0.00000000      0.00000000
  0.01760000 -0.43283745E+02  0.30985570E+00      0.00000000      0.00000000
  0.01780000 -0.42977703E+02  0.30526161E+00      0.00000000      0.00000000
  0.01800000 -0.42671951E+02  0.30085397E+00      0.00000000      0.00000000
  0.01820000 -0.42371708E+02  0.29640698E+00      0.00000000      0.00000000
  0.01840000 -0.42080357E+02  0.29214954E+00      0.00000000      0.00000000
  0.01860000 -0.41786484E+02  0.28788185E+00      0.00000000      0.00000000
  0.01880000 -0.41503174E+02  0.28377533E+00      0.00000000      0.00000000
  0.01900000 -0.41219433E+02  0.27984095E+00      0.00000000      0.00000000
  0.01920000 -0.40939888E+02  0.27589190E+00      0.00000000      0.00000000
  0.01940000 -0.40667900E+02  0.27199423E+00      0.00000000      0.00000000
  0.01960000 -0.40397533E+02  0.26829875E+00      0.00000000      0.00000000
  0.01980000 -0.40133099E+02  0.26465225E+00      0.00000000      0.00000000
  0.02000000 -0.39871109E+02  0.26094830E+00      0.00000000      0.00000000
  0.02020000 -0.39607971E+02  0.25741410E+00      0.00000000      0.00000000
  0.02040000 -0.39351341E+02  0.25391972E+00      0.00000000      0.00000000
  0.02060000 -0.39099201E+02  0.25049853E+00      0.00000000      0.00000000
  0.02080000 -0.38848305E+02  0.24720514E+00      0.00000000      0.00000000
  0.02100000 -0.38603020E+02  0.24387467E+00      0.00000000      0.00000000
  0.02120000 -0.38360748E+02  0.24075687E+00      0.00000000      0.00000000
  0.02140000 -0.38120792E+02  0.23762238E+00      0.00000000      0.00000000
  0.02160000 -0.37887550E+02  0.23459423E+00      0.00000000      0.00000000
  0.02180000 -0.37652035E+02  0.23157370E+00      0.00000000      0.00000000
  0.02200000 -0.37422928E+02  0.22853649E+00      0.00000000      0.00000000
  0.02220000 -0.37197689E+02  0.22567904E+00      0.00000000      0.00000000
  0.02240000 -0.36974075E+02  0.22277927E+00      0.00000000      0.00000000
  0.02260000 -0.36751266E+02  0.22001344E+00      0.00000000      0.00000000
  0.02280000 -0.36530403E+02  0.21726298E+00      0.00000000      0.00000000
  0.02300000 -0.36314011E+02  0.21464133E+00      0.00000000      0.00000000
  0.02320000 -0.36098755E+02  0.21198785E+00      0.00000000      0.00000000
  0.02340000 -0.35888268E+02  0.20937276E+00      0.00000000      0.00000000
  0.02360000 -0.35679077E+02  0.20678866E+00      0.00000000      0.00000000
  0.02380000 -0.35472916E+02  0.20430338E+00      0.00000000      0.00000000
  0.02400000 -0.35271278E+02  0.20184040E+00      0.00000000      0.00000000
  0.02420000 -0.35073734E+02  0.19949907E+00      0.00000000      0.00000000
  0.02440000 -0.34876038E+02  0.19714522E+00      0.00000000      0.00000000
  0.02460000 -0.34678413E+02  0.19483405E+00      0.00000000      0.00000000
  0.02480000 -0.34485832E+02  0.19251665E+00      0.00000000      0.00000000
  0.02500000 -0.34293770E+02  0.19027546E+00      0.00000000      0.00000000
  0.02520000 -0.34106216E+02  0.18808231E+00      0.00000000      0.00000000
  0.02540000 -0.33918621E+02  0.18590146E+00      0.00000000      0.00000000
  0.02560000 -0.33734039E+02  0.18380010E+00      0.00000000      0.00000000
  0.02580000 -0.33549217E+02  0.18174529E+00      0.00000000      0.00000000
  0.02600000 -0.33368378E+02  0.17967564E+00      0.00000000      0.00000000
  0.02620000 -0.33190498E+02  0.17759266E+00      0.00000000      0.00000000
  0.02640000 -0.33015404E+02  0.17570326E+00      0.00000000      0.00000000
  0.02660000 -0.32839851E+02  0.17367649E+00      0.00000000      0.00000000
  0.02680000 -0.32666809E+02  0.17179960E+00      0.00000000      0.00000000
  0.02700000 -0.32495384E+02  0.16983300E+00      0.00000000      0.00000000
  0.02720000 -0.32325951E+02  0.16800523E+00      0.00000000      0.00000000
  0.02740000 -0.32158710E+02  0.16620022E+00      0.00000000      0.00000000
  0.02760000 -0.31992727E+02  0.16434616E+00      0.00000000      0.00000000
  0.02780000 -0.31827271E+02  0.16259235E+00      0.00000000      0.00000000
  0.02800000 -0.31665197E+02  0.16082534E+00      0.00000000      0.00000000
  0.02820000 -0.31504997E+02  0.15912935E+00      0.00000000      0.00000000
  0.02840000 -0.31346931E+02  0.15748316E+00      0.00000000      0.00000000
  0.02860000 -0.31190653E+02  0.15586209E+00      0.00000000      0.00000000
  0.02880000 -0.31036812E+02  0.15428838E+00      0.00000000      0.00000000
  0.02900000 -0.30883375E+02  0.15268847E+00      0.00000000      0.00000000
  0.02920000 -0.30733633E+02  0.15108851E+00      0.00000000      0.00000000
  0.02940000 -0.30581846E+02  0.14952521E+00      0.00000000      0.00000000
  0.02959999 -0.30432625E+02  0.14798474E+00      0.00000000      0.00000000
  0.02980000 -0.30285606E+02  0.14650810E+00      0.00000000      0.00000000
  0.03000000 -0.30139992E+02  0.14501655E+00      0.00000000      0.00000000
  0.03020000 -0.29996044E+02  0.14348812E+00      0.00000000      0.00000000
  0.03040000 -0.29852711E+02  0.14205769E+00      0.00000000      0.00000000
  0.03060000 -0.29712149E+02  0.14063697E+00      0.00000000      0.00000000
  0.03080000 -0.29572067E+02  0.13928355E+00      0.00000000      0.00000000
  0.03100000 -0.29434603E+02  0.13793124E+00      0.00000000      0.00000000
  0.03120000 -0.29298231E+02  0.13655484E+00      0.00000000      0.00000000
  0.03140000 -0.29164162E+02  0.13525854E+00      0.00000000      0.00000000
  0.03160000 -0.29029789E+02  0.13393256E+00      0.00000000      0.00000000
  0.03179999 -0.28895996E+02  0.13259043E+00      0.00000000      0.00000000
  0.03200001 -0.28764660E+02  0.13130794E+00      0.00000000      0.00000000
  0.03220000 -0.28633671E+02  0.13003974E+00      0.00000000      0.00000000
  0.03240000 -0.28503469E+02  0.12882517E+00      0.00000000      0.00000000
  0.03260000 -0.28375311E+02  0.12764296E+00      0.00000000      0.00000000
  0.03280000 -0.28247337E+02  0.12639944E+00      0.00000000      0.00000000
  0.03300000 -0.28123058E+02  0.12521729E+00      0.00000000      0.00000000
  0.03320000 -0.27997864E+02  0.12402435E+00      0.00000000      0.00000000
  0.03340000 -0.27874172E+02  0.12287614E+00      0.00000000      0.00000000
  0.03360000 -0.27751513E+02  0.12172911E+00      0.00000000      0.00000000
  0.03380000 -0.27630056E+02  0.12058683E+00      0.00000000      0.00000000
  0.03399999 -0.27510780E+02  0.11950593E+00      0.00000000      0.00000000
  0.03420001 -0.27390261E+02  0.11840583E+00      0.00000000      0.00000000
  0.03440000 -0.27273764E+02  0.11731657E+00      0.00000000      0.00000000
  0.03460000 -0.27155254E+02  0.11625943E+00      0.00000000      0.00000000
  0.03479999 -0.27038586E+02  0.11520523E+00      0.00000000      0.00000000
  0.03500000 -0.26924587E+02  0.11411850E+00      0.00000000      0.00000000
  0.03520000 -0.26810495E+02  0.11312325E+00      0.00000000      0.00000000
  0.03540000 -0.26697990E+02  0.11213483E+00      0.00000000      0.00000000
  0.03560000 -0.26587269E+02  0.11115642E+00      0.00000000      0.00000000
  0.03580000 -0.26476536E+02  0.11015597E+00      0.00000000      0.00000000
  0.03600000 -0.26366816E+02  0.10919321E+00      0.00000000      0.00000000
  0.03619999 -0.26257200E+02  0.10822272E+00      0.00000000      0.00000000
  0.03640000 -0.26150204E+02  0.10725137E+00      0.00000000      0.00000000
  0.03660000 -0.26043230E+02  0.10635995E+00      0.00000000      0.00000000
  0.03680000 -0.25938461E+02  0.10545017E+00      0.00000000      0.00000000
  0.03700000 -0.25833181E+02  0.10454518E+00      0.00000000      0.00000000
  0.03720000 -0.25729042E+02  0.10363666E+00      0.00000000      0.00000000
  0.03740000 -0.25624735E+02  0.10273776E+00      0.00000000      0.00000000
  0.03760000 -0.25522938E+02  0.10187040E+00      0.00000000      0.00000000
  0.03780000 -0.25421431E+02  0.10098249E+00      0.00000000      0.00000000
  0.03800000 -0.25321091E+02  0.10011690E+00      0.00000000      0.00000000
  0.03820000 -0.25223141E+02  0.99320427E-01      0.00000000      0.00000000
  0.03839999 -0.25123837E+02  0.98482817E-01      0.00000000      0.00000000
  0.03860000 -0.25025780E+02  0.97699888E-01      0.00000000      0.00000000
  0.03880000 -0.24927591E+02  0.96876398E-01      0.00000000      0.00000000
  0.03900000 -0.24831381E+02  0.96060544E-01      0.00000000      0.00000000
  0.03920000 -0.24736115E+02  0.95262125E-01      0.00000000      0.00000000
  0.03940000 -0.24640568E+02  0.94487868E-01      0.00000000      0.00000000
  0.03960000 -0.24545120E+02  0.93722619E-01      0.00000000      0.00000000
  0.03980000 -0.24453442E+02  0.93000129E-01      0.00000000      0.00000000
  0.04000000 -0.24360847E+02  0.92246749E-01      0.00000000      0.00000000
  0.04020000 -0.24267654E+02  0.91466837E-01      0.00000000      0.00000000
  0.04040000 -0.24176338E+02  0.90761043E-01      0.00000000      0.00000000
  0.04060000 -0.24086008E+02  0.89984588E-01      0.00000000      0.00000000
  0.04080000 -0.23996847E+02  0.89291096E-01      0.00000000      0.00000000
  0.04100000 -0.23909328E+02  0.88584945E-01      0.00000000      0.00000000
  0.04120000 -0.23821404E+02  0.87919556E-01      0.00000000      0.00000000
  0.04140000 -0.23733910E+02  0.87249704E-01      0.00000000      0.00000000
  0.04160000 -0.23646532E+02  0.86512789E-01      0.00000000      0.00000000
  0.04180000 -0.23560917E+02  0.85860163E-01      0.00000000      0.00000000
  0.04200000 -0.23475477E+02  0.85215203E-01      0.00000000      0.00000000
  0.04220000 -0.23390127E+02  0.84532797E-01      0.00000000      0.00000000
  0.04240000 -0.23305298E+02  0.83882324E-01      0.00000000      0.00000000
  0.04260000 -0.23222103E+02  0.83217852E-01      0.00000000      0.00000000
  0.04280000 -0.23139526E+02  0.82603253E-01      0.00000000      0.00000000
  0.04300000 -0.23057110E+02  0.81974596E-01      0.00000000      0.00000000
  0.04320000 -0.22975552E+02  0.81337765E-01      0.00000000      0.00000000
  0.04340000 -0.22893570E+02  0.80688208E-01      0.00000000      0.00000000
  0.04360000 -0.22812943E+02  0.80114603E-01      0.00000000      0.00000000
  0.04380000 -0.22733501E+02  0.79507254E-01      0.00000000      0.00000000
  0.04400000 -0.22654709E+02  0.78909926E-01      0.00000000      0.00000000
  0.04420000 -0.22576399E+02  0.78329355E-01      0.00000000      0.00000000
  0.04440000 -0.22497852E+02  0.77728324E-01      0.00000000      0.00000000
  0.04460000 -0.22420530E+02  0.77180266E-01      0.00000000      0.00000000
  0.04480000 -0.22343777E+02  0.76612845E-01      0.00000000      0.00000000
  0.04500000 -0.22266672E+02  0.76050468E-01      0.00000000      0.00000000
  0.04520000 -0.22191381E+02  0.75498208E-01      0.00000000      0.00000000
  0.04539999 -0.22116161E+02  0.74921399E-01      0.00000000      0.00000000
  0.04560000 -0.22041319E+02  0.74392654E-01      0.00000000      0.00000000
  0.04580000 -0.21967121E+02  0.73830366E-01      0.00000000      0.00000000
  0.04600000 -0.21893652E+02  0.73314518E-01      0.00000000      0.00000000
  0.04620000 -0.21820972E+02  0.72801121E-01      0.00000000      0.00000000
  0.04640000 -0.21747906E+02  0.72278000E-01      0.00000000      0.00000000
  0.04660000 -0.21675957E+02  0.71741864E-01      0.00000000      0.00000000
  0.04680000 -0.21604610E+02  0.71256474E-01      0.00000000      0.00000000
  0.04700000 -0.21532831E+02  0.70756793E-01      0.00000000      0.00000000
  0.04720000 -0.21462254E+02  0.70250832E-01      0.00000000      0.00000000
  0.04740000 -0.21391907E+02  0.69768265E-01      0.00000000      0.00000000
  0.04759999 -0.21322662E+02  0.69265917E-01      0.00000000      0.00000000
  0.04780000 -0.21253458E+02  0.68778306E-01      0.00000000      0.00000000
  0.04800000 -0.21186216E+02  0.68292275E-01      0.00000000      0.00000000
  0.04820000 -0.21118042E+02  0.67796081E-01      0.00000000      0.00000000
  0.04840000 -0.21051062E+02  0.67330658E-01      0.00000000      0.00000000
  0.04860000 -0.20983559E+02  0.66881984E-01      0.00000000      0.00000000
  0.04880000 -0.20917049E+02  0.66423312E-01      0.00000000      0.00000000
  0.04899999 -0.20851074E+02  0.65955430E-01      0.00000000      0.00000000
  0.04920000 -0.20785219E+02  0.65513819E-01      0.00000000      0.00000000
  0.04940000 -0.20718870E+02  0.65086454E-01      0.00000000      0.00000000
  0.04960000 -0.20653976E+02  0.64631119E-01      0.00000000      0.00000000
  0.04979999 -0.20589088E+02  0.64182237E-01      0.00000000      0.00000000
  0.05000000 -0.20526089E+02  0.63787326E-01      0.00000000      0.00000000
  0.05020000 -0.20462490E+02  0.63349083E-01      0.00000000      0.00000000
  0.05040000 -0.20400009E+02  0.62942304E-01      0.00000000      0.00000000
  0.05060000 -0.20337175E+02  0.62497903E-01      0.00000000      0.00000000
  0.05080000 -0.20275368E+02  0.62080078E-01      0.00000000      0.00000000
  0.05100000 -0.20214069E+02  0.61657511E-01      0.00000000      0.00000000
  0.05119999 -0.20151808E+02  0.61254285E-01      0.00000000      0.00000000
  0.05140000 -0.20090145E+02  0.60857479E-01      0.00000000      0.00000000
  0.05160000 -0.20029652E+02  0.60465466E-01      0.00000000      0.00000000
  0.05180000 -0.19968971E+02  0.60069971E-01      0.00000000      0.00000000
  0.05199999 -0.19908632E+02  0.59688639E-01      0.00000000      0.00000000
  0.05220000 -0.19848511E+02  0.59287719E-01      0.00000000      0.00000000
  0.05240000 -0.19789474E+02  0.58900222E-01      0.00000000      0.00000000
  0.05260000 -0.19731182E+02  0.58522381E-01      0.00000000      0.00000000
  0.05280000 -0.19672728E+02  0.58177046E-01      0.00000000      0.00000000
  0.05300000 -0.19614979E+02  0.57792690E-01      0.00000000      0.00000000
  0.05320000 -0.19557142E+02  0.57410188E-01      0.00000000      0.00000000
  0.05339999 -0.19499695E+02  0.57036061E-01      0.00000000      0.00000000
  0.05360000 -0.19443113E+02  0.56653764E-01      0.00000000      0.00000000
  0.05380000 -0.19386423E+02  0.56327190E-01      0.00000000      0.00000000
  0.05400000 -0.19330635E+02  0.55972006E-01      0.00000000      0.00000000
  0.05420000 -0.19274805E+02  0.55602375E-01      0.00000000      0.00000000
  0.05440000 -0.19219324E+02  0.55255160E-01      0.00000000      0.00000000
  0.05460000 -0.19164562E+02  0.54933496E-01      0.00000000      0.00000000
  0.05480000 -0.19110123E+02  0.54584362E-01      0.00000000      0.00000000
  0.05500000 -0.19055387E+02  0.54212403E-01      0.00000000      0.00000000
  0.05520000 -0.19001175E+02  0.53878456E-01      0.00000000      0.00000000
  0.05540000 -0.18947266E+02  0.53570934E-01      0.00000000      0.00000000
  0.05560000 -0.18893427E+02  0.53255565E-01      0.00000000      0.00000000
  0.05580000 -0.18840731E+02  0.52923612E-01      0.00000000      0.00000000
  0.05600000 -0.18788261E+02  0.52602343E-01      0.00000000      0.00000000
  0.05620000 -0.18735764E+02  0.52281730E-01      0.00000000      0.00000000
  0.05640000 -0.18683903E+02  0.51949166E-01      0.00000000      0.00000000
  0.05660000 -0.18632406E+02  0.51644724E-01      0.00000000      0.00000000
  0.05680000 -0.18581244E+02  0.51327191E-01      0.00000000      0.00000000
  0.05700000 -0.18530031E+02  0.51014662E-01      0.00000000      0.00000000
  0.05720000 -0.18479000E+02  0.50695233E-01      0.00000000      0.00000000
  0.05740000 -0.18428059E+02  0.50410274E-01      0.00000000      0.00000000
  0.05760000 -0.18377586E+02  0.50090320E-01      0.00000000      0.00000000
  0.05780000 -0.18327782E+02  0.49787886E-01      0.00000000      0.00000000
  0.05800000 -0.18278214E+02  0.49508762E-01      0.00000000      0.00000000
  0.05819999 -0.18228630E+02  0.49206056E-01      0.00000000      0.00000000
  0.05840000 -0.18180281E+02  0.48916604E-01      0.00000000      0.00000000
  0.05860000 -0.18131727E+02  0.48638079E-01      0.00000000      0.00000000
  0.05880000 -0.18082851E+02  0.48327994E-01      0.00000000      0.00000000
  0.05900000 -0.18034796E+02  0.48068009E-01      0.00000000      0.00000000
  0.05920000 -0.17986837E+02  0.47789264E-01      0.00000000      0.00000000
  0.05940000 -0.17939268E+02  0.47503874E-01      0.00000000      0.00000000
  0.05960000 -0.17891550E+02  0.47237031E-01      0.00000000      0.00000000
  0.05980000 -0.17844791E+02  0.46952162E-01      0.00000000      0.00000000
  0.06000000 -0.17797953E+02  0.46711013E-01      0.00000000      0.00000000
  0.06020000 -0.17751621E+02  0.46429884E-01      0.00000000      0.00000000
  0.06039999 -0.17705479E+02  0.46155624E-01      0.00000000      0.00000000
  0.06060000 -0.17659679E+02  0.45889318E-01      0.00000000      0.00000000
  0.06080000 -0.17613901E+02  0.45623474E-01      0.00000000      0.00000000
  0.06100000 -0.17568569E+02  0.45363516E-01      0.00000000      0.00000000
  0.06119999 -0.17523218E+02  0.45104850E-01      0.00000000      0.00000000
  0.06140000 -0.17478132E+02  0.44837639E-01      0.00000000      0.00000000
  0.06160000 -0.17433683E+02  0.44599999E-01      0.00000000      0.00000000
  0.06180000 -0.17388651E+02  0.44340324E-01      0.00000000      0.00000000
  0.06200000 -0.17343824E+02  0.44078618E-01      0.00000000      0.00000000
  0.06220000 -0.17300541E+02  0.43849923E-01      0.00000000      0.00000000
  0.06240000 -0.17256868E+02  0.43616213E-01      0.00000000      0.00000000
  0.06259999 -0.17213278E+02  0.43367967E-01      0.00000000      0.00000000
  0.06280001 -0.17170753E+02  0.43123402E-01      0.00000000      0.00000000
  0.06300000 -0.17127640E+02  0.42885687E-01      0.00000000      0.00000000
  0.06320000 -0.17085566E+02  0.42675115E-01      0.00000000      0.00000000
  0.06339999 -0.17042879E+02  0.42415477E-01      0.00000000      0.00000000
  0.06360000 -0.17000360E+02  0.42180821E-01      0.00000000      0.00000000
  0.06380000 -0.16958330E+02  0.41947335E-01      0.00000000      0.00000000
  0.06400000 -0.16916517E+02  0.41712694E-01      0.00000000      0.00000000
  0.06420000 -0.16874325E+02  0.41482128E-01      0.00000000      0.00000000
  0.06440000 -0.16832766E+02  0.41272055E-01      0.00000000      0.00000000
  0.06460000 -0.16791359E+02  0.41052695E-01      0.00000000      0.00000000
  0.06479999 -0.16751041E+02  0.40836431E-01      0.00000000      0.00000000
  0.06500000 -0.16710384E+02  0.40615521E-01      0.00000000      0.00000000
  0.06520000 -0.16669619E+02  0.40393185E-01      0.00000000      0.00000000
  0.06540000 -0.16628519E+02  0.40173046E-01      0.00000000      0.00000000
  0.06559999 -0.16588726E+02  0.39960206E-01      0.00000000      0.00000000
  0.06580000 -0.16548971E+02  0.39743770E-01      0.00000000      0.00000000
  0.06600000 -0.16509068E+02  0.39521717E-01      0.00000000      0.00000000
  0.06620000 -0.16469578E+02  0.39304025E-01      0.00000000      0.00000000
  0.06640000 -0.16430738E+02  0.39105885E-01      0.00000000      0.00000000
  0.06660000 -0.16391823E+02  0.38896091E-01      0.00000000      0.00000000
  0.06680001 -0.16352808E+02  0.38697474E-01      0.00000000      0.00000000
  0.06699999 -0.16314278E+02  0.38508240E-01      0.00000000      0.00000000
  0.06720000 -0.16276054E+02  0.38285628E-01      0.00000000      0.00000000
  0.06739999 -0.16237728E+02  0.38108606E-01      0.00000000      0.00000000
  0.06760000 -0.16199314E+02  0.37897486E-01      0.00000000      0.00000000
  0.06780000 -0.16161736E+02  0.37691146E-01      0.00000000      0.00000000
  0.06800000 -0.16124048E+02  0.37499338E-01      0.00000000      0.00000000
  0.06820000 -0.16086493E+02  0.37309378E-01      0.00000000      0.00000000
  0.06840000 -0.16049278E+02  0.37119150E-01      0.00000000      0.00000000
  0.06859999 -0.16012411E+02  0.36929145E-01      0.00000000      0.00000000
  0.06880000 -0.15975482E+02  0.36747269E-01      0.00000000      0.00000000
  0.06900001 -0.15938688E+02  0.36536917E-01      0.00000000      0.00000000
  0.06919999 -0.15902011E+02  0.36352262E-01      0.00000000      0.00000000
  0.06940000 -0.15865891E+02  0.36166765E-01      0.00000000      0.00000000
  0.06960000 -0.15829840E+02  0.35985615E-01      0.00000000      0.00000000
  0.06980000 -0.15793936E+02  0.35789799E-01      0.00000000      0.00000000
  0.07000000 -0.15758007E+02  0.35623059E-01      0.00000000      0.00000000
  0.07020000 -0.15722700E+02  0.35447747E-01      0.00000000      0.00000000
  0.07040000 -0.15687403E+02  0.35269130E-01      0.00000000      0.00000000
  0.07060000 -0.15652193E+02  0.35097774E-01      0.00000000      0.00000000
  0.07079999 -0.15617353E+02  0.34909267E-01      0.00000000      0.00000000
  0.07099999 -0.15582286E+02  0.34726720E-01      0.00000000      0.00000000
  0.07120001 -0.15547331E+02  0.34570485E-01      0.00000000      0.00000000
  0.07139999 -0.15513057E+02  0.34388591E-01      0.00000000      0.00000000
  0.07160000 -0.15478301E+02  0.34212399E-01      0.00000000      0.00000000
  0.07180000 -0.15444539E+02  0.34058902E-01      0.00000000      0.00000000
  0.07200000 -0.15410958E+02  0.33882245E-01      0.00000000      0.00000000
  0.07220000 -0.15377163E+02  0.33722486E-01      0.00000000      0.00000000
  0.07239999 -0.15343285E+02  0.33557720E-01      0.00000000      0.00000000
  0.07260000 -0.15309919E+02  0.33391327E-01      0.00000000      0.00000000
  0.07280000 -0.15276696E+02  0.33225264E-01      0.00000000      0.00000000
  0.07299999 -0.15243441E+02  0.33064704E-01      0.00000000      0.00000000
  0.07319999 -0.15210342E+02  0.32897547E-01      0.00000000      0.00000000
  0.07340001 -0.15177654E+02  0.32741282E-01      0.00000000      0.00000000
  0.07359999 -0.15145033E+02  0.32593604E-01      0.00000000      0.00000000
  0.07380000 -0.15112501E+02  0.32436103E-01      0.00000000      0.00000000
  0.07400000 -0.15080218E+02  0.32279510E-01      0.00000000      0.00000000
  0.07420000 -0.15048152E+02  0.32124531E-01      0.00000000      0.00000000
  0.07440000 -0.15016317E+02  0.31978518E-01      0.00000000      0.00000000
  0.07460000 -0.14984674E+02  0.31804882E-01      0.00000000      0.00000000
  0.07480000 -0.14952972E+02  0.31662561E-01      0.00000000      0.00000000
  0.07500000 -0.14921331E+02  0.31510148E-01      0.00000000      0.00000000
  0.07519999 -0.14889861E+02  0.31360067E-01      0.00000000      0.00000000
  0.07539999 -0.14858477E+02  0.31212922E-01      0.00000000      0.00000000
  0.07560000 -0.14827250E+02  0.31056289E-01      0.00000000      0.00000000
  0.07579999 -0.14796723E+02  0.30932169E-01      0.00000000      0.00000000
  0.07600000 -0.14765674E+02  0.30775506E-01      0.00000000      0.00000000
  0.07620000 -0.14735599E+02  0.30621316E-01      0.00000000      0.00000000
  0.07640000 -0.14704569E+02  0.30453911E-01      0.00000000      0.00000000
  0.07660000 -0.14674015E+02  0.30321945E-01      0.00000000      0.00000000
  0.07680000 -0.14643664E+02  0.30196063E-01      0.00000000      0.00000000
  0.07699999 -0.14613903E+02  0.30047102E-01      0.00000000      0.00000000
  0.07720000 -0.14583623E+02  0.29917564E-01      0.00000000      0.00000000
  0.07739999 -0.14553928E+02  0.29786624E-01      0.00000000      0.00000000
  0.07759999 -0.14524263E+02  0.29650368E-01      0.00000000      0.00000000
  0.07780000 -0.14494236E+02  0.29500844E-01      0.00000000      0.00000000
  0.07799999 -0.14464764E+02  0.29369045E-01      0.00000000      0.00000000
  0.07820000 -0.14435652E+02  0.29232647E-01      0.00000000      0.00000000
  0.07840000 -0.14406779E+02  0.29095411E-01      0.00000000      0.00000000
  0.07860000 -0.14377650E+02  0.28957281E-01      0.00000000      0.00000000
  0.07880000 -0.14348687E+02  0.28836846E-01      0.00000000      0.00000000
  0.07900000 -0.14319654E+02  0.28696142E-01      0.00000000      0.00000000
  0.07919999 -0.14290697E+02  0.28567042E-01      0.00000000      0.00000000
  0.07940000 -0.14261913E+02  0.28430570E-01      0.00000000      0.00000000
  0.07960001 -0.14233738E+02  0.28300179E-01      0.00000000      0.00000000
  0.07979999 -0.14205610E+02  0.28176993E-01      0.00000000      0.00000000
