 -0.04000000  0.36037312E+02  0.27639100E+00      0.00000000      0.00000000
 -0.03980000  0.36315975E+02  0.28063893E+00      0.00000000      0.00000000
 -0.03960000  0.36597813E+02  0.28488049E+00      0.00000000      0.00000000
 -0.03940000  0.36882187E+02  0.28926599E+00      0.00000000      0.00000000
 -0.03920000  0.37170506E+02  0.29360995E+00      0.00000000      0.00000000
 -0.03900000  0.37464767E+02  0.29830813E+00      0.00000000      0.00000000
 -0.03880000  0.37761101E+02  0.30269247E+00      0.00000000      0.00000000
 -0.03860000  0.38069153E+02  0.30752453E+00      0.00000000      0.00000000
 -0.03840000  0.38384430E+02  0.31258243E+00      0.00000000      0.00000000
 -0.03820000  0.38697655E+02  0.31759912E+00      0.00000000      0.00000000
 -0.03800000  0.39017227E+02  0.32266071E+00      0.00000000      0.00000000
 -0.03780000  0.39343517E+02  0.32806063E+00      0.00000000      0.00000000
 -0.03760000  0.39676010E+02  0.33355397E+00      0.00000000      0.00000000
 -0.03740000  0.40015919E+02  0.33905637E+00      0.00000000      0.00000000
 -0.03720000  0.40354668E+02  0.34477466E+00      0.00000000      0.00000000
 -0.03700000  0.40699383E+02  0.35071868E+00      0.00000000      0.00000000
 -0.03680000  0.41051239E+02  0.35667890E+00      0.00000000      0.00000000
 -0.03660000  0.41409580E+02  0.36268857E+00      0.00000000      0.00000000
 -0.03640000  0.41777126E+02  0.36898518E+00      0.00000000      0.00000000
 -0.03620000  0.42146423E+02  0.37528211E+00      0.00000000      0.00000000
 -0.03600000  0.42519989E+02  0.38191739E+00      0.00000000      0.00000000
 -0.03580000  0.42905991E+02  0.38880184E+00      0.00000000      0.00000000
 -0.03560000  0.43296860E+02  0.39593208E+00      0.00000000      0.00000000
 -0.03540000  0.43698486E+02  0.40311843E+00      0.00000000      0.00000000
 -0.03520000  0.44106102E+02  0.41059089E+00      0.00000000      0.00000000
 -0.03500000  0.44520645E+02  0.41807851E+00      0.00000000      0.00000000
 -0.03480000  0.44942661E+02  0.42572773E+00      0.00000000      0.00000000
 -0.03460000  0.45376205E+02  0.43389475E+00      0.00000000      0.00000000
 -0.03440000  0.45812393E+02  0.44209650E+00      0.00000000      0.00000000
 -0.03420000  0.46251980E+02  0.45056230E+00      0.00000000      0.00000000
 -0.03400000  0.46713886E+02  0.45944661E+00      0.00000000      0.00000000
 -0.03380000  0.47178699E+02  0.46863884E+00      0.00000000      0.00000000
 -0.03360000  0.47650002E+02  0.47776037E+00      0.00000000      0.00000000
 -0.03340000  0.48125824E+02  0.48715347E+00      0.00000000      0.00000000
 -0.03320000  0.48618519E+02  0.49709547E+00      0.00000000      0.00000000
 -0.03300000  0.49126373E+02  0.50735819E+00      0.00000000      0.00000000
 -0.03280000  0.49636787E+02  0.51766247E+00      0.00000000      0.00000000
 -0.03260000  0.50162239E+02  0.52831733E+00      0.00000000      0.00000000
 -0.03240000  0.50696720E+02  0.53948873E+00      0.00000000      0.00000000
 -0.03220000  0.51235710E+02  0.55114406E+00      0.00000000      0.00000000
 -0.03200000  0.51794918E+02  0.56298935E+00      0.00000000      0.00000000
 -0.03180000  0.52363880E+02  0.57526606E+00      0.00000000      0.00000000
 -0.03160000  0.52957211E+02  0.58811402E+00      0.00000000      0.00000000
 -0.03140000  0.53545219E+02  0.60118610E+00      0.00000000      0.00000000
 -0.03120000  0.54159454E+02  0.61491978E+00      0.00000000      0.00000000
 -0.03100000  0.54776840E+02  0.62892628E+00      0.00000000      0.00000000
 -0.03080000  0.55412926E+02  0.64319056E+00      0.00000000      0.00000000
 -0.03060000  0.56064720E+02  0.65831792E+00      0.00000000      0.00000000
 -0.03040000  0.56722054E+02  0.67355740E+00      0.00000000      0.00000000
 -0.03020000  0.57405449E+02  0.68988204E+00      0.00000000      0.00000000
 -0.03000000  0.58101421E+02  0.70678681E+00      0.00000000      0.00000000
 -0.02980000  0.58829552E+02  0.72412431E+00      0.00000000      0.00000000
 -0.02960000  0.59544189E+02  0.74149799E+00      0.00000000      0.00000000
 -0.02940000  0.60295361E+02  0.76027048E+00      0.00000000      0.00000000
 -0.02920000  0.61059441E+02  0.77978313E+00      0.00000000      0.00000000
 -0.02900000  0.61848103E+02  0.79975200E+00      0.00000000      0.00000000
 -0.02880000  0.62658722E+02  0.82066119E+00      0.00000000      0.00000000
 -0.02860000  0.63502995E+02  0.84242296E+00      0.00000000      0.00000000
 -0.02840000  0.64353317E+02  0.86508787E+00      0.00000000      0.00000000
 -0.02820000  0.65236893E+02  0.88865131E+00      0.00000000      0.00000000
 -0.02800000  0.66137695E+02  0.91332006E+00      0.00000000      0.00000000
 -0.02780000  0.67069412E+02  0.93938315E+00      0.00000000      0.00000000
 -0.02760000  0.68014847E+02  0.96559954E+00      0.00000000      0.00000000
 -0.02740000  0.68980331E+02  0.99277925E+00      0.00000000      0.00000000
 -0.02720000  0.69979752E+02  0.10221628E+01      0.00000000      0.00000000
 -0.02700000  0.71011581E+02  0.10522095E+01      0.00000000      0.00000000
 -0.02680000  0.72085754E+02  0.10841460E+01      0.00000000      0.00000000
 -0.02660000  0.73191544E+02  0.11175272E+01      0.00000000      0.00000000
 -0.02640000  0.74320251E+02  0.11524531E+01      0.00000000      0.00000000
 -0.02620000  0.75491341E+02  0.11889778E+01      0.00000000      0.00000000
 -0.02600000  0.76699036E+02  0.12270432E+01      0.00000000      0.00000000
 -0.02580000  0.77947861E+02  0.12671371E+01      0.00000000      0.00000000
 -0.02560000  0.79230759E+02  0.13094926E+01      0.00000000      0.00000000
 -0.02540000  0.80567184E+02  0.13534818E+01      0.00000000      0.00000000
 -0.02520000  0.81939926E+02  0.13997638E+01      0.00000000      0.00000000
 -0.02500000  0.83376869E+02  0.14501196E+01      0.00000000      0.00000000
 -0.02480000  0.84841354E+02  0.15020812E+01      0.00000000      0.00000000
 -0.02460000  0.86373024E+02  0.15560105E+01      0.00000000      0.00000000
 -0.02440000  0.87961594E+02  0.16138475E+01      0.00000000      0.00000000
 -0.02420000  0.89565971E+02  0.16741195E+01      0.00000000      0.00000000
 -0.02400000  0.91257812E+02  0.17387161E+01      0.00000000      0.00000000
 -0.02380000  0.93045151E+02  0.18073690E+01      0.00000000      0.00000000
 -0.02360000  0.94923393E+02  0.18814155E+01      0.00000000      0.00000000
 -0.02340000  0.96848984E+02  0.19595575E+01      0.00000000      0.00000000
 -0.02320000  0.98851456E+02  0.20421014E+01      0.00000000      0.00000000
 -0.02300000  0.10094878E+03  0.21308661E+01      0.00000000      0.00000000
 -0.02280000  0.10312822E+03  0.22246981E+01      0.00000000      0.00000000
 -0.02260000  0.10540599E+03  0.23253863E+01      0.00000000      0.00000000
 -0.02240000  0.10777899E+03  0.24320192E+01      0.00000000      0.00000000
 -0.02220000  0.11028313E+03  0.25483832E+01      0.00000000      0.00000000
 -0.02200000  0.11293649E+03  0.26740904E+01      0.00000000      0.00000000
 -0.02180000  0.11562299E+03  0.28050599E+01      0.00000000      0.00000000
 -0.02160000  0.11850893E+03  0.29502375E+01      0.00000000      0.00000000
 -0.02140000  0.12149802E+03  0.31054671E+01      0.00000000      0.00000000
 -0.02120000  0.12465478E+03  0.32718654E+01      0.00000000      0.00000000
 -0.02100000  0.12803535E+03  0.34562235E+01      0.00000000      0.00000000
 -0.02080000  0.13161761E+03  0.36576419E+01      0.00000000      0.00000000
 -0.02060000  0.13538786E+03  0.38772690E+01      0.00000000      0.00000000
 -0.02040000  0.13941312E+03  0.41190724E+01      0.00000000      0.00000000
 -0.02020000  0.14366745E+03  0.43820696E+01      0.00000000      0.00000000
 -0.02000000  0.14812167E+03  0.46677389E+01      0.00000000      0.00000000
 -0.01980000  0.15291074E+03  0.49877391E+01      0.00000000      0.00000000
 -0.01960000  0.15804379E+03  0.53428841E+01      0.00000000      0.00000000
 -0.01940000  0.16361655E+03  0.57438269E+01      0.00000000      0.00000000
 -0.01920000  0.16954254E+03  0.61897092E+01      0.00000000      0.00000000
 -0.01900000  0.17605542E+03  0.66996431E+01      0.00000000      0.00000000
 -0.01880000  0.18300189E+03  0.72727485E+01      0.00000000      0.00000000
 -0.01860000  0.19047034E+03  0.79151115E+01      0.00000000      0.00000000
 -0.01840000  0.19876819E+03  0.86686525E+01      0.00000000      0.00000000
 -0.01820000  0.20781009E+03  0.95412331E+01      0.00000000      0.00000000
 -0.01800000  0.21767302E+03  0.10551451E+02      0.00000000      0.00000000
 -0.01780000  0.22862653E+03  0.11739893E+02      0.00000000      0.00000000
 -0.01760000  0.24097040E+03  0.13180519E+02      0.00000000      0.00000000
 -0.01740000  0.25507054E+03  0.14946712E+02      0.00000000      0.00000000
 -0.01720000  0.27077283E+03  0.17089996E+02      0.00000000      0.00000000
 -0.01700000  0.28893097E+03  0.19801359E+02      0.00000000      0.00000000
 -0.01680000  0.30999969E+03  0.23287594E+02      0.00000000      0.00000000
 -0.01660000  0.33501733E+03  0.27926495E+02      0.00000000      0.00000000
 -0.01640000  0.36486609E+03  0.34221954E+02      0.00000000      0.00000000
 -0.01620000  0.40258514E+03  0.43469318E+02      0.00000000      0.00000000
 -0.01600000  0.45045795E+03  0.57564316E+02      0.00000000      0.00000000
 -0.01580000  0.51376544E+03  0.80854561E+02      0.00000000      0.00000000
 -0.01560000  0.60349500E+03  0.12488109E+03      0.00000000      0.00000000
 -0.01540000  0.73516235E+03  0.22208000E+03      0.00000000      0.00000000
 -0.01520000  0.90671204E+03  0.48764380E+03      0.00000000      0.00000000
 -0.01500000  0.68498181E+03  0.11778494E+04      0.00000000      0.00000000
 -0.01480000 -0.20027243E+03  0.89437695E+03      0.00000000      0.00000000
 -0.01460000 -0.11228723E+03  0.39482703E+03      0.00000000      0.00000000
 -0.01440000  0.10547146E+03  0.25499130E+03      0.00000000      0.00000000
 -0.01420000  0.31087421E+03  0.26216943E+03      0.00000000      0.00000000
 -0.01400000  0.53292145E+03  0.42086896E+03      0.00000000      0.00000000
 -0.01380000  0.60193488E+03  0.96086633E+03      0.00000000      0.00000000
 -0.01360000 -0.29919354E+03  0.11670120E+04      0.00000000      0.00000000
 -0.01340000 -0.43235678E+03  0.50024280E+03      0.00000000      0.00000000
 -0.01320000 -0.21483102E+03  0.26864301E+03      0.00000000      0.00000000
 -0.01300000 -0.22935282E+02  0.21030707E+03      0.00000000      0.00000000
 -0.01280000  0.16101707E+03  0.23390051E+03      0.00000000      0.00000000
 -0.01260000  0.37497003E+03  0.37161621E+03      0.00000000      0.00000000
 -0.01240000  0.52327460E+03  0.83443329E+03      0.00000000      0.00000000
 -0.01220000 -0.25081363E+03  0.12799543E+04      0.00000000      0.00000000
 -0.01200000 -0.54939905E+03  0.61361017E+03      0.00000000      0.00000000
 -0.01180000 -0.30336710E+03  0.36330176E+03      0.00000000      0.00000000
 -0.01160000 -0.40574467E+02  0.38917999E+03      0.00000000      0.00000000
 -0.01140000  0.16304305E+03  0.74263074E+03      0.00000000      0.00000000
 -0.01120000 -0.47112140E+03  0.13035032E+04      0.00000000      0.00000000
 -0.01100000 -0.97844885E+03  0.63671912E+03      0.00000000      0.00000000
 -0.01080000 -0.81116687E+03  0.27345233E+03      0.00000000      0.00000000
 -0.01060000 -0.65950952E+03  0.14742386E+03      0.00000000      0.00000000
 -0.01040000 -0.55634222E+03  0.93128777E+02      0.00000000      0.00000000
 -0.01020000 -0.48433850E+03  0.65259834E+02      0.00000000      0.00000000
 -0.01000000 -0.43046600E+03  0.48689854E+02      0.00000000      0.00000000
 -0.00980000 -0.38894354E+03  0.38100967E+02      0.00000000      0.00000000
 -0.00960000 -0.35547952E+03  0.30785389E+02      0.00000000      0.00000000
 -0.00940000 -0.32812738E+03  0.25549885E+02      0.00000000      0.00000000
 -0.00920000 -0.30495523E+03  0.21600216E+02      0.00000000      0.00000000
 -0.00900000 -0.28472839E+03  0.18498142E+02      0.00000000      0.00000000
 -0.00880000 -0.26768921E+03  0.16107660E+02      0.00000000      0.00000000
 -0.00860000 -0.25290550E+03  0.14202723E+02      0.00000000      0.00000000
 -0.00840000 -0.23971130E+03  0.12621532E+02      0.00000000      0.00000000
 -0.00820000 -0.22790100E+03  0.11299029E+02      0.00000000      0.00000000
 -0.00800000 -0.21725848E+03  0.10186562E+02      0.00000000      0.00000000
 -0.00780000 -0.20770045E+03  0.92390718E+01      0.00000000      0.00000000
 -0.00760000 -0.19884158E+03  0.84150925E+01      0.00000000      0.00000000
 -0.00740000 -0.19076965E+03  0.76990638E+01      0.00000000      0.00000000
 -0.00720000 -0.18334711E+03  0.70735083E+01      0.00000000      0.00000000
 -0.00700000 -0.17657605E+03  0.65309386E+01      0.00000000      0.00000000
 -0.00680000 -0.17029926E+03  0.60486326E+01      0.00000000      0.00000000
 -0.00660000 -0.16449501E+03  0.56247778E+01      0.00000000      0.00000000
 -0.00640000 -0.15906459E+03  0.52388945E+01      0.00000000      0.00000000
 -0.00620000 -0.15397687E+03  0.48911662E+01      0.00000000      0.00000000
 -0.00600000 -0.14928448E+03  0.45858507E+01      0.00000000      0.00000000
 -0.00580000 -0.14485324E+03  0.43045764E+01      0.00000000      0.00000000
 -0.00560000 -0.14065842E+03  0.40476360E+01      0.00000000      0.00000000
 -0.00540000 -0.13674446E+03  0.38181620E+01      0.00000000      0.00000000
 -0.00520000 -0.13302193E+03  0.36029692E+01      0.00000000      0.00000000
 -0.00500000 -0.12949400E+03  0.34081647E+01      0.00000000      0.00000000
 -0.00480000 -0.12618122E+03  0.32295289E+01      0.00000000      0.00000000
 -0.00460000 -0.12308002E+03  0.30669355E+01      0.00000000      0.00000000
 -0.00440000 -0.12011837E+03  0.29156842E+01      0.00000000      0.00000000
 -0.00420000 -0.11723911E+03  0.27727454E+01      0.00000000      0.00000000
 -0.00400000 -0.11455396E+03  0.26429629E+01      0.00000000      0.00000000
 -0.00380000 -0.11199384E+03  0.25223672E+01      0.00000000      0.00000000
 -0.00360000 -0.10953261E+03  0.24096479E+01      0.00000000      0.00000000
 -0.00340000 -0.10714994E+03  0.23019075E+01      0.00000000      0.00000000
 -0.00320000 -0.10491880E+03  0.22043867E+01      0.00000000      0.00000000
 -0.00300000 -0.10277936E+03  0.21122177E+01      0.00000000      0.00000000
 -0.00280000 -0.10073186E+03  0.20261221E+01      0.00000000      0.00000000
 -0.00260000 -0.98730026E+02  0.19442284E+01      0.00000000      0.00000000
 -0.00240000 -0.96826370E+02  0.18683093E+01      0.00000000      0.00000000
 -0.00220000 -0.94999870E+02  0.17963649E+01      0.00000000      0.00000000
 -0.00200000 -0.93244400E+02  0.17290285E+01      0.00000000      0.00000000
 -0.00180000 -0.91538315E+02  0.16644993E+01      0.00000000      0.00000000
 -0.00160000 -0.89899567E+02  0.16036198E+01      0.00000000      0.00000000
 -0.00140000 -0.88304794E+02  0.15457647E+01      0.00000000      0.00000000
 -0.00120000 -0.86790359E+02  0.14911177E+01      0.00000000      0.00000000
 -0.00100000 -0.85335548E+02  0.14409233E+01      0.00000000      0.00000000
 -0.00080000 -0.83925468E+02  0.13924167E+01      0.00000000      0.00000000
 -0.00060000 -0.82550980E+02  0.13454349E+01      0.00000000      0.00000000
 -0.00040000 -0.81219948E+02  0.13013147E+01      0.00000000      0.00000000
 -0.00020000 -0.79958824E+02  0.12607483E+01      0.00000000      0.00000000
  0.00000000 -0.78710327E+02  0.12203339E+01      0.00000000      0.00000000
  0.00020000 -0.77520416E+02  0.11824766E+01      0.00000000      0.00000000
  0.00040000 -0.76361336E+02  0.11462183E+01      0.00000000      0.00000000
  0.00060000 -0.75232864E+02  0.11119090E+01      0.00000000      0.00000000
  0.00080000 -0.74123756E+02  0.10789896E+01      0.00000000      0.00000000
  0.00100000 -0.73057358E+02  0.10475518E+01      0.00000000      0.00000000
  0.00120000 -0.72018715E+02  0.10169045E+01      0.00000000      0.00000000
  0.00140000 -0.71014549E+02  0.98800606E+00      0.00000000      0.00000000
  0.00160000 -0.70036438E+02  0.96034157E+00      0.00000000      0.00000000
  0.00180000 -0.69093948E+02  0.93393326E+00      0.00000000      0.00000000
  0.00200000 -0.68179077E+02  0.90889204E+00      0.00000000      0.00000000
  0.00220000 -0.67292587E+02  0.88431060E+00      0.00000000      0.00000000
  0.00240000 -0.66417473E+02  0.86107332E+00      0.00000000      0.00000000
  0.00260000 -0.65559608E+02  0.83862191E+00      0.00000000      0.00000000
  0.00280000 -0.64734283E+02  0.81693661E+00      0.00000000      0.00000000
  0.00300000 -0.63943447E+02  0.79648143E+00      0.00000000      0.00000000
  0.00320000 -0.63150024E+02  0.77651274E+00      0.00000000      0.00000000
  0.00340000 -0.62381027E+02  0.75714588E+00      0.00000000      0.00000000
  0.00360000 -0.61633812E+02  0.73848343E+00      0.00000000      0.00000000
  0.00380000 -0.60902023E+02  0.72036874E+00      0.00000000      0.00000000
  0.00400000 -0.60188282E+02  0.70350641E+00      0.00000000      0.00000000
  0.00420000 -0.59503471E+02  0.68716753E+00      0.00000000      0.00000000
  0.00440000 -0.58823509E+02  0.67119110E+00      0.00000000      0.00000000
  0.00460000 -0.58154308E+02  0.65524983E+00      0.00000000      0.00000000
  0.00480000 -0.57499573E+02  0.64033902E+00      0.00000000      0.00000000
  0.00500000 -0.56876125E+02  0.62638485E+00      0.00000000      0.00000000
  0.00520000 -0.56253307E+02  0.61226404E+00      0.00000000      0.00000000
  0.00540000 -0.55651188E+02  0.59887826E+00      0.00000000      0.00000000
  0.00560000 -0.55052963E+02  0.58568275E+00      0.00000000      0.00000000
  0.00580000 -0.54469090E+02  0.57313478E+00      0.00000000      0.00000000
  0.00600000 -0.53902470E+02  0.56065655E+00      0.00000000      0.00000000
  0.00620000 -0.53352737E+02  0.54905772E+00      0.00000000      0.00000000
  0.00640000 -0.52810455E+02  0.53776765E+00      0.00000000      0.00000000
  0.00660000 -0.52279419E+02  0.52670240E+00      0.00000000      0.00000000
  0.00680000 -0.51763252E+02  0.51626515E+00      0.00000000      0.00000000
  0.00700000 -0.51250114E+02  0.50550294E+00      0.00000000      0.00000000
  0.00720000 -0.50749367E+02  0.49553227E+00      0.00000000      0.00000000
  0.00740000 -0.50263603E+02  0.48581147E+00      0.00000000      0.00000000
  0.00760000 -0.49785889E+02  0.47638559E+00      0.00000000      0.00000000
  0.00780000 -0.49309509E+02  0.46695042E+00      0.00000000      0.00000000
  0.00800000 -0.48846733E+02  0.45802879E+00      0.00000000      0.00000000
  0.00820000 -0.48393288E+02  0.44936037E+00      0.00000000      0.00000000
  0.00840000 -0.47948647E+02  0.44079161E+00      0.00000000      0.00000000
  0.00860000 -0.47516029E+02  0.43260717E+00      0.00000000      0.00000000
  0.00880000 -0.47088440E+02  0.42477226E+00      0.00000000      0.00000000
  0.00900000 -0.46666946E+02  0.41694164E+00      0.00000000      0.00000000
  0.00920000 -0.46249954E+02  0.40926552E+00      0.00000000      0.00000000
  0.00940000 -0.45843765E+02  0.40191174E+00      0.00000000      0.00000000
  0.00960000 -0.45444199E+02  0.39477539E+00      0.00000000      0.00000000
  0.00980000 -0.45051620E+02  0.38789558E+00      0.00000000      0.00000000
  0.01000000 -0.44669449E+02  0.38106537E+00      0.00000000      0.00000000
  0.01020000 -0.44297211E+02  0.37443542E+00      0.00000000      0.00000000
  0.01040000 -0.43927704E+02  0.36807632E+00      0.00000000      0.00000000
  0.01060000 -0.43560699E+02  0.36177826E+00      0.00000000      0.00000000
  0.01080000 -0.43199188E+02  0.35562134E+00      0.00000000      0.00000000
  0.01100000 -0.42842377E+02  0.34939575E+00      0.00000000      0.00000000
  0.01120000 -0.42496262E+02  0.34356689E+00      0.00000000      0.00000000
  0.01140000 -0.42156590E+02  0.33795166E+00      0.00000000      0.00000000
  0.01160000 -0.41823517E+02  0.33259583E+00      0.00000000      0.00000000
  0.01180000 -0.41492767E+02  0.32723999E+00      0.00000000      0.00000000
  0.01200000 -0.41168076E+02  0.32192993E+00      0.00000000      0.00000000
  0.01220000 -0.40846436E+02  0.31677246E+00      0.00000000      0.00000000
  0.01240000 -0.40535141E+02  0.31173706E+00      0.00000000      0.00000000
  0.01260000 -0.40225464E+02  0.30683899E+00      0.00000000      0.00000000
  0.01280000 -0.39925529E+02  0.30207062E+00      0.00000000      0.00000000
  0.01300000 -0.39623806E+02  0.29731750E+00      0.00000000      0.00000000
  0.01320000 -0.39325562E+02  0.29275513E+00      0.00000000      0.00000000
  0.01340000 -0.39035934E+02  0.28840637E+00      0.00000000      0.00000000
  0.01360000 -0.38748322E+02  0.28399658E+00      0.00000000      0.00000000
  0.01380000 -0.38467529E+02  0.27978516E+00      0.00000000      0.00000000
  0.01400000 -0.38191422E+02  0.27558899E+00      0.00000000      0.00000000
  0.01420000 -0.37915344E+02  0.27149963E+00      0.00000000      0.00000000
  0.01440000 -0.37646774E+02  0.26755524E+00      0.00000000      0.00000000
  0.01460000 -0.37381004E+02  0.26365662E+00      0.00000000      0.00000000
  0.01480000 -0.37121658E+02  0.25982666E+00      0.00000000      0.00000000
  0.01500000 -0.36863770E+02  0.25604248E+00      0.00000000      0.00000000
  0.01520000 -0.36608856E+02  0.25256348E+00      0.00000000      0.00000000
  0.01540000 -0.36357605E+02  0.24887848E+00      0.00000000      0.00000000
  0.01560000 -0.36112518E+02  0.24538803E+00      0.00000000      0.00000000
  0.01580000 -0.35868759E+02  0.24205017E+00      0.00000000      0.00000000
  0.01600000 -0.35629044E+02  0.23859978E+00      0.00000000      0.00000000
  0.01619999 -0.35389969E+02  0.23526001E+00      0.00000000      0.00000000
  0.01640000 -0.35156845E+02  0.23211670E+00      0.00000000      0.00000000
  0.01660000 -0.34924667E+02  0.22893047E+00      0.00000000      0.00000000
  0.01680000 -0.34697739E+02  0.22588634E+00      0.00000000      0.00000000
  0.01700000 -0.34474716E+02  0.22293568E+00      0.00000000      0.00000000
  0.01720000 -0.34253975E+02  0.21989250E+00      0.00000000      0.00000000
  0.01740000 -0.34032745E+02  0.21696472E+00      0.00000000      0.00000000
  0.01760000 -0.33817314E+02  0.21412849E+00      0.00000000      0.00000000
  0.01780000 -0.33606178E+02  0.21136856E+00      0.00000000      0.00000000
  0.01800000 -0.33398018E+02  0.20863342E+00      0.00000000      0.00000000
  0.01820000 -0.33190086E+02  0.20594597E+00      0.00000000      0.00000000
  0.01840000 -0.32985977E+02  0.20336199E+00      0.00000000      0.00000000
  0.01860000 -0.32783203E+02  0.20075536E+00      0.00000000      0.00000000
  0.01880000 -0.32581825E+02  0.19814372E+00      0.00000000      0.00000000
  0.01900000 -0.32384834E+02  0.19564700E+00      0.00000000      0.00000000
  0.01920000 -0.32192612E+02  0.19326663E+00      0.00000000      0.00000000
  0.01940000 -0.32001137E+02  0.19082355E+00      0.00000000      0.00000000
  0.01960000 -0.31812263E+02  0.18856764E+00      0.00000000      0.00000000
  0.01980000 -0.31623158E+02  0.18619013E+00      0.00000000      0.00000000
  0.02000000 -0.31439499E+02  0.18400168E+00      0.00000000      0.00000000
  0.02020000 -0.31256767E+02  0.18166423E+00      0.00000000      0.00000000
  0.02040000 -0.31078640E+02  0.17960250E+00      0.00000000      0.00000000
  0.02060000 -0.30900116E+02  0.17745829E+00      0.00000000      0.00000000
  0.02080000 -0.30723148E+02  0.17535150E+00      0.00000000      0.00000000
  0.02100000 -0.30547661E+02  0.17326021E+00      0.00000000      0.00000000
  0.02120000 -0.30374664E+02  0.17126942E+00      0.00000000      0.00000000
  0.02140000 -0.30204456E+02  0.16920650E+00      0.00000000      0.00000000
  0.02160000 -0.30035622E+02  0.16722679E+00      0.00000000      0.00000000
  0.02180000 -0.29868977E+02  0.16525614E+00      0.00000000      0.00000000
  0.02200000 -0.29704582E+02  0.16344678E+00      0.00000000      0.00000000
  0.02220000 -0.29543526E+02  0.16153431E+00      0.00000000      0.00000000
  0.02240000 -0.29382671E+02  0.15975666E+00      0.00000000      0.00000000
  0.02260000 -0.29224270E+02  0.15797520E+00      0.00000000      0.00000000
  0.02280000 -0.29064880E+02  0.15616274E+00      0.00000000      0.00000000
  0.02300000 -0.28911091E+02  0.15450859E+00      0.00000000      0.00000000
  0.02320000 -0.28756985E+02  0.15276915E+00      0.00000000      0.00000000
  0.02340000 -0.28604671E+02  0.15111911E+00      0.00000000      0.00000000
  0.02360000 -0.28454670E+02  0.14940786E+00      0.00000000      0.00000000
  0.02380000 -0.28305706E+02  0.14772540E+00      0.00000000      0.00000000
  0.02400000 -0.28159740E+02  0.14611185E+00      0.00000000      0.00000000
  0.02420000 -0.28014223E+02  0.14456952E+00      0.00000000      0.00000000
  0.02440000 -0.27868628E+02  0.14298868E+00      0.00000000      0.00000000
  0.02460000 -0.27725477E+02  0.14146608E+00      0.00000000      0.00000000
  0.02480000 -0.27584312E+02  0.13997632E+00      0.00000000      0.00000000
  0.02500000 -0.27445820E+02  0.13845527E+00      0.00000000      0.00000000
  0.02520000 -0.27310236E+02  0.13703328E+00      0.00000000      0.00000000
  0.02540000 -0.27173592E+02  0.13560379E+00      0.00000000      0.00000000
  0.02560000 -0.27038578E+02  0.13420022E+00      0.00000000      0.00000000
  0.02580000 -0.26903948E+02  0.13275498E+00      0.00000000      0.00000000
  0.02600000 -0.26771658E+02  0.13140112E+00      0.00000000      0.00000000
  0.02620000 -0.26641165E+02  0.13015747E+00      0.00000000      0.00000000
  0.02640000 -0.26512676E+02  0.12877488E+00      0.00000000      0.00000000
  0.02660000 -0.26385105E+02  0.12749979E+00      0.00000000      0.00000000
  0.02680000 -0.26257399E+02  0.12611195E+00      0.00000000      0.00000000
  0.02700000 -0.26133097E+02  0.12490365E+00      0.00000000      0.00000000
  0.02720000 -0.26006987E+02  0.12369609E+00      0.00000000      0.00000000
  0.02740000 -0.25884624E+02  0.12244916E+00      0.00000000      0.00000000
  0.02760000 -0.25763092E+02  0.12121719E+00      0.00000000      0.00000000
  0.02780000 -0.25643307E+02  0.12006178E+00      0.00000000      0.00000000
  0.02800000 -0.25523363E+02  0.11885872E+00      0.00000000      0.00000000
  0.02820000 -0.25405529E+02  0.11768180E+00      0.00000000      0.00000000
  0.02840000 -0.25288395E+02  0.11657649E+00      0.00000000      0.00000000
  0.02860000 -0.25172125E+02  0.11543754E+00      0.00000000      0.00000000
  0.02880000 -0.25057615E+02  0.11437485E+00      0.00000000      0.00000000
  0.02900000 -0.24942196E+02  0.11332214E+00      0.00000000      0.00000000
  0.02920000 -0.24830257E+02  0.11224166E+00      0.00000000      0.00000000
  0.02940000 -0.24719416E+02  0.11113700E+00      0.00000000      0.00000000
  0.02959999 -0.24610008E+02  0.11004657E+00      0.00000000      0.00000000
  0.02980000 -0.24499716E+02  0.10904747E+00      0.00000000      0.00000000
  0.03000000 -0.24391306E+02  0.10804239E+00      0.00000000      0.00000000
  0.03020000 -0.24283583E+02  0.10705364E+00      0.00000000      0.00000000
  0.03040000 -0.24176727E+02  0.10606268E+00      0.00000000      0.00000000
  0.03060000 -0.24071884E+02  0.10508212E+00      0.00000000      0.00000000
  0.03080000 -0.23967205E+02  0.10411307E+00      0.00000000      0.00000000
  0.03100000 -0.23862835E+02  0.10315198E+00      0.00000000      0.00000000
  0.03120000 -0.23760742E+02  0.10218540E+00      0.00000000      0.00000000
  0.03140000 -0.23659636E+02  0.10127540E+00      0.00000000      0.00000000
  0.03160000 -0.23559103E+02  0.10040565E+00      0.00000000      0.00000000
  0.03179999 -0.23457544E+02  0.99453971E-01      0.00000000      0.00000000
  0.03200001 -0.23359154E+02  0.98579362E-01      0.00000000      0.00000000
  0.03220000 -0.23261967E+02  0.97734556E-01      0.00000000      0.00000000
  0.03240000 -0.23164402E+02  0.96880868E-01      0.00000000      0.00000000
  0.03260000 -0.23069622E+02  0.96090555E-01      0.00000000      0.00000000
  0.03280000 -0.22973160E+02  0.95189080E-01      0.00000000      0.00000000
  0.03300000 -0.22878740E+02  0.94350740E-01      0.00000000      0.00000000
  0.03320000 -0.22783520E+02  0.93524620E-01      0.00000000      0.00000000
  0.03340000 -0.22690119E+02  0.92689201E-01      0.00000000      0.00000000
  0.03360000 -0.22597977E+02  0.91884941E-01      0.00000000      0.00000000
  0.03380000 -0.22505661E+02  0.91114312E-01      0.00000000      0.00000000
  0.03399999 -0.22414167E+02  0.90300635E-01      0.00000000      0.00000000
  0.03420001 -0.22325033E+02  0.89562356E-01      0.00000000      0.00000000
  0.03440000 -0.22236423E+02  0.88852718E-01      0.00000000      0.00000000
  0.03460000 -0.22148132E+02  0.88086963E-01      0.00000000      0.00000000
  0.03479999 -0.22059853E+02  0.87329432E-01      0.00000000      0.00000000
  0.03500000 -0.21972183E+02  0.86570159E-01      0.00000000      0.00000000
  0.03520000 -0.21885309E+02  0.85808203E-01      0.00000000      0.00000000
  0.03540000 -0.21800444E+02  0.85151196E-01      0.00000000      0.00000000
  0.03560000 -0.21716063E+02  0.84454492E-01      0.00000000      0.00000000
  0.03580000 -0.21632198E+02  0.83783969E-01      0.00000000      0.00000000
  0.03600000 -0.21548655E+02  0.83090529E-01      0.00000000      0.00000000
  0.03619999 -0.21465384E+02  0.82429543E-01      0.00000000      0.00000000
  0.03640000 -0.21382454E+02  0.81739113E-01      0.00000000      0.00000000
  0.03660000 -0.21300743E+02  0.81077904E-01      0.00000000      0.00000000
  0.03680000 -0.21220539E+02  0.80424801E-01      0.00000000      0.00000000
  0.03700000 -0.21140060E+02  0.79768226E-01      0.00000000      0.00000000
  0.03720000 -0.21060230E+02  0.79122648E-01      0.00000000      0.00000000
  0.03740000 -0.20982233E+02  0.78495547E-01      0.00000000      0.00000000
  0.03760000 -0.20904675E+02  0.77834189E-01      0.00000000      0.00000000
  0.03780000 -0.20826790E+02  0.77263877E-01      0.00000000      0.00000000
  0.03800000 -0.20750025E+02  0.76633275E-01      0.00000000      0.00000000
  0.03820000 -0.20672098E+02  0.76049767E-01      0.00000000      0.00000000
  0.03839999 -0.20596418E+02  0.75434379E-01      0.00000000      0.00000000
  0.03860000 -0.20521297E+02  0.74882887E-01      0.00000000      0.00000000
  0.03880000 -0.20447428E+02  0.74267611E-01      0.00000000      0.00000000
  0.03900000 -0.20373707E+02  0.73708124E-01      0.00000000      0.00000000
  0.03920000 -0.20300371E+02  0.73138393E-01      0.00000000      0.00000000
  0.03940000 -0.20227631E+02  0.72575361E-01      0.00000000      0.00000000
  0.03960000 -0.20155216E+02  0.72015546E-01      0.00000000      0.00000000
  0.03980000 -0.20083294E+02  0.71476787E-01      0.00000000      0.00000000
  0.04000000 -0.20012527E+02  0.70954569E-01      0.00000000      0.00000000
  0.04020000 -0.19941679E+02  0.70409775E-01      0.00000000      0.00000000
  0.04040000 -0.19870972E+02  0.69863252E-01      0.00000000      0.00000000
  0.04060000 -0.19800570E+02  0.69341868E-01      0.00000000      0.00000000
  0.04080000 -0.19732347E+02  0.68829484E-01      0.00000000      0.00000000
  0.04100000 -0.19663273E+02  0.68316340E-01      0.00000000      0.00000000
  0.04120000 -0.19596155E+02  0.67825980E-01      0.00000000      0.00000000
  0.04140000 -0.19528643E+02  0.67330994E-01      0.00000000      0.00000000
  0.04160000 -0.19461460E+02  0.66787511E-01      0.00000000      0.00000000
  0.04180000 -0.19394608E+02  0.66316962E-01      0.00000000      0.00000000
  0.04200000 -0.19329243E+02  0.65826081E-01      0.00000000      0.00000000
  0.04220000 -0.19264273E+02  0.65336958E-01      0.00000000      0.00000000
  0.04240000 -0.19198555E+02  0.64891182E-01      0.00000000      0.00000000
  0.04260000 -0.19133537E+02  0.64425983E-01      0.00000000      0.00000000
  0.04280000 -0.19069429E+02  0.63940652E-01      0.00000000      0.00000000
  0.04300000 -0.19005478E+02  0.63469388E-01      0.00000000      0.00000000
  0.04320000 -0.18942200E+02  0.63038126E-01      0.00000000      0.00000000
  0.04340000 -0.18880020E+02  0.62614121E-01      0.00000000      0.00000000
  0.04360000 -0.18818226E+02  0.62171362E-01      0.00000000      0.00000000
  0.04380000 -0.18755249E+02  0.61714210E-01      0.00000000      0.00000000
  0.04400000 -0.18693178E+02  0.61269119E-01      0.00000000      0.00000000
  0.04420000 -0.18632141E+02  0.60846262E-01      0.00000000      0.00000000
  0.04440000 -0.18571342E+02  0.60417280E-01      0.00000000      0.00000000
  0.04460000 -0.18511368E+02  0.60019858E-01      0.00000000      0.00000000
  0.04480000 -0.18451904E+02  0.59575185E-01      0.00000000      0.00000000
  0.04500000 -0.18393112E+02  0.59173256E-01      0.00000000      0.00000000
  0.04520000 -0.18334614E+02  0.58751047E-01      0.00000000      0.00000000
  0.04539999 -0.18275635E+02  0.58367036E-01      0.00000000      0.00000000
  0.04560000 -0.18217367E+02  0.57982095E-01      0.00000000      0.00000000
  0.04580000 -0.18159761E+02  0.57569899E-01      0.00000000      0.00000000
  0.04600000 -0.18102451E+02  0.57186574E-01      0.00000000      0.00000000
  0.04620000 -0.18045055E+02  0.56785651E-01      0.00000000      0.00000000
  0.04640000 -0.17988379E+02  0.56410078E-01      0.00000000      0.00000000
  0.04660000 -0.17932087E+02  0.56029696E-01      0.00000000      0.00000000
  0.04680000 -0.17876003E+02  0.55609059E-01      0.00000000      0.00000000
  0.04700000 -0.17820471E+02  0.55247039E-01      0.00000000      0.00000000
  0.04720000 -0.17764469E+02  0.54905031E-01      0.00000000      0.00000000
  0.04740000 -0.17710609E+02  0.54519422E-01      0.00000000      0.00000000
  0.04759999 -0.17656204E+02  0.54176692E-01      0.00000000      0.00000000
  0.04780000 -0.17602270E+02  0.53807188E-01      0.00000000      0.00000000
  0.04800000 -0.17548557E+02  0.53463809E-01      0.00000000      0.00000000
  0.04820000 -0.17495037E+02  0.53107660E-01      0.00000000      0.00000000
  0.04840000 -0.17442991E+02  0.52768622E-01      0.00000000      0.00000000
  0.04860000 -0.17390295E+02  0.52413054E-01      0.00000000      0.00000000
  0.04880000 -0.17337900E+02  0.52094843E-01      0.00000000      0.00000000
  0.04899999 -0.17286085E+02  0.51736701E-01      0.00000000      0.00000000
  0.04920000 -0.17234392E+02  0.51406365E-01      0.00000000      0.00000000
  0.04940000 -0.17183437E+02  0.51046684E-01      0.00000000      0.00000000
  0.04960000 -0.17132732E+02  0.50759137E-01      0.00000000      0.00000000
  0.04979999 -0.17081667E+02  0.50414450E-01      0.00000000      0.00000000
  0.05000000 -0.17031242E+02  0.50087783E-01      0.00000000      0.00000000
  0.05020000 -0.16981045E+02  0.49784876E-01      0.00000000      0.00000000
  0.05040000 -0.16931921E+02  0.49478129E-01      0.00000000      0.00000000
  0.05060000 -0.16882690E+02  0.49144521E-01      0.00000000      0.00000000
  0.05080000 -0.16833509E+02  0.48844006E-01      0.00000000      0.00000000
  0.05100000 -0.16784710E+02  0.48526544E-01      0.00000000      0.00000000
  0.05119999 -0.16735676E+02  0.48227400E-01      0.00000000      0.00000000
  0.05140000 -0.16687572E+02  0.47927950E-01      0.00000000      0.00000000
  0.05160000 -0.16639700E+02  0.47614854E-01      0.00000000      0.00000000
  0.05180000 -0.16592072E+02  0.47302455E-01      0.00000000      0.00000000
  0.05199999 -0.16545246E+02  0.47019619E-01      0.00000000      0.00000000
  0.05220000 -0.16497883E+02  0.46737611E-01      0.00000000      0.00000000
  0.05240000 -0.16451841E+02  0.46472352E-01      0.00000000      0.00000000
  0.05260000 -0.16405783E+02  0.46173915E-01      0.00000000      0.00000000
  0.05280000 -0.16359724E+02  0.45900438E-01      0.00000000      0.00000000
  0.05300000 -0.16313925E+02  0.45620065E-01      0.00000000      0.00000000
  0.05320000 -0.16268299E+02  0.45362826E-01      0.00000000      0.00000000
  0.05339999 -0.16222198E+02  0.45060627E-01      0.00000000      0.00000000
  0.05360000 -0.16178017E+02  0.44794634E-01      0.00000000      0.00000000
  0.05380000 -0.16133995E+02  0.44521749E-01      0.00000000      0.00000000
  0.05400000 -0.16089058E+02  0.44265423E-01      0.00000000      0.00000000
  0.05420000 -0.16045097E+02  0.43977033E-01      0.00000000      0.00000000
  0.05440000 -0.16001308E+02  0.43703612E-01      0.00000000      0.00000000
  0.05460000 -0.15958345E+02  0.43484479E-01      0.00000000      0.00000000
  0.05480000 -0.15914353E+02  0.43186139E-01      0.00000000      0.00000000
  0.05500000 -0.15871429E+02  0.42913403E-01      0.00000000      0.00000000
  0.05520000 -0.15827928E+02  0.42672716E-01      0.00000000      0.00000000
  0.05540000 -0.15784916E+02  0.42429354E-01      0.00000000      0.00000000
  0.05560000 -0.15743020E+02  0.42202171E-01      0.00000000      0.00000000
  0.05580000 -0.15701235E+02  0.41944202E-01      0.00000000      0.00000000
  0.05600000 -0.15659637E+02  0.41720510E-01      0.00000000      0.00000000
  0.05620000 -0.15617677E+02  0.41465212E-01      0.00000000      0.00000000
  0.05640000 -0.15576384E+02  0.41210659E-01      0.00000000      0.00000000
  0.05660000 -0.15535240E+02  0.40965579E-01      0.00000000      0.00000000
  0.05680000 -0.15494237E+02  0.40733002E-01      0.00000000      0.00000000
  0.05700000 -0.15453881E+02  0.40513314E-01      0.00000000      0.00000000
  0.05720000 -0.15412876E+02  0.40271550E-01      0.00000000      0.00000000
  0.05740000 -0.15373079E+02  0.40055670E-01      0.00000000      0.00000000
  0.05760000 -0.15332966E+02  0.39825454E-01      0.00000000      0.00000000
  0.05780000 -0.15293335E+02  0.39582402E-01      0.00000000      0.00000000
  0.05800000 -0.15253624E+02  0.39351128E-01      0.00000000      0.00000000
  0.05819999 -0.15214422E+02  0.39139733E-01      0.00000000      0.00000000
  0.05840000 -0.15175700E+02  0.38934998E-01      0.00000000      0.00000000
  0.05860000 -0.15137139E+02  0.38713582E-01      0.00000000      0.00000000
  0.05880000 -0.15098661E+02  0.38499691E-01      0.00000000      0.00000000
  0.05900000 -0.15060214E+02  0.38266789E-01      0.00000000      0.00000000
  0.05920000 -0.15022304E+02  0.38056031E-01      0.00000000      0.00000000
  0.05940000 -0.14984069E+02  0.37849724E-01      0.00000000      0.00000000
  0.05960000 -0.14946095E+02  0.37647206E-01      0.00000000      0.00000000
  0.05980000 -0.14908600E+02  0.37422784E-01      0.00000000      0.00000000
  0.06000000 -0.14871156E+02  0.37217215E-01      0.00000000      0.00000000
  0.06020000 -0.14834160E+02  0.36990788E-01      0.00000000      0.00000000
  0.06039999 -0.14797747E+02  0.36800899E-01      0.00000000      0.00000000
  0.06060000 -0.14760546E+02  0.36602631E-01      0.00000000      0.00000000
  0.06080000 -0.14723938E+02  0.36414012E-01      0.00000000      0.00000000
  0.06100000 -0.14687380E+02  0.36207635E-01      0.00000000      0.00000000
  0.06119999 -0.14651814E+02  0.35993803E-01      0.00000000      0.00000000
  0.06140000 -0.14615716E+02  0.35799343E-01      0.00000000      0.00000000
  0.06160000 -0.14579977E+02  0.35622969E-01      0.00000000      0.00000000
  0.06180000 -0.14544947E+02  0.35442665E-01      0.00000000      0.00000000
  0.06200000 -0.14509729E+02  0.35237972E-01      0.00000000      0.00000000
  0.06220000 -0.14474589E+02  0.35085540E-01      0.00000000      0.00000000
  0.06240000 -0.14439778E+02  0.34880638E-01      0.00000000      0.00000000
  0.06259999 -0.14404658E+02  0.34700580E-01      0.00000000      0.00000000
  0.06280001 -0.14369968E+02  0.34494691E-01      0.00000000      0.00000000
  0.06300000 -0.14335781E+02  0.34302682E-01      0.00000000      0.00000000
  0.06320000 -0.14301297E+02  0.34149271E-01      0.00000000      0.00000000
  0.06339999 -0.14267050E+02  0.33958919E-01      0.00000000      0.00000000
  0.06360000 -0.14233162E+02  0.33764556E-01      0.00000000      0.00000000
  0.06380000 -0.14199594E+02  0.33588119E-01      0.00000000      0.00000000
  0.06400000 -0.14166371E+02  0.33418220E-01      0.00000000      0.00000000
  0.06420000 -0.14132913E+02  0.33249505E-01      0.00000000      0.00000000
  0.06440000 -0.14099864E+02  0.33081718E-01      0.00000000      0.00000000
  0.06460000 -0.14066825E+02  0.32906331E-01      0.00000000      0.00000000
  0.06479999 -0.14034104E+02  0.32721564E-01      0.00000000      0.00000000
  0.06500000 -0.14001822E+02  0.32566115E-01      0.00000000      0.00000000
  0.06520000 -0.13968905E+02  0.32396011E-01      0.00000000      0.00000000
  0.06540000 -0.13936833E+02  0.32236725E-01      0.00000000      0.00000000
  0.06559999 -0.13904369E+02  0.32065701E-01      0.00000000      0.00000000
  0.06580000 -0.13872297E+02  0.31900108E-01      0.00000000      0.00000000
  0.06600000 -0.13840406E+02  0.31734746E-01      0.00000000      0.00000000
  0.06620000 -0.13808931E+02  0.31573646E-01      0.00000000      0.00000000
  0.06640000 -0.13777088E+02  0.31421810E-01      0.00000000      0.00000000
  0.06660000 -0.13745457E+02  0.31275354E-01      0.00000000      0.00000000
  0.06680001 -0.13714515E+02  0.31109594E-01      0.00000000      0.00000000
  0.06699999 -0.13683946E+02  0.30955603E-01      0.00000000      0.00000000
  0.06720000 -0.13653159E+02  0.30782547E-01      0.00000000      0.00000000
  0.06739999 -0.13622409E+02  0.30620089E-01      0.00000000      0.00000000
  0.06760000 -0.13591756E+02  0.30487433E-01      0.00000000      0.00000000
  0.06780000 -0.13561397E+02  0.30329525E-01      0.00000000      0.00000000
  0.06800000 -0.13531291E+02  0.30170606E-01      0.00000000      0.00000000
  0.06820000 -0.13500661E+02  0.30010175E-01      0.00000000      0.00000000
  0.06840000 -0.13470730E+02  0.29874112E-01      0.00000000      0.00000000
  0.06859999 -0.13440647E+02  0.29732672E-01      0.00000000      0.00000000
  0.06880000 -0.13410980E+02  0.29573098E-01      0.00000000      0.00000000
  0.06900001 -0.13381474E+02  0.29429281E-01      0.00000000      0.00000000
  0.06919999 -0.13352253E+02  0.29293982E-01      0.00000000      0.00000000
  0.06940000 -0.13322962E+02  0.29149702E-01      0.00000000      0.00000000
  0.06960000 -0.13294079E+02  0.29012434E-01      0.00000000      0.00000000
  0.06980000 -0.13265213E+02  0.28866814E-01      0.00000000      0.00000000
  0.07000000 -0.13236599E+02  0.28721990E-01      0.00000000      0.00000000
  0.07020000 -0.13208271E+02  0.28583655E-01      0.00000000      0.00000000
  0.07040000 -0.13179619E+02  0.28422339E-01      0.00000000      0.00000000
  0.07060000 -0.13151147E+02  0.28312575E-01      0.00000000      0.00000000
  0.07079999 -0.13122796E+02  0.28169654E-01      0.00000000      0.00000000
  0.07099999 -0.13094761E+02  0.28033789E-01      0.00000000      0.00000000
  0.07120001 -0.13066649E+02  0.27913406E-01      0.00000000      0.00000000
  0.07139999 -0.13039444E+02  0.27772192E-01      0.00000000      0.00000000
  0.07160000 -0.13011284E+02  0.27629772E-01      0.00000000      0.00000000
  0.07180000 -0.12983957E+02  0.27507138E-01      0.00000000      0.00000000
  0.07200000 -0.12956607E+02  0.27380893E-01      0.00000000      0.00000000
  0.07220000 -0.12929411E+02  0.27247805E-01      0.00000000      0.00000000
  0.07239999 -0.12902771E+02  0.27103018E-01      0.00000000      0.00000000
  0.07260000 -0.12875638E+02  0.26970841E-01      0.00000000      0.00000000
  0.07280000 -0.12848619E+02  0.26848540E-01      0.00000000      0.00000000
  0.07299999 -0.12821737E+02  0.26747737E-01      0.00000000      0.00000000
  0.07319999 -0.12794831E+02  0.26620824E-01      0.00000000      0.00000000
  0.07340001 -0.12768225E+02  0.26488418E-01      0.00000000      0.00000000
  0.07359999 -0.12741627E+02  0.26368249E-01      0.00000000      0.00000000
  0.07380000 -0.12715274E+02  0.26241355E-01      0.00000000      0.00000000
  0.07400000 -0.12689085E+02  0.26124395E-01      0.00000000      0.00000000
  0.07420000 -0.12662953E+02  0.25989840E-01      0.00000000      0.00000000
  0.07440000 -0.12636903E+02  0.25868539E-01      0.00000000      0.00000000
  0.07460000 -0.12611263E+02  0.25745265E-01      0.00000000      0.00000000
  0.07480000 -0.12585717E+02  0.25627740E-01      0.00000000      0.00000000
  0.07500000 -0.12560418E+02  0.25494598E-01      0.00000000      0.00000000
  0.07519999 -0.12534883E+02  0.25403388E-01      0.00000000      0.00000000
  0.07539999 -0.12509693E+02  0.25284782E-01      0.00000000      0.00000000
  0.07560000 -0.12484539E+02  0.25159761E-01      0.00000000      0.00000000
  0.07579999 -0.12459598E+02  0.25054514E-01      0.00000000      0.00000000
  0.07600000 -0.12434288E+02  0.24936117E-01      0.00000000      0.00000000
  0.07620000 -0.12409609E+02  0.24807144E-01      0.00000000      0.00000000
  0.07640000 -0.12384984E+02  0.24693478E-01      0.00000000      0.00000000
  0.07660000 -0.12360279E+02  0.24598587E-01      0.00000000      0.00000000
  0.07680000 -0.12335636E+02  0.24488572E-01      0.00000000      0.00000000
  0.07699999 -0.12311407E+02  0.24384029E-01      0.00000000      0.00000000
  0.07720000 -0.12286663E+02  0.24258897E-01      0.00000000      0.00000000
  0.07739999 -0.12262502E+02  0.24156511E-01      0.00000000      0.00000000
  0.07759999 -0.12238263E+02  0.24055053E-01      0.00000000      0.00000000
  0.07780000 -0.12214329E+02  0.23944356E-01      0.00000000      0.00000000
  0.07799999 -0.12190727E+02  0.23862161E-01      0.00000000      0.00000000
  0.07820000 -0.12166850E+02  0.23744967E-01      0.00000000      0.00000000
  0.07840000 -0.12143047E+02  0.23626169E-01      0.00000000      0.00000000
  0.07860000 -0.12119316E+02  0.23522343E-01      0.00000000      0.00000000
  0.07880000 -0.12096128E+02  0.23420457E-01      0.00000000      0.00000000
  0.07900000 -0.12072769E+02  0.23309369E-01      0.00000000      0.00000000
  0.07919999 -0.12049537E+02  0.23213860E-01      0.00000000      0.00000000
  0.07940000 -0.12026337E+02  0.23101907E-01      0.00000000      0.00000000
  0.07960001 -0.12003356E+02  0.23006093E-01      0.00000000      0.00000000
  0.07979999 -0.11980284E+02  0.22906046E-01      0.00000000      0.00000000
