 -0.04000000  0.77523399E+02  0.11522052E+01      0.00000000      0.00000000
 -0.03980000  0.78705673E+02  0.11882164E+01      0.00000000      0.00000000
 -0.03960000  0.79917831E+02  0.12257550E+01      0.00000000      0.00000000
 -0.03940000  0.81170593E+02  0.12653093E+01      0.00000000      0.00000000
 -0.03920000  0.82455093E+02  0.13066065E+01      0.00000000      0.00000000
 -0.03900000  0.83787628E+02  0.13501444E+01      0.00000000      0.00000000
 -0.03880000  0.85135162E+02  0.13949704E+01      0.00000000      0.00000000
 -0.03860000  0.86556870E+02  0.14431331E+01      0.00000000      0.00000000
 -0.03840000  0.88024185E+02  0.14938781E+01      0.00000000      0.00000000
 -0.03820000  0.89538712E+02  0.15471485E+01      0.00000000      0.00000000
 -0.03800000  0.91123596E+02  0.16040428E+01      0.00000000      0.00000000
 -0.03780000  0.92744736E+02  0.16634583E+01      0.00000000      0.00000000
 -0.03760000  0.94419533E+02  0.17261424E+01      0.00000000      0.00000000
 -0.03740000  0.96174072E+02  0.17932556E+01      0.00000000      0.00000000
 -0.03720000  0.98014442E+02  0.18651121E+01      0.00000000      0.00000000
 -0.03700000  0.99912933E+02  0.19410594E+01      0.00000000      0.00000000
 -0.03680000  0.10188838E+03  0.20218246E+01      0.00000000      0.00000000
 -0.03660000  0.10394913E+03  0.21081300E+01      0.00000000      0.00000000
 -0.03640000  0.10610040E+03  0.22004471E+01      0.00000000      0.00000000
 -0.03620000  0.10835287E+03  0.22994194E+01      0.00000000      0.00000000
 -0.03600000  0.11072682E+03  0.24065011E+01      0.00000000      0.00000000
 -0.03580000  0.11317496E+03  0.25198600E+01      0.00000000      0.00000000
 -0.03560000  0.11577665E+03  0.26438627E+01      0.00000000      0.00000000
 -0.03540000  0.11849603E+03  0.27769632E+01      0.00000000      0.00000000
 -0.03520000  0.12132416E+03  0.29195538E+01      0.00000000      0.00000000
 -0.03500000  0.12431387E+03  0.30748978E+01      0.00000000      0.00000000
 -0.03480000  0.12746567E+03  0.32439659E+01      0.00000000      0.00000000
 -0.03460000  0.13078618E+03  0.34279804E+01      0.00000000      0.00000000
 -0.03440000  0.13429237E+03  0.36288753E+01      0.00000000      0.00000000
 -0.03420000  0.13799007E+03  0.38483167E+01      0.00000000      0.00000000
 -0.03400000  0.14195667E+03  0.40924163E+01      0.00000000      0.00000000
 -0.03380000  0.14617946E+03  0.43622704E+01      0.00000000      0.00000000
 -0.03360000  0.15077460E+03  0.46682377E+01      0.00000000      0.00000000
 -0.03340000  0.15560066E+03  0.50032406E+01      0.00000000      0.00000000
 -0.03320000  0.16076410E+03  0.53779154E+01      0.00000000      0.00000000
 -0.03300000  0.16628697E+03  0.57973909E+01      0.00000000      0.00000000
 -0.03280000  0.17228142E+03  0.62761755E+01      0.00000000      0.00000000
 -0.03260000  0.17875742E+03  0.68200121E+01      0.00000000      0.00000000
 -0.03240000  0.18586035E+03  0.74504271E+01      0.00000000      0.00000000
 -0.03220000  0.19361829E+03  0.81808624E+01      0.00000000      0.00000000
 -0.03200000  0.20221652E+03  0.90423527E+01      0.00000000      0.00000000
 -0.03180000  0.21174121E+03  0.10063889E+02      0.00000000      0.00000000
 -0.03160000  0.22228217E+03  0.11278938E+02      0.00000000      0.00000000
 -0.03140000  0.23416629E+03  0.12761063E+02      0.00000000      0.00000000
 -0.03120000  0.24759325E+03  0.14584775E+02      0.00000000      0.00000000
 -0.03100000  0.26308020E+03  0.16895454E+02      0.00000000      0.00000000
 -0.03080000  0.28088037E+03  0.19839119E+02      0.00000000      0.00000000
 -0.03060000  0.30226788E+03  0.23809025E+02      0.00000000      0.00000000
 -0.03040000  0.32802478E+03  0.29256088E+02      0.00000000      0.00000000
 -0.03020000  0.35968701E+03  0.37027100E+02      0.00000000      0.00000000
 -0.03000000  0.40074921E+03  0.49021126E+02      0.00000000      0.00000000
 -0.02980000  0.45511862E+03  0.68587753E+02      0.00000000      0.00000000
 -0.02960000  0.53192712E+03  0.10446997E+03      0.00000000      0.00000000
 -0.02940000  0.64745020E+03  0.18146393E+03      0.00000000      0.00000000
 -0.02920000  0.81468317E+03  0.37885852E+03      0.00000000      0.00000000
 -0.02900000  0.86158936E+03  0.96010400E+03      0.00000000      0.00000000
 -0.02880000 -0.15928049E+03  0.12829268E+04      0.00000000      0.00000000
 -0.02860000 -0.42162109E+03  0.53444226E+03      0.00000000      0.00000000
 -0.02840000 -0.23801970E+03  0.24465921E+03      0.00000000      0.00000000
 -0.02820000 -0.90903015E+02  0.14703824E+03      0.00000000      0.00000000
 -0.02800000  0.20609922E+02  0.10991473E+03      0.00000000      0.00000000
 -0.02780000  0.11625935E+03  0.99792725E+02      0.00000000      0.00000000
 -0.02760000  0.21122925E+03  0.10877145E+03      0.00000000      0.00000000
 -0.02740000  0.32269800E+03  0.14350592E+03      0.00000000      0.00000000
 -0.02720000  0.47170831E+03  0.23602792E+03      0.00000000      0.00000000
 -0.02700000  0.66330090E+03  0.50770633E+03      0.00000000      0.00000000
 -0.02680000  0.47753580E+03  0.12470094E+04      0.00000000      0.00000000
 -0.02660000 -0.58499591E+03  0.10147274E+04      0.00000000      0.00000000
 -0.02640000 -0.55426184E+03  0.40318530E+03      0.00000000      0.00000000
 -0.02620000 -0.37315350E+03  0.19823184E+03      0.00000000      0.00000000
 -0.02600000 -0.24371428E+03  0.12268057E+03      0.00000000      0.00000000
 -0.02580000 -0.14833817E+03  0.89505188E+02      0.00000000      0.00000000
 -0.02560000 -0.72338211E+02  0.74981216E+02      0.00000000      0.00000000
 -0.02540000 -0.40872574E+01  0.70595596E+02      0.00000000      0.00000000
 -0.02520000  0.65599678E+02  0.74553467E+02      0.00000000      0.00000000
 -0.02500000  0.14082509E+03  0.88525360E+02      0.00000000      0.00000000
 -0.02480000  0.23390439E+03  0.12015884E+03      0.00000000      0.00000000
 -0.02460000  0.36128119E+03  0.19262408E+03      0.00000000      0.00000000
 -0.02440000  0.53787146E+03  0.38340384E+03      0.00000000      0.00000000
 -0.02420000  0.59828296E+03  0.96786627E+03      0.00000000      0.00000000
 -0.02400000 -0.43566449E+03  0.12844204E+04      0.00000000      0.00000000
 -0.02380000 -0.67841309E+03  0.53144714E+03      0.00000000      0.00000000
 -0.02360000 -0.48975757E+03  0.24377100E+03      0.00000000      0.00000000
 -0.02340000 -0.33955182E+03  0.14509509E+03      0.00000000      0.00000000
 -0.02320000 -0.23012384E+03  0.10738853E+03      0.00000000      0.00000000
 -0.02300000 -0.13629156E+03  0.94846550E+02      0.00000000      0.00000000
 -0.02280000 -0.46467312E+02  0.99937851E+02      0.00000000      0.00000000
 -0.02260000  0.53231606E+02  0.12561229E+03      0.00000000      0.00000000
 -0.02240000  0.18134235E+03  0.19226529E+03      0.00000000      0.00000000
 -0.02220000  0.35989941E+03  0.38020203E+03      0.00000000      0.00000000
 -0.02200000  0.42318845E+03  0.95564679E+03      0.00000000      0.00000000
 -0.02180000 -0.60689685E+03  0.12960464E+04      0.00000000      0.00000000
 -0.02160000 -0.88030066E+03  0.52597266E+03      0.00000000      0.00000000
 -0.02140000 -0.70672272E+03  0.23370096E+03      0.00000000      0.00000000
 -0.02120000 -0.57354266E+03  0.12759261E+03      0.00000000      0.00000000
 -0.02100000 -0.48416357E+03  0.80217262E+02      0.00000000      0.00000000
 -0.02080000 -0.42198541E+03  0.55550674E+02      0.00000000      0.00000000
 -0.02060000 -0.37661053E+03  0.41192909E+02      0.00000000      0.00000000
 -0.02040000 -0.34129648E+03  0.31917850E+02      0.00000000      0.00000000
 -0.02020000 -0.31331836E+03  0.25650749E+02      0.00000000      0.00000000
 -0.02000000 -0.29069946E+03  0.21231188E+02      0.00000000      0.00000000
 -0.01980000 -0.27162585E+03  0.17929352E+02      0.00000000      0.00000000
 -0.01960000 -0.25518567E+03  0.15373955E+02      0.00000000      0.00000000
 -0.01940000 -0.24102917E+03  0.13378700E+02      0.00000000      0.00000000
 -0.01920000 -0.22868536E+03  0.11786658E+02      0.00000000      0.00000000
 -0.01900000 -0.21773224E+03  0.10483532E+02      0.00000000      0.00000000
 -0.01880000 -0.20777226E+03  0.93844128E+01      0.00000000      0.00000000
 -0.01860000 -0.19888181E+03  0.84696999E+01      0.00000000      0.00000000
 -0.01840000 -0.19095102E+03  0.77042952E+01      0.00000000      0.00000000
 -0.01820000 -0.18364069E+03  0.70399365E+01      0.00000000      0.00000000
 -0.01800000 -0.17699750E+03  0.64690981E+01      0.00000000      0.00000000
 -0.01780000 -0.17081226E+03  0.59648943E+01      0.00000000      0.00000000
 -0.01760000 -0.16508983E+03  0.55213418E+01      0.00000000      0.00000000
 -0.01740000 -0.15977219E+03  0.51284027E+01      0.00000000      0.00000000
 -0.01720000 -0.15481487E+03  0.47781591E+01      0.00000000      0.00000000
 -0.01700000 -0.15021881E+03  0.44672031E+01      0.00000000      0.00000000
 -0.01680000 -0.14585556E+03  0.41838255E+01      0.00000000      0.00000000
 -0.01660000 -0.14180685E+03  0.39310141E+01      0.00000000      0.00000000
 -0.01640000 -0.13795863E+03  0.36994300E+01      0.00000000      0.00000000
 -0.01620000 -0.13438158E+03  0.34918687E+01      0.00000000      0.00000000
 -0.01600000 -0.13103416E+03  0.33040464E+01      0.00000000      0.00000000
 -0.01580000 -0.12781894E+03  0.31295471E+01      0.00000000      0.00000000
 -0.01560000 -0.12475783E+03  0.29684343E+01      0.00000000      0.00000000
 -0.01540000 -0.12190279E+03  0.28227282E+01      0.00000000      0.00000000
 -0.01520000 -0.11912148E+03  0.26851492E+01      0.00000000      0.00000000
 -0.01500000 -0.11650982E+03  0.25596845E+01      0.00000000      0.00000000
 -0.01480000 -0.11400323E+03  0.24422483E+01      0.00000000      0.00000000
 -0.01460000 -0.11162585E+03  0.23337674E+01      0.00000000      0.00000000
 -0.01440000 -0.10932883E+03  0.22317610E+01      0.00000000      0.00000000
 -0.01420000 -0.10714325E+03  0.21372712E+01      0.00000000      0.00000000
 -0.01400000 -0.10504177E+03  0.20485940E+01      0.00000000      0.00000000
 -0.01380000 -0.10304837E+03  0.19664943E+01      0.00000000      0.00000000
 -0.01360000 -0.10110773E+03  0.18882920E+01      0.00000000      0.00000000
 -0.01340000 -0.99265228E+02  0.18157618E+01      0.00000000      0.00000000
 -0.01320000 -0.97476364E+02  0.17468150E+01      0.00000000      0.00000000
 -0.01300000 -0.95766319E+02  0.16824503E+01      0.00000000      0.00000000
 -0.01280000 -0.94126511E+02  0.16217613E+01      0.00000000      0.00000000
 -0.01260000 -0.92532288E+02  0.15640724E+01      0.00000000      0.00000000
 -0.01240000 -0.91001625E+02  0.15099131E+01      0.00000000      0.00000000
 -0.01220000 -0.89508598E+02  0.14578463E+01      0.00000000      0.00000000
 -0.01200000 -0.88070793E+02  0.14089136E+01      0.00000000      0.00000000
 -0.01180000 -0.86682571E+02  0.13624051E+01      0.00000000      0.00000000
 -0.01160000 -0.85331879E+02  0.13180287E+01      0.00000000      0.00000000
 -0.01140000 -0.84034393E+02  0.12761714E+01      0.00000000      0.00000000
 -0.01120000 -0.82783669E+02  0.12365024E+01      0.00000000      0.00000000
 -0.01100000 -0.81555786E+02  0.11981992E+01      0.00000000      0.00000000
 -0.01080000 -0.80387634E+02  0.11623678E+01      0.00000000      0.00000000
 -0.01060000 -0.79237038E+02  0.11277214E+01      0.00000000      0.00000000
 -0.01040000 -0.78131950E+02  0.10949292E+01      0.00000000      0.00000000
 -0.01020000 -0.77064438E+02  0.10638026E+01      0.00000000      0.00000000
 -0.01000000 -0.76015198E+02  0.10336788E+01      0.00000000      0.00000000
 -0.00980000 -0.75003601E+02  0.10050445E+01      0.00000000      0.00000000
 -0.00960000 -0.74020447E+02  0.97758770E+00      0.00000000      0.00000000
 -0.00940000 -0.73044907E+02  0.95087707E+00      0.00000000      0.00000000
 -0.00920000 -0.72105164E+02  0.92541468E+00      0.00000000      0.00000000
 -0.00900000 -0.71194176E+02  0.90108275E+00      0.00000000      0.00000000
 -0.00880000 -0.70312485E+02  0.87780356E+00      0.00000000      0.00000000
 -0.00860000 -0.69453506E+02  0.85550666E+00      0.00000000      0.00000000
 -0.00840000 -0.68602325E+02  0.83383471E+00      0.00000000      0.00000000
 -0.00820000 -0.67774132E+02  0.81293666E+00      0.00000000      0.00000000
 -0.00800000 -0.66972458E+02  0.79293561E+00      0.00000000      0.00000000
 -0.00780000 -0.66185699E+02  0.77361977E+00      0.00000000      0.00000000
 -0.00760000 -0.65421143E+02  0.75511009E+00      0.00000000      0.00000000
 -0.00740000 -0.64677528E+02  0.73734629E+00      0.00000000      0.00000000
 -0.00720000 -0.63947422E+02  0.72001982E+00      0.00000000      0.00000000
 -0.00700000 -0.63241528E+02  0.70353681E+00      0.00000000      0.00000000
 -0.00680000 -0.62545525E+02  0.68741345E+00      0.00000000      0.00000000
 -0.00660000 -0.61866798E+02  0.67197746E+00      0.00000000      0.00000000
 -0.00640000 -0.61203781E+02  0.65708977E+00      0.00000000      0.00000000
 -0.00620000 -0.60552792E+02  0.64257693E+00      0.00000000      0.00000000
 -0.00600000 -0.59906883E+02  0.62837070E+00      0.00000000      0.00000000
 -0.00580000 -0.59285065E+02  0.61484504E+00      0.00000000      0.00000000
 -0.00560000 -0.58680389E+02  0.60183072E+00      0.00000000      0.00000000
 -0.00540000 -0.58080006E+02  0.58908510E+00      0.00000000      0.00000000
 -0.00520000 -0.57498085E+02  0.57684582E+00      0.00000000      0.00000000
 -0.00500000 -0.56933414E+02  0.56510615E+00      0.00000000      0.00000000
 -0.00480000 -0.56378147E+02  0.55369979E+00      0.00000000      0.00000000
 -0.00460000 -0.55826084E+02  0.54245561E+00      0.00000000      0.00000000
 -0.00440000 -0.55292641E+02  0.53171492E+00      0.00000000      0.00000000
 -0.00420000 -0.54773731E+02  0.52135634E+00      0.00000000      0.00000000
 -0.00400000 -0.54254997E+02  0.51108462E+00      0.00000000      0.00000000
 -0.00380000 -0.53744789E+02  0.50109035E+00      0.00000000      0.00000000
 -0.00360000 -0.53247643E+02  0.49154869E+00      0.00000000      0.00000000
 -0.00340000 -0.52767220E+02  0.48235244E+00      0.00000000      0.00000000
 -0.00320000 -0.52288719E+02  0.47329229E+00      0.00000000      0.00000000
 -0.00300000 -0.51822708E+02  0.46459812E+00      0.00000000      0.00000000
 -0.00280000 -0.51365444E+02  0.45605421E+00      0.00000000      0.00000000
 -0.00260000 -0.50909901E+02  0.44767645E+00      0.00000000      0.00000000
 -0.00240000 -0.50460987E+02  0.43943819E+00      0.00000000      0.00000000
 -0.00220000 -0.50025066E+02  0.43155739E+00      0.00000000      0.00000000
 -0.00200000 -0.49595425E+02  0.42391449E+00      0.00000000      0.00000000
 -0.00180000 -0.49175266E+02  0.41645929E+00      0.00000000      0.00000000
 -0.00160000 -0.48763809E+02  0.40925381E+00      0.00000000      0.00000000
 -0.00140000 -0.48355270E+02  0.40216339E+00      0.00000000      0.00000000
 -0.00120000 -0.47958366E+02  0.39532053E+00      0.00000000      0.00000000
 -0.00100000 -0.47563457E+02  0.38857016E+00      0.00000000      0.00000000
 -0.00080000 -0.47182209E+02  0.38207498E+00      0.00000000      0.00000000
 -0.00060000 -0.46806236E+02  0.37574011E+00      0.00000000      0.00000000
 -0.00040000 -0.46432327E+02  0.36950266E+00      0.00000000      0.00000000
 -0.00020000 -0.46063366E+02  0.36344621E+00      0.00000000      0.00000000
  0.00000000 -0.45703381E+02  0.35754165E+00      0.00000000      0.00000000
  0.00020000 -0.45342537E+02  0.35171145E+00      0.00000000      0.00000000
  0.00040000 -0.44994934E+02  0.34609857E+00      0.00000000      0.00000000
  0.00060000 -0.44653397E+02  0.34062618E+00      0.00000000      0.00000000
  0.00080000 -0.44316589E+02  0.33526123E+00      0.00000000      0.00000000
  0.00100000 -0.43986588E+02  0.33011702E+00      0.00000000      0.00000000
  0.00120000 -0.43658104E+02  0.32501870E+00      0.00000000      0.00000000
  0.00140000 -0.43339069E+02  0.32008779E+00      0.00000000      0.00000000
  0.00160000 -0.43022575E+02  0.31527150E+00      0.00000000      0.00000000
  0.00180000 -0.42705753E+02  0.31039315E+00      0.00000000      0.00000000
  0.00200000 -0.42395340E+02  0.30567852E+00      0.00000000      0.00000000
  0.00220000 -0.42091629E+02  0.30114168E+00      0.00000000      0.00000000
  0.00240000 -0.41794762E+02  0.29672596E+00      0.00000000      0.00000000
  0.00260000 -0.41501740E+02  0.29240549E+00      0.00000000      0.00000000
  0.00280000 -0.41212154E+02  0.28815699E+00      0.00000000      0.00000000
  0.00300000 -0.40926399E+02  0.28398770E+00      0.00000000      0.00000000
  0.00320000 -0.40642296E+02  0.27985400E+00      0.00000000      0.00000000
  0.00340000 -0.40362965E+02  0.27585235E+00      0.00000000      0.00000000
  0.00360000 -0.40091583E+02  0.27202272E+00      0.00000000      0.00000000
  0.00380000 -0.39822289E+02  0.26824173E+00      0.00000000      0.00000000
  0.00400000 -0.39556011E+02  0.26447311E+00      0.00000000      0.00000000
  0.00420000 -0.39292763E+02  0.26078862E+00      0.00000000      0.00000000
  0.00440000 -0.39033798E+02  0.25722519E+00      0.00000000      0.00000000
  0.00460000 -0.38778965E+02  0.25373563E+00      0.00000000      0.00000000
  0.00480000 -0.38527954E+02  0.25029507E+00      0.00000000      0.00000000
  0.00500000 -0.38279881E+02  0.24693659E+00      0.00000000      0.00000000
  0.00520000 -0.38035748E+02  0.24366823E+00      0.00000000      0.00000000
  0.00540000 -0.37793739E+02  0.24044058E+00      0.00000000      0.00000000
  0.00560000 -0.37557980E+02  0.23729743E+00      0.00000000      0.00000000
  0.00580000 -0.37320442E+02  0.23416856E+00      0.00000000      0.00000000
  0.00600000 -0.37089066E+02  0.23114862E+00      0.00000000      0.00000000
  0.00620000 -0.36859169E+02  0.22819795E+00      0.00000000      0.00000000
  0.00640000 -0.36633537E+02  0.22528690E+00      0.00000000      0.00000000
  0.00660000 -0.36407669E+02  0.22236519E+00      0.00000000      0.00000000
  0.00680000 -0.36185051E+02  0.21952079E+00      0.00000000      0.00000000
  0.00700000 -0.35966957E+02  0.21678542E+00      0.00000000      0.00000000
  0.00720000 -0.35751953E+02  0.21408352E+00      0.00000000      0.00000000
  0.00740000 -0.35540295E+02  0.21140793E+00      0.00000000      0.00000000
  0.00760000 -0.35330452E+02  0.20880032E+00      0.00000000      0.00000000
  0.00780000 -0.35121910E+02  0.20623577E+00      0.00000000      0.00000000
  0.00800000 -0.34917763E+02  0.20370257E+00      0.00000000      0.00000000
  0.00820000 -0.34715477E+02  0.20124474E+00      0.00000000      0.00000000
  0.00840000 -0.34515900E+02  0.19880417E+00      0.00000000      0.00000000
  0.00860000 -0.34316177E+02  0.19640586E+00      0.00000000      0.00000000
  0.00880000 -0.34120087E+02  0.19405383E+00      0.00000000      0.00000000
  0.00900000 -0.33927521E+02  0.19178140E+00      0.00000000      0.00000000
  0.00920000 -0.33736576E+02  0.18949503E+00      0.00000000      0.00000000
  0.00940000 -0.33545425E+02  0.18725219E+00      0.00000000      0.00000000
  0.00960000 -0.33359146E+02  0.18506813E+00      0.00000000      0.00000000
  0.00980000 -0.33174911E+02  0.18295467E+00      0.00000000      0.00000000
  0.01000000 -0.32997124E+02  0.18090668E+00      0.00000000      0.00000000
  0.01020000 -0.32819054E+02  0.17882425E+00      0.00000000      0.00000000
  0.01040000 -0.32639805E+02  0.17678747E+00      0.00000000      0.00000000
  0.01060000 -0.32465157E+02  0.17484799E+00      0.00000000      0.00000000
  0.01080000 -0.32289421E+02  0.17286944E+00      0.00000000      0.00000000
  0.01100000 -0.32118465E+02  0.17092663E+00      0.00000000      0.00000000
  0.01120000 -0.31949245E+02  0.16901708E+00      0.00000000      0.00000000
  0.01140000 -0.31780476E+02  0.16716963E+00      0.00000000      0.00000000
  0.01160000 -0.31614052E+02  0.16532278E+00      0.00000000      0.00000000
  0.01180000 -0.31451431E+02  0.16352916E+00      0.00000000      0.00000000
  0.01200000 -0.31288040E+02  0.16173553E+00      0.00000000      0.00000000
  0.01220000 -0.31126535E+02  0.15999109E+00      0.00000000      0.00000000
  0.01240000 -0.30967390E+02  0.15828484E+00      0.00000000      0.00000000
  0.01260000 -0.30807943E+02  0.15658069E+00      0.00000000      0.00000000
  0.01280000 -0.30653019E+02  0.15490139E+00      0.00000000      0.00000000
  0.01300000 -0.30499504E+02  0.15326262E+00      0.00000000      0.00000000
  0.01320000 -0.30346058E+02  0.15163028E+00      0.00000000      0.00000000
  0.01340000 -0.30194386E+02  0.15004295E+00      0.00000000      0.00000000
  0.01360000 -0.30046406E+02  0.14851314E+00      0.00000000      0.00000000
  0.01380000 -0.29899563E+02  0.14699179E+00      0.00000000      0.00000000
  0.01400000 -0.29753040E+02  0.14548707E+00      0.00000000      0.00000000
  0.01420000 -0.29607620E+02  0.14399898E+00      0.00000000      0.00000000
  0.01440000 -0.29464779E+02  0.14250278E+00      0.00000000      0.00000000
  0.01460000 -0.29323059E+02  0.14106321E+00      0.00000000      0.00000000
  0.01480000 -0.29182365E+02  0.13964856E+00      0.00000000      0.00000000
  0.01500000 -0.29043751E+02  0.13826978E+00      0.00000000      0.00000000
  0.01520000 -0.28906796E+02  0.13690054E+00      0.00000000      0.00000000
  0.01540000 -0.28769180E+02  0.13549423E+00      0.00000000      0.00000000
  0.01560000 -0.28635323E+02  0.13415456E+00      0.00000000      0.00000000
  0.01580000 -0.28501423E+02  0.13284409E+00      0.00000000      0.00000000
  0.01600000 -0.28369728E+02  0.13153815E+00      0.00000000      0.00000000
  0.01619999 -0.28239193E+02  0.13026321E+00      0.00000000      0.00000000
  0.01640000 -0.28108837E+02  0.12898898E+00      0.00000000      0.00000000
  0.01660000 -0.27980415E+02  0.12774682E+00      0.00000000      0.00000000
  0.01680000 -0.27854271E+02  0.12652636E+00      0.00000000      0.00000000
  0.01700000 -0.27727791E+02  0.12533259E+00      0.00000000      0.00000000
  0.01720000 -0.27601440E+02  0.12412286E+00      0.00000000      0.00000000
  0.01740000 -0.27479187E+02  0.12292886E+00      0.00000000      0.00000000
  0.01760000 -0.27356628E+02  0.12178898E+00      0.00000000      0.00000000
  0.01780000 -0.27235481E+02  0.12063813E+00      0.00000000      0.00000000
  0.01800000 -0.27114243E+02  0.11951208E+00      0.00000000      0.00000000
  0.01820000 -0.26995438E+02  0.11842060E+00      0.00000000      0.00000000
  0.01840000 -0.26877090E+02  0.11731100E+00      0.00000000      0.00000000
  0.01860000 -0.26760277E+02  0.11623669E+00      0.00000000      0.00000000
  0.01880000 -0.26646515E+02  0.11518812E+00      0.00000000      0.00000000
  0.01900000 -0.26532990E+02  0.11417198E+00      0.00000000      0.00000000
  0.01920000 -0.26418358E+02  0.11313391E+00      0.00000000      0.00000000
  0.01940000 -0.26303070E+02  0.11206532E+00      0.00000000      0.00000000
  0.01960000 -0.26191689E+02  0.11105061E+00      0.00000000      0.00000000
  0.01980000 -0.26081047E+02  0.11002922E+00      0.00000000      0.00000000
  0.02000000 -0.25972397E+02  0.10908031E+00      0.00000000      0.00000000
  0.02020000 -0.25862854E+02  0.10810089E+00      0.00000000      0.00000000
  0.02040000 -0.25755707E+02  0.10714531E+00      0.00000000      0.00000000
  0.02060000 -0.25648544E+02  0.10621262E+00      0.00000000      0.00000000
  0.02080000 -0.25542419E+02  0.10524940E+00      0.00000000      0.00000000
  0.02100000 -0.25438202E+02  0.10435486E+00      0.00000000      0.00000000
  0.02120000 -0.25334717E+02  0.10346222E+00      0.00000000      0.00000000
  0.02140000 -0.25232697E+02  0.10256195E+00      0.00000000      0.00000000
  0.02160000 -0.25130432E+02  0.10165405E+00      0.00000000      0.00000000
  0.02180000 -0.25027863E+02  0.10083008E+00      0.00000000      0.00000000
  0.02200000 -0.24927475E+02  0.99975586E-01      0.00000000      0.00000000
  0.02220000 -0.24829376E+02  0.99090576E-01      0.00000000      0.00000000
  0.02240000 -0.24729156E+02  0.98243713E-01      0.00000000      0.00000000
  0.02260000 -0.24631207E+02  0.97408295E-01      0.00000000      0.00000000
  0.02280000 -0.24534569E+02  0.96599579E-01      0.00000000      0.00000000
  0.02300000 -0.24438431E+02  0.95806122E-01      0.00000000      0.00000000
  0.02320000 -0.24342865E+02  0.95027924E-01      0.00000000      0.00000000
  0.02340000 -0.24247452E+02  0.94230652E-01      0.00000000      0.00000000
  0.02360000 -0.24153656E+02  0.93437195E-01      0.00000000      0.00000000
  0.02380000 -0.24060242E+02  0.92620850E-01      0.00000000      0.00000000
  0.02400000 -0.23968277E+02  0.91857910E-01      0.00000000      0.00000000
  0.02420000 -0.23877197E+02  0.91217041E-01      0.00000000      0.00000000
  0.02440000 -0.23786896E+02  0.90438843E-01      0.00000000      0.00000000
  0.02460000 -0.23696426E+02  0.89706421E-01      0.00000000      0.00000000
  0.02480000 -0.23607613E+02  0.88973999E-01      0.00000000      0.00000000
  0.02500000 -0.23519035E+02  0.88256836E-01      0.00000000      0.00000000
  0.02520000 -0.23430639E+02  0.87558746E-01      0.00000000      0.00000000
  0.02540000 -0.23343006E+02  0.86860657E-01      0.00000000      0.00000000
  0.02560000 -0.23257252E+02  0.86185455E-01      0.00000000      0.00000000
  0.02580000 -0.23172226E+02  0.85502625E-01      0.00000000      0.00000000
  0.02600000 -0.23087784E+02  0.84835052E-01      0.00000000      0.00000000
  0.02620000 -0.23003494E+02  0.84167480E-01      0.00000000      0.00000000
  0.02640000 -0.22917938E+02  0.83511353E-01      0.00000000      0.00000000
  0.02660000 -0.22836395E+02  0.82885742E-01      0.00000000      0.00000000
  0.02680000 -0.22753738E+02  0.82153320E-01      0.00000000      0.00000000
  0.02700000 -0.22672424E+02  0.81604004E-01      0.00000000      0.00000000
  0.02720000 -0.22591064E+02  0.80970764E-01      0.00000000      0.00000000
  0.02740000 -0.22509705E+02  0.80345154E-01      0.00000000      0.00000000
  0.02760000 -0.22429657E+02  0.79727173E-01      0.00000000      0.00000000
  0.02780000 -0.22351429E+02  0.79139709E-01      0.00000000      0.00000000
  0.02800000 -0.22272209E+02  0.78525543E-01      0.00000000      0.00000000
  0.02820000 -0.22194313E+02  0.77926636E-01      0.00000000      0.00000000
  0.02840000 -0.22116554E+02  0.77354431E-01      0.00000000      0.00000000
  0.02860000 -0.22038498E+02  0.76782227E-01      0.00000000      0.00000000
  0.02880000 -0.21961540E+02  0.76171875E-01      0.00000000      0.00000000
  0.02900000 -0.21885468E+02  0.75622559E-01      0.00000000      0.00000000
  0.02920000 -0.21810577E+02  0.75088501E-01      0.00000000      0.00000000
  0.02940000 -0.21736023E+02  0.74516296E-01      0.00000000      0.00000000
  0.02959999 -0.21662094E+02  0.73963165E-01      0.00000000      0.00000000
  0.02980000 -0.21588120E+02  0.73425293E-01      0.00000000      0.00000000
  0.03000000 -0.21514893E+02  0.72883606E-01      0.00000000      0.00000000
  0.03020000 -0.21442764E+02  0.72345734E-01      0.00000000      0.00000000
  0.03040000 -0.21371185E+02  0.71846008E-01      0.00000000      0.00000000
  0.03060000 -0.21299759E+02  0.71320534E-01      0.00000000      0.00000000
  0.03080000 -0.21227921E+02  0.70810318E-01      0.00000000      0.00000000
  0.03100000 -0.21157349E+02  0.70299149E-01      0.00000000      0.00000000
  0.03120000 -0.21086533E+02  0.69786549E-01      0.00000000      0.00000000
  0.03140000 -0.21017105E+02  0.69300652E-01      0.00000000      0.00000000
  0.03160000 -0.20947708E+02  0.68816662E-01      0.00000000      0.00000000
  0.03179999 -0.20879425E+02  0.68320751E-01      0.00000000      0.00000000
  0.03200001 -0.20812119E+02  0.67851543E-01      0.00000000      0.00000000
  0.03220000 -0.20744843E+02  0.67373276E-01      0.00000000      0.00000000
  0.03240000 -0.20677559E+02  0.66891909E-01      0.00000000      0.00000000
  0.03260000 -0.20610916E+02  0.66416264E-01      0.00000000      0.00000000
  0.03280000 -0.20544189E+02  0.65953970E-01      0.00000000      0.00000000
  0.03300000 -0.20477699E+02  0.65511942E-01      0.00000000      0.00000000
  0.03320000 -0.20412697E+02  0.65063953E-01      0.00000000      0.00000000
  0.03340000 -0.20348335E+02  0.64610004E-01      0.00000000      0.00000000
  0.03360000 -0.20283730E+02  0.64189434E-01      0.00000000      0.00000000
  0.03380000 -0.20219692E+02  0.63755989E-01      0.00000000      0.00000000
  0.03399999 -0.20156303E+02  0.63313723E-01      0.00000000      0.00000000
  0.03420001 -0.20093254E+02  0.62881112E-01      0.00000000      0.00000000
  0.03440000 -0.20030548E+02  0.62457442E-01      0.00000000      0.00000000
  0.03460000 -0.19968224E+02  0.62029839E-01      0.00000000      0.00000000
  0.03479999 -0.19907116E+02  0.61610579E-01      0.00000000      0.00000000
  0.03500000 -0.19845409E+02  0.61190844E-01      0.00000000      0.00000000
  0.03520000 -0.19783882E+02  0.60799837E-01      0.00000000      0.00000000
  0.03540000 -0.19722904E+02  0.60400844E-01      0.00000000      0.00000000
  0.03560000 -0.19663097E+02  0.59989452E-01      0.00000000      0.00000000
  0.03580000 -0.19603397E+02  0.59576392E-01      0.00000000      0.00000000
  0.03600000 -0.19544369E+02  0.59176326E-01      0.00000000      0.00000000
  0.03619999 -0.19485287E+02  0.58820605E-01      0.00000000      0.00000000
  0.03640000 -0.19426674E+02  0.58445334E-01      0.00000000      0.00000000
  0.03660000 -0.19368122E+02  0.58037639E-01      0.00000000      0.00000000
  0.03680000 -0.19310310E+02  0.57672501E-01      0.00000000      0.00000000
  0.03700000 -0.19253006E+02  0.57298183E-01      0.00000000      0.00000000
  0.03720000 -0.19196083E+02  0.56933999E-01      0.00000000      0.00000000
  0.03740000 -0.19138855E+02  0.56558788E-01      0.00000000      0.00000000
  0.03760000 -0.19082840E+02  0.56209862E-01      0.00000000      0.00000000
  0.03780000 -0.19027016E+02  0.55840135E-01      0.00000000      0.00000000
  0.03800000 -0.18971085E+02  0.55473804E-01      0.00000000      0.00000000
  0.03820000 -0.18915901E+02  0.55135489E-01      0.00000000      0.00000000
  0.03839999 -0.18860435E+02  0.54799497E-01      0.00000000      0.00000000
  0.03860000 -0.18806042E+02  0.54436803E-01      0.00000000      0.00000000
  0.03880000 -0.18752472E+02  0.54082692E-01      0.00000000      0.00000000
  0.03900000 -0.18698624E+02  0.53754449E-01      0.00000000      0.00000000
  0.03920000 -0.18644873E+02  0.53416431E-01      0.00000000      0.00000000
  0.03940000 -0.18591419E+02  0.53095758E-01      0.00000000      0.00000000
  0.03960000 -0.18538963E+02  0.52765846E-01      0.00000000      0.00000000
  0.03980000 -0.18486151E+02  0.52429438E-01      0.00000000      0.00000000
  0.04000000 -0.18434345E+02  0.52117646E-01      0.00000000      0.00000000
  0.04020000 -0.18382227E+02  0.51790774E-01      0.00000000      0.00000000
  0.04040000 -0.18330261E+02  0.51473618E-01      0.00000000      0.00000000
  0.04060000 -0.18278767E+02  0.51154196E-01      0.00000000      0.00000000
  0.04080000 -0.18227732E+02  0.50824523E-01      0.00000000      0.00000000
  0.04100000 -0.18177467E+02  0.50524861E-01      0.00000000      0.00000000
  0.04120000 -0.18127012E+02  0.50233006E-01      0.00000000      0.00000000
  0.04140000 -0.18077347E+02  0.49931109E-01      0.00000000      0.00000000
  0.04160000 -0.18027901E+02  0.49621731E-01      0.00000000      0.00000000
  0.04180000 -0.17978069E+02  0.49326032E-01      0.00000000      0.00000000
  0.04200000 -0.17929506E+02  0.49031734E-01      0.00000000      0.00000000
  0.04220000 -0.17881210E+02  0.48749447E-01      0.00000000      0.00000000
  0.04240000 -0.17832067E+02  0.48454642E-01      0.00000000      0.00000000
  0.04260000 -0.17783562E+02  0.48163533E-01      0.00000000      0.00000000
  0.04280000 -0.17735540E+02  0.47878414E-01      0.00000000      0.00000000
  0.04300000 -0.17687302E+02  0.47603637E-01      0.00000000      0.00000000
  0.04320000 -0.17640522E+02  0.47313154E-01      0.00000000      0.00000000
  0.04340000 -0.17592920E+02  0.47034711E-01      0.00000000      0.00000000
  0.04360000 -0.17545835E+02  0.46750873E-01      0.00000000      0.00000000
  0.04380000 -0.17499540E+02  0.46482801E-01      0.00000000      0.00000000
  0.04400000 -0.17453249E+02  0.46206504E-01      0.00000000      0.00000000
  0.04420000 -0.17407398E+02  0.45934707E-01      0.00000000      0.00000000
  0.04440000 -0.17360916E+02  0.45659781E-01      0.00000000      0.00000000
  0.04460000 -0.17315020E+02  0.45397490E-01      0.00000000      0.00000000
  0.04480000 -0.17269693E+02  0.45148164E-01      0.00000000      0.00000000
  0.04500000 -0.17224461E+02  0.44886768E-01      0.00000000      0.00000000
  0.04520000 -0.17179808E+02  0.44636011E-01      0.00000000      0.00000000
  0.04539999 -0.17135460E+02  0.44377387E-01      0.00000000      0.00000000
  0.04560000 -0.17091591E+02  0.44128150E-01      0.00000000      0.00000000
  0.04580000 -0.17047028E+02  0.43866396E-01      0.00000000      0.00000000
  0.04600000 -0.17003391E+02  0.43630034E-01      0.00000000      0.00000000
  0.04620000 -0.16959631E+02  0.43387279E-01      0.00000000      0.00000000
  0.04640000 -0.16916443E+02  0.43134153E-01      0.00000000      0.00000000
  0.04660000 -0.16873770E+02  0.42896375E-01      0.00000000      0.00000000
  0.04680000 -0.16831079E+02  0.42662352E-01      0.00000000      0.00000000
  0.04700000 -0.16788773E+02  0.42421237E-01      0.00000000      0.00000000
  0.04720000 -0.16746759E+02  0.42194113E-01      0.00000000      0.00000000
  0.04740000 -0.16704008E+02  0.41946560E-01      0.00000000      0.00000000
  0.04759999 -0.16662018E+02  0.41705176E-01      0.00000000      0.00000000
  0.04780000 -0.16620089E+02  0.41477099E-01      0.00000000      0.00000000
  0.04800000 -0.16579567E+02  0.41272387E-01      0.00000000      0.00000000
  0.04820000 -0.16538538E+02  0.41023731E-01      0.00000000      0.00000000
  0.04840000 -0.16497272E+02  0.40795982E-01      0.00000000      0.00000000
  0.04860000 -0.16456367E+02  0.40579438E-01      0.00000000      0.00000000
  0.04880000 -0.16415466E+02  0.40346637E-01      0.00000000      0.00000000
  0.04899999 -0.16375229E+02  0.40135369E-01      0.00000000      0.00000000
  0.04920000 -0.16335062E+02  0.39922923E-01      0.00000000      0.00000000
  0.04940000 -0.16295259E+02  0.39705276E-01      0.00000000      0.00000000
  0.04960000 -0.16255640E+02  0.39488241E-01      0.00000000      0.00000000
  0.04979999 -0.16216202E+02  0.39261535E-01      0.00000000      0.00000000
  0.05000000 -0.16177582E+02  0.39057389E-01      0.00000000      0.00000000
  0.05020000 -0.16138355E+02  0.38843885E-01      0.00000000      0.00000000
  0.05040000 -0.16099556E+02  0.38646251E-01      0.00000000      0.00000000
  0.05060000 -0.16060740E+02  0.38444370E-01      0.00000000      0.00000000
  0.05080000 -0.16022144E+02  0.38242698E-01      0.00000000      0.00000000
  0.05100000 -0.15984695E+02  0.38041189E-01      0.00000000      0.00000000
  0.05119999 -0.15946729E+02  0.37830964E-01      0.00000000      0.00000000
  0.05140000 -0.15909011E+02  0.37615955E-01      0.00000000      0.00000000
  0.05160000 -0.15871370E+02  0.37434161E-01      0.00000000      0.00000000
  0.05180000 -0.15834134E+02  0.37246764E-01      0.00000000      0.00000000
  0.05199999 -0.15796321E+02  0.37060246E-01      0.00000000      0.00000000
  0.05220000 -0.15759323E+02  0.36860585E-01      0.00000000      0.00000000
  0.05240000 -0.15722414E+02  0.36663905E-01      0.00000000      0.00000000
  0.05260000 -0.15685681E+02  0.36474451E-01      0.00000000      0.00000000
  0.05280000 -0.15649328E+02  0.36285669E-01      0.00000000      0.00000000
  0.05300000 -0.15613501E+02  0.36084786E-01      0.00000000      0.00000000
  0.05320000 -0.15577975E+02  0.35902977E-01      0.00000000      0.00000000
  0.05339999 -0.15542178E+02  0.35741001E-01      0.00000000      0.00000000
  0.05360000 -0.15506386E+02  0.35568208E-01      0.00000000      0.00000000
  0.05380000 -0.15471193E+02  0.35369873E-01      0.00000000      0.00000000
  0.05400000 -0.15436098E+02  0.35174169E-01      0.00000000      0.00000000
  0.05420000 -0.15401129E+02  0.34987636E-01      0.00000000      0.00000000
  0.05440000 -0.15365984E+02  0.34818567E-01      0.00000000      0.00000000
  0.05460000 -0.15331125E+02  0.34644701E-01      0.00000000      0.00000000
  0.05480000 -0.15296330E+02  0.34460396E-01      0.00000000      0.00000000
  0.05500000 -0.15261868E+02  0.34289770E-01      0.00000000      0.00000000
  0.05520000 -0.15228096E+02  0.34118459E-01      0.00000000      0.00000000
  0.05540000 -0.15193666E+02  0.33941641E-01      0.00000000      0.00000000
  0.05560000 -0.15160200E+02  0.33790298E-01      0.00000000      0.00000000
  0.05580000 -0.15126787E+02  0.33626162E-01      0.00000000      0.00000000
  0.05600000 -0.15093206E+02  0.33452526E-01      0.00000000      0.00000000
  0.05620000 -0.15059839E+02  0.33287011E-01      0.00000000      0.00000000
  0.05640000 -0.15026832E+02  0.33128768E-01      0.00000000      0.00000000
  0.05660000 -0.14993487E+02  0.32971360E-01      0.00000000      0.00000000
  0.05680000 -0.14960704E+02  0.32795921E-01      0.00000000      0.00000000
  0.05700000 -0.14927729E+02  0.32628603E-01      0.00000000      0.00000000
  0.05720000 -0.14895352E+02  0.32466464E-01      0.00000000      0.00000000
  0.05740000 -0.14862583E+02  0.32309018E-01      0.00000000      0.00000000
  0.05760000 -0.14830282E+02  0.32150388E-01      0.00000000      0.00000000
  0.05780000 -0.14798348E+02  0.31994939E-01      0.00000000      0.00000000
  0.05800000 -0.14766322E+02  0.31835675E-01      0.00000000      0.00000000
  0.05819999 -0.14733950E+02  0.31680368E-01      0.00000000      0.00000000
  0.05840000 -0.14702649E+02  0.31525612E-01      0.00000000      0.00000000
  0.05860000 -0.14671432E+02  0.31385176E-01      0.00000000      0.00000000
  0.05880000 -0.14640247E+02  0.31233281E-01      0.00000000      0.00000000
  0.05900000 -0.14609048E+02  0.31085886E-01      0.00000000      0.00000000
  0.05920000 -0.14577978E+02  0.30929267E-01      0.00000000      0.00000000
  0.05940000 -0.14546806E+02  0.30779444E-01      0.00000000      0.00000000
  0.05960000 -0.14516362E+02  0.30630156E-01      0.00000000      0.00000000
  0.05980000 -0.14486001E+02  0.30494101E-01      0.00000000      0.00000000
  0.06000000 -0.14455640E+02  0.30347496E-01      0.00000000      0.00000000
  0.06020000 -0.14425386E+02  0.30210175E-01      0.00000000      0.00000000
  0.06039999 -0.14395475E+02  0.30078225E-01      0.00000000      0.00000000
  0.06060000 -0.14365387E+02  0.29928096E-01      0.00000000      0.00000000
  0.06080000 -0.14335607E+02  0.29780261E-01      0.00000000      0.00000000
  0.06100000 -0.14305867E+02  0.29634818E-01      0.00000000      0.00000000
  0.06119999 -0.14276419E+02  0.29493012E-01      0.00000000      0.00000000
  0.06140000 -0.14246912E+02  0.29365636E-01      0.00000000      0.00000000
  0.06160000 -0.14217253E+02  0.29233903E-01      0.00000000      0.00000000
  0.06180000 -0.14187908E+02  0.29093169E-01      0.00000000      0.00000000
  0.06200000 -0.14158703E+02  0.28953716E-01      0.00000000      0.00000000
  0.06220000 -0.14129879E+02  0.28816201E-01      0.00000000      0.00000000
  0.06240000 -0.14101072E+02  0.28669678E-01      0.00000000      0.00000000
  0.06259999 -0.14072757E+02  0.28549746E-01      0.00000000      0.00000000
  0.06280001 -0.14044380E+02  0.28427765E-01      0.00000000      0.00000000
  0.06300000 -0.14015965E+02  0.28296076E-01      0.00000000      0.00000000
  0.06320000 -0.13987654E+02  0.28162509E-01      0.00000000      0.00000000
  0.06339999 -0.13959672E+02  0.28018899E-01      0.00000000      0.00000000
  0.06360000 -0.13931544E+02  0.27908109E-01      0.00000000      0.00000000
  0.06380000 -0.13903866E+02  0.27790196E-01      0.00000000      0.00000000
  0.06400000 -0.13876297E+02  0.27653806E-01      0.00000000      0.00000000
  0.06420000 -0.13848562E+02  0.27531665E-01      0.00000000      0.00000000
  0.06440000 -0.13820995E+02  0.27413700E-01      0.00000000      0.00000000
  0.06460000 -0.13793821E+02  0.27286399E-01      0.00000000      0.00000000
  0.06479999 -0.13766711E+02  0.27154531E-01      0.00000000      0.00000000
  0.06500000 -0.13739677E+02  0.27024601E-01      0.00000000      0.00000000
  0.06520000 -0.13712810E+02  0.26913118E-01      0.00000000      0.00000000
  0.06540000 -0.13685631E+02  0.26796538E-01      0.00000000      0.00000000
  0.06559999 -0.13659341E+02  0.26684806E-01      0.00000000      0.00000000
  0.06580000 -0.13632875E+02  0.26562996E-01      0.00000000      0.00000000
  0.06600000 -0.13606089E+02  0.26447210E-01      0.00000000      0.00000000
  0.06620000 -0.13579767E+02  0.26326016E-01      0.00000000      0.00000000
  0.06640000 -0.13553341E+02  0.26207969E-01      0.00000000      0.00000000
  0.06660000 -0.13527339E+02  0.26084781E-01      0.00000000      0.00000000
  0.06680001 -0.13501270E+02  0.25971428E-01      0.00000000      0.00000000
  0.06699999 -0.13475536E+02  0.25880396E-01      0.00000000      0.00000000
  0.06720000 -0.13449533E+02  0.25757030E-01      0.00000000      0.00000000
  0.06739999 -0.13423671E+02  0.25637560E-01      0.00000000      0.00000000
  0.06760000 -0.13398543E+02  0.25532037E-01      0.00000000      0.00000000
  0.06780000 -0.13372948E+02  0.25427666E-01      0.00000000      0.00000000
  0.06800000 -0.13347507E+02  0.25308896E-01      0.00000000      0.00000000
  0.06820000 -0.13322407E+02  0.25191993E-01      0.00000000      0.00000000
  0.06840000 -0.13297405E+02  0.25076654E-01      0.00000000      0.00000000
  0.06859999 -0.13272581E+02  0.24971038E-01      0.00000000      0.00000000
  0.06880000 -0.13247494E+02  0.24853326E-01      0.00000000      0.00000000
  0.06900001 -0.13222325E+02  0.24753742E-01      0.00000000      0.00000000
  0.06919999 -0.13197588E+02  0.24650529E-01      0.00000000      0.00000000
  0.06940000 -0.13173159E+02  0.24537552E-01      0.00000000      0.00000000
  0.06960000 -0.13148294E+02  0.24440493E-01      0.00000000      0.00000000
  0.06980000 -0.13124350E+02  0.24348121E-01      0.00000000      0.00000000
  0.07000000 -0.13099960E+02  0.24243973E-01      0.00000000      0.00000000
  0.07020000 -0.13075617E+02  0.24127100E-01      0.00000000      0.00000000
  0.07040000 -0.13051409E+02  0.24020400E-01      0.00000000      0.00000000
  0.07060000 -0.13027523E+02  0.23921318E-01      0.00000000      0.00000000
  0.07079999 -0.13003400E+02  0.23822404E-01      0.00000000      0.00000000
  0.07099999 -0.12979602E+02  0.23733184E-01      0.00000000      0.00000000
  0.07120001 -0.12956078E+02  0.23631491E-01      0.00000000      0.00000000
  0.07139999 -0.12932163E+02  0.23528535E-01      0.00000000      0.00000000
  0.07160000 -0.12909010E+02  0.23427121E-01      0.00000000      0.00000000
  0.07180000 -0.12885601E+02  0.23334447E-01      0.00000000      0.00000000
  0.07200000 -0.12862445E+02  0.23238584E-01      0.00000000      0.00000000
  0.07220000 -0.12839323E+02  0.23140360E-01      0.00000000      0.00000000
  0.07239999 -0.12816279E+02  0.23040805E-01      0.00000000      0.00000000
  0.07260000 -0.12793345E+02  0.22936441E-01      0.00000000      0.00000000
  0.07280000 -0.12770086E+02  0.22854663E-01      0.00000000      0.00000000
  0.07299999 -0.12747308E+02  0.22752576E-01      0.00000000      0.00000000
  0.07319999 -0.12724760E+02  0.22664916E-01      0.00000000      0.00000000
  0.07340001 -0.12702129E+02  0.22559933E-01      0.00000000      0.00000000
  0.07359999 -0.12679625E+02  0.22470012E-01      0.00000000      0.00000000
  0.07380000 -0.12657279E+02  0.22372812E-01      0.00000000      0.00000000
  0.07400000 -0.12634941E+02  0.22275120E-01      0.00000000      0.00000000
  0.07420000 -0.12612762E+02  0.22184417E-01      0.00000000      0.00000000
  0.07440000 -0.12590341E+02  0.22107791E-01      0.00000000      0.00000000
  0.07460000 -0.12568093E+02  0.22029880E-01      0.00000000      0.00000000
  0.07480000 -0.12546438E+02  0.21938071E-01      0.00000000      0.00000000
  0.07500000 -0.12524739E+02  0.21837998E-01      0.00000000      0.00000000
  0.07519999 -0.12502666E+02  0.21738581E-01      0.00000000      0.00000000
  0.07539999 -0.12480659E+02  0.21660000E-01      0.00000000      0.00000000
  0.07560000 -0.12459308E+02  0.21578319E-01      0.00000000      0.00000000
  0.07579999 -0.12437775E+02  0.21491047E-01      0.00000000      0.00000000
  0.07600000 -0.12416314E+02  0.21403931E-01      0.00000000      0.00000000
  0.07620000 -0.12395196E+02  0.21314148E-01      0.00000000      0.00000000
  0.07640000 -0.12373844E+02  0.21223851E-01      0.00000000      0.00000000
  0.07660000 -0.12352640E+02  0.21136146E-01      0.00000000      0.00000000
  0.07680000 -0.12331753E+02  0.21054320E-01      0.00000000      0.00000000
  0.07699999 -0.12310587E+02  0.20971932E-01      0.00000000      0.00000000
  0.07720000 -0.12289742E+02  0.20900493E-01      0.00000000      0.00000000
  0.07739999 -0.12268718E+02  0.20825164E-01      0.00000000      0.00000000
  0.07759999 -0.12247950E+02  0.20731511E-01      0.00000000      0.00000000
  0.07780000 -0.12227217E+02  0.20640820E-01      0.00000000      0.00000000
  0.07799999 -0.12206507E+02  0.20565763E-01      0.00000000      0.00000000
  0.07820000 -0.12186226E+02  0.20489903E-01      0.00000000      0.00000000
  0.07840000 -0.12166014E+02  0.20409040E-01      0.00000000      0.00000000
  0.07860000 -0.12145600E+02  0.20326680E-01      0.00000000      0.00000000
  0.07880000 -0.12124952E+02  0.20240910E-01      0.00000000      0.00000000
  0.07900000 -0.12104414E+02  0.20158896E-01      0.00000000      0.00000000
  0.07919999 -0.12084435E+02  0.20088751E-01      0.00000000      0.00000000
  0.07940000 -0.12064214E+02  0.19999672E-01      0.00000000      0.00000000
  0.07960001 -0.12044462E+02  0.19929044E-01      0.00000000      0.00000000
  0.07979999 -0.12024320E+02  0.19850478E-01      0.00000000      0.00000000
