 -0.04000000  0.41417542E+02  0.33784658E+00      0.00000000      0.00000000
 -0.03980000  0.41756809E+02  0.34346646E+00      0.00000000      0.00000000
 -0.03960000  0.42101433E+02  0.34907833E+00      0.00000000      0.00000000
 -0.03940000  0.42451218E+02  0.35487407E+00      0.00000000      0.00000000
 -0.03920000  0.42813469E+02  0.36082593E+00      0.00000000      0.00000000
 -0.03900000  0.43176407E+02  0.36680782E+00      0.00000000      0.00000000
 -0.03880000  0.43547188E+02  0.37297791E+00      0.00000000      0.00000000
 -0.03860000  0.43923271E+02  0.37930936E+00      0.00000000      0.00000000
 -0.03840000  0.44309059E+02  0.38598371E+00      0.00000000      0.00000000
 -0.03820000  0.44694992E+02  0.39260581E+00      0.00000000      0.00000000
 -0.03800000  0.45094368E+02  0.39944175E+00      0.00000000      0.00000000
 -0.03780000  0.45493748E+02  0.40641421E+00      0.00000000      0.00000000
 -0.03760000  0.45904606E+02  0.41358107E+00      0.00000000      0.00000000
 -0.03740000  0.46321865E+02  0.42106563E+00      0.00000000      0.00000000
 -0.03720000  0.46744404E+02  0.42870113E+00      0.00000000      0.00000000
 -0.03700000  0.47178192E+02  0.43646657E+00      0.00000000      0.00000000
 -0.03680000  0.47618042E+02  0.44454038E+00      0.00000000      0.00000000
 -0.03660000  0.48067749E+02  0.45269990E+00      0.00000000      0.00000000
 -0.03640000  0.48518887E+02  0.46112877E+00      0.00000000      0.00000000
 -0.03620000  0.48983257E+02  0.47005364E+00      0.00000000      0.00000000
 -0.03600000  0.49469414E+02  0.47921750E+00      0.00000000      0.00000000
 -0.03580000  0.49949341E+02  0.48830199E+00      0.00000000      0.00000000
 -0.03560000  0.50439255E+02  0.49785084E+00      0.00000000      0.00000000
 -0.03540000  0.50940773E+02  0.50748700E+00      0.00000000      0.00000000
 -0.03520000  0.51448837E+02  0.51742774E+00      0.00000000      0.00000000
 -0.03500000  0.51971615E+02  0.52822727E+00      0.00000000      0.00000000
 -0.03480000  0.52501766E+02  0.53895998E+00      0.00000000      0.00000000
 -0.03460000  0.53044449E+02  0.54986525E+00      0.00000000      0.00000000
 -0.03440000  0.53600430E+02  0.56107509E+00      0.00000000      0.00000000
 -0.03420000  0.54174568E+02  0.57317096E+00      0.00000000      0.00000000
 -0.03400000  0.54756931E+02  0.58536458E+00      0.00000000      0.00000000
 -0.03380000  0.55357136E+02  0.59811378E+00      0.00000000      0.00000000
 -0.03360000  0.55955997E+02  0.61089277E+00      0.00000000      0.00000000
 -0.03340000  0.56573959E+02  0.62409818E+00      0.00000000      0.00000000
 -0.03320000  0.57200714E+02  0.63784444E+00      0.00000000      0.00000000
 -0.03300000  0.57843960E+02  0.65229595E+00      0.00000000      0.00000000
 -0.03280000  0.58509560E+02  0.66720116E+00      0.00000000      0.00000000
 -0.03260000  0.59180656E+02  0.68236738E+00      0.00000000      0.00000000
 -0.03240000  0.59863747E+02  0.69810820E+00      0.00000000      0.00000000
 -0.03220000  0.60566227E+02  0.71447361E+00      0.00000000      0.00000000
 -0.03200000  0.61303490E+02  0.73162490E+00      0.00000000      0.00000000
 -0.03180000  0.62051624E+02  0.74974740E+00      0.00000000      0.00000000
 -0.03160000  0.62800179E+02  0.76770794E+00      0.00000000      0.00000000
 -0.03140000  0.63587078E+02  0.78692532E+00      0.00000000      0.00000000
 -0.03120000  0.64375374E+02  0.80644536E+00      0.00000000      0.00000000
 -0.03100000  0.65187332E+02  0.82694966E+00      0.00000000      0.00000000
 -0.03080000  0.66024178E+02  0.84790957E+00      0.00000000      0.00000000
 -0.03060000  0.66882744E+02  0.86966318E+00      0.00000000      0.00000000
 -0.03040000  0.67761169E+02  0.89270508E+00      0.00000000      0.00000000
 -0.03020000  0.68658463E+02  0.91653162E+00      0.00000000      0.00000000
 -0.03000000  0.69597649E+02  0.94148266E+00      0.00000000      0.00000000
 -0.02980000  0.70550293E+02  0.96697927E+00      0.00000000      0.00000000
 -0.02960000  0.71523209E+02  0.99382842E+00      0.00000000      0.00000000
 -0.02940000  0.72522156E+02  0.10218612E+01      0.00000000      0.00000000
 -0.02920000  0.73563782E+02  0.10515313E+01      0.00000000      0.00000000
 -0.02900000  0.74633759E+02  0.10826308E+01      0.00000000      0.00000000
 -0.02880000  0.75720505E+02  0.11138486E+01      0.00000000      0.00000000
 -0.02860000  0.76862236E+02  0.11475052E+01      0.00000000      0.00000000
 -0.02840000  0.78037201E+02  0.11827997E+01      0.00000000      0.00000000
 -0.02820000  0.79235092E+02  0.12198880E+01      0.00000000      0.00000000
 -0.02800000  0.80479149E+02  0.12579489E+01      0.00000000      0.00000000
 -0.02780000  0.81741356E+02  0.12979100E+01      0.00000000      0.00000000
 -0.02760000  0.83048752E+02  0.13399827E+01      0.00000000      0.00000000
 -0.02740000  0.84404617E+02  0.13844947E+01      0.00000000      0.00000000
 -0.02720000  0.85816956E+02  0.14320071E+01      0.00000000      0.00000000
 -0.02700000  0.87255005E+02  0.14797628E+01      0.00000000      0.00000000
 -0.02680000  0.88776535E+02  0.15321662E+01      0.00000000      0.00000000
 -0.02660000  0.90319862E+02  0.15859606E+01      0.00000000      0.00000000
 -0.02640000  0.91953987E+02  0.16446025E+01      0.00000000      0.00000000
 -0.02620000  0.93624557E+02  0.17056096E+01      0.00000000      0.00000000
 -0.02600000  0.95373032E+02  0.17698857E+01      0.00000000      0.00000000
 -0.02580000  0.97158836E+02  0.18379257E+01      0.00000000      0.00000000
 -0.02560000  0.99041641E+02  0.19100373E+01      0.00000000      0.00000000
 -0.02540000  0.10098429E+03  0.19864175E+01      0.00000000      0.00000000
 -0.02520000  0.10299780E+03  0.20685153E+01      0.00000000      0.00000000
 -0.02500000  0.10512067E+03  0.21560535E+01      0.00000000      0.00000000
 -0.02480000  0.10732964E+03  0.22481194E+01      0.00000000      0.00000000
 -0.02460000  0.10964752E+03  0.23476090E+01      0.00000000      0.00000000
 -0.02440000  0.11204967E+03  0.24540443E+01      0.00000000      0.00000000
 -0.02420000  0.11456187E+03  0.25671151E+01      0.00000000      0.00000000
 -0.02400000  0.11718829E+03  0.26888831E+01      0.00000000      0.00000000
 -0.02380000  0.11995775E+03  0.28196812E+01      0.00000000      0.00000000
 -0.02360000  0.12284917E+03  0.29608622E+01      0.00000000      0.00000000
 -0.02340000  0.12589481E+03  0.31127763E+01      0.00000000      0.00000000
 -0.02320000  0.12905487E+03  0.32759380E+01      0.00000000      0.00000000
 -0.02300000  0.13241895E+03  0.34544330E+01      0.00000000      0.00000000
 -0.02280000  0.13591089E+03  0.36429787E+01      0.00000000      0.00000000
 -0.02260000  0.13963805E+03  0.38528888E+01      0.00000000      0.00000000
 -0.02240000  0.14358331E+03  0.40816579E+01      0.00000000      0.00000000
 -0.02220000  0.14777550E+03  0.43307576E+01      0.00000000      0.00000000
 -0.02200000  0.15228842E+03  0.46089401E+01      0.00000000      0.00000000
 -0.02180000  0.15700299E+03  0.49130058E+01      0.00000000      0.00000000
 -0.02160000  0.16209735E+03  0.52489214E+01      0.00000000      0.00000000
 -0.02140000  0.16748297E+03  0.56187434E+01      0.00000000      0.00000000
 -0.02120000  0.17329337E+03  0.60336013E+01      0.00000000      0.00000000
 -0.02100000  0.17959665E+03  0.65070066E+01      0.00000000      0.00000000
 -0.02080000  0.18634808E+03  0.70319662E+01      0.00000000      0.00000000
 -0.02060000  0.19371109E+03  0.76362848E+01      0.00000000      0.00000000
 -0.02040000  0.20163937E+03  0.83133402E+01      0.00000000      0.00000000
 -0.02020000  0.21030197E+03  0.90914526E+01      0.00000000      0.00000000
 -0.02000000  0.21975803E+03  0.99869413E+01      0.00000000      0.00000000
 -0.01980000  0.23009357E+03  0.11022238E+02      0.00000000      0.00000000
 -0.01960000  0.24168610E+03  0.12251930E+02      0.00000000      0.00000000
 -0.01940000  0.25457013E+03  0.13715069E+02      0.00000000      0.00000000
 -0.01920000  0.26918549E+03  0.15496565E+02      0.00000000      0.00000000
 -0.01900000  0.28558435E+03  0.17637459E+02      0.00000000      0.00000000
 -0.01880000  0.30440918E+03  0.20301170E+02      0.00000000      0.00000000
 -0.01860000  0.32622333E+03  0.23665312E+02      0.00000000      0.00000000
 -0.01840000  0.35134021E+03  0.27924608E+02      0.00000000      0.00000000
 -0.01820000  0.38128348E+03  0.33555241E+02      0.00000000      0.00000000
 -0.01800000  0.41760190E+03  0.41218521E+02      0.00000000      0.00000000
 -0.01780000  0.46260565E+03  0.52065731E+02      0.00000000      0.00000000
 -0.01760000  0.51916016E+03  0.67872902E+02      0.00000000      0.00000000
 -0.01740000  0.59457489E+03  0.93062752E+02      0.00000000      0.00000000
 -0.01720000  0.69872760E+03  0.13622427E+03      0.00000000      0.00000000
 -0.01700000  0.84986572E+03  0.21908829E+03      0.00000000      0.00000000
 -0.01680000  0.10759473E+04  0.40458481E+03      0.00000000      0.00000000
 -0.01660000  0.13628726E+04  0.92903931E+03      0.00000000      0.00000000
 -0.01640000  0.89465710E+03  0.20627251E+04      0.00000000      0.00000000
 -0.01620000 -0.60496826E+03  0.20459429E+04      0.00000000      0.00000000
 -0.01600000 -0.10379227E+04  0.90665985E+03      0.00000000      0.00000000
 -0.01580000 -0.74878491E+03  0.40608832E+03      0.00000000      0.00000000
 -0.01560000 -0.51684668E+03  0.22577072E+03      0.00000000      0.00000000
 -0.01540000 -0.35803125E+03  0.14748154E+03      0.00000000      0.00000000
 -0.01520000 -0.24025314E+03  0.10809941E+03      0.00000000      0.00000000
 -0.01500000 -0.14807893E+03  0.87839249E+02      0.00000000      0.00000000
 -0.01480000 -0.69040611E+02  0.78026917E+02      0.00000000      0.00000000
 -0.01460000  0.43290749E+01  0.75441116E+02      0.00000000      0.00000000
 -0.01440000  0.79792358E+02  0.79516586E+02      0.00000000      0.00000000
 -0.01420000  0.16133119E+03  0.91427704E+02      0.00000000      0.00000000
 -0.01400000  0.25808673E+03  0.11569902E+03      0.00000000      0.00000000
 -0.01380000  0.38322318E+03  0.16377895E+03      0.00000000      0.00000000
 -0.01360000  0.55663037E+03  0.26698093E+03      0.00000000      0.00000000
 -0.01340000  0.80043530E+03  0.53748169E+03      0.00000000      0.00000000
 -0.01320000  0.82491315E+03  0.13013723E+04      0.00000000      0.00000000
 -0.01300000 -0.81819878E+02  0.15094956E+04      0.00000000      0.00000000
 -0.01280000 -0.26515765E+03  0.15378154E+04      0.00000000      0.00000000
 -0.01260000 -0.11777924E+04  0.12317600E+04      0.00000000      0.00000000
 -0.01240000 -0.11102770E+04  0.50710962E+03      0.00000000      0.00000000
 -0.01220000 -0.87445532E+03  0.24835651E+03      0.00000000      0.00000000
 -0.01200000 -0.71421277E+03  0.14744296E+03      0.00000000      0.00000000
 -0.01180000 -0.60533490E+03  0.98333603E+02      0.00000000      0.00000000
 -0.01160000 -0.52742566E+03  0.70762314E+02      0.00000000      0.00000000
 -0.01140000 -0.46894220E+03  0.53707569E+02      0.00000000      0.00000000
 -0.01120000 -0.42250830E+03  0.42159203E+02      0.00000000      0.00000000
 -0.01100000 -0.38510864E+03  0.34060768E+02      0.00000000      0.00000000
 -0.01080000 -0.35470285E+03  0.28243151E+02      0.00000000      0.00000000
 -0.01060000 -0.32938617E+03  0.23884588E+02      0.00000000      0.00000000
 -0.01040000 -0.30770972E+03  0.20496677E+02      0.00000000      0.00000000
 -0.01020000 -0.28888599E+03  0.17804129E+02      0.00000000      0.00000000
 -0.01000000 -0.27231317E+03  0.15623596E+02      0.00000000      0.00000000
 -0.00980000 -0.25780084E+03  0.13845718E+02      0.00000000      0.00000000
 -0.00960000 -0.24483386E+03  0.12360552E+02      0.00000000      0.00000000
 -0.00940000 -0.23314841E+03  0.11107594E+02      0.00000000      0.00000000
 -0.00920000 -0.22263239E+03  0.10047134E+02      0.00000000      0.00000000
 -0.00900000 -0.21307990E+03  0.91380024E+01      0.00000000      0.00000000
 -0.00880000 -0.20438808E+03  0.83493824E+01      0.00000000      0.00000000
 -0.00860000 -0.19631783E+03  0.76568451E+01      0.00000000      0.00000000
 -0.00840000 -0.18904153E+03  0.70622292E+01      0.00000000      0.00000000
 -0.00820000 -0.18233719E+03  0.65364532E+01      0.00000000      0.00000000
 -0.00800000 -0.17599374E+03  0.60605373E+01      0.00000000      0.00000000
 -0.00780000 -0.17018410E+03  0.56421175E+01      0.00000000      0.00000000
 -0.00760000 -0.16476779E+03  0.52699361E+01      0.00000000      0.00000000
 -0.00740000 -0.15968741E+03  0.49323769E+01      0.00000000      0.00000000
 -0.00720000 -0.15492471E+03  0.46283197E+01      0.00000000      0.00000000
 -0.00700000 -0.15046283E+03  0.43499255E+01      0.00000000      0.00000000
 -0.00680000 -0.14627187E+03  0.40978332E+01      0.00000000      0.00000000
 -0.00660000 -0.14229216E+03  0.38671961E+01      0.00000000      0.00000000
 -0.00640000 -0.13850072E+03  0.36543884E+01      0.00000000      0.00000000
 -0.00620000 -0.13493927E+03  0.34595261E+01      0.00000000      0.00000000
 -0.00600000 -0.13155943E+03  0.32806950E+01      0.00000000      0.00000000
 -0.00580000 -0.12840034E+03  0.31170669E+01      0.00000000      0.00000000
 -0.00560000 -0.12539407E+03  0.29681387E+01      0.00000000      0.00000000
 -0.00540000 -0.12245763E+03  0.28245206E+01      0.00000000      0.00000000
 -0.00520000 -0.11969910E+03  0.26940384E+01      0.00000000      0.00000000
 -0.00500000 -0.11708344E+03  0.25727561E+01      0.00000000      0.00000000
 -0.00480000 -0.11458467E+03  0.24597268E+01      0.00000000      0.00000000
 -0.00460000 -0.11220280E+03  0.23553946E+01      0.00000000      0.00000000
 -0.00440000 -0.10991290E+03  0.22561128E+01      0.00000000      0.00000000
 -0.00420000 -0.10769473E+03  0.21627290E+01      0.00000000      0.00000000
 -0.00400000 -0.10555958E+03  0.20743709E+01      0.00000000      0.00000000
 -0.00380000 -0.10355389E+03  0.19936769E+01      0.00000000      0.00000000
 -0.00360000 -0.10159665E+03  0.19168015E+01      0.00000000      0.00000000
 -0.00340000 -0.99704987E+02  0.18438365E+01      0.00000000      0.00000000
 -0.00320000 -0.97876244E+02  0.17741539E+01      0.00000000      0.00000000
 -0.00300000 -0.96134613E+02  0.17097163E+01      0.00000000      0.00000000
 -0.00280000 -0.94448273E+02  0.16480398E+01      0.00000000      0.00000000
 -0.00260000 -0.92837250E+02  0.15902072E+01      0.00000000      0.00000000
 -0.00240000 -0.91246643E+02  0.15347022E+01      0.00000000      0.00000000
 -0.00220000 -0.89750641E+02  0.14829946E+01      0.00000000      0.00000000
 -0.00200000 -0.88294838E+02  0.14337788E+01      0.00000000      0.00000000
 -0.00180000 -0.86878059E+02  0.13865019E+01      0.00000000      0.00000000
 -0.00160000 -0.85517365E+02  0.13423233E+01      0.00000000      0.00000000
 -0.00140000 -0.84203056E+02  0.13000387E+01      0.00000000      0.00000000
 -0.00120000 -0.82923866E+02  0.12593548E+01      0.00000000      0.00000000
 -0.00100000 -0.81705284E+02  0.12215223E+01      0.00000000      0.00000000
 -0.00080000 -0.80507179E+02  0.11850916E+01      0.00000000      0.00000000
 -0.00060000 -0.79341553E+02  0.11502060E+01      0.00000000      0.00000000
 -0.00040000 -0.78218422E+02  0.11167529E+01      0.00000000      0.00000000
 -0.00020000 -0.77122551E+02  0.10840082E+01      0.00000000      0.00000000
  0.00000000 -0.76050316E+02  0.10533795E+01      0.00000000      0.00000000
  0.00020000 -0.75007576E+02  0.10237578E+01      0.00000000      0.00000000
  0.00040000 -0.73996124E+02  0.99554884E+00      0.00000000      0.00000000
  0.00060000 -0.73015526E+02  0.96842647E+00      0.00000000      0.00000000
  0.00080000 -0.72048157E+02  0.94249648E+00      0.00000000      0.00000000
  0.00100000 -0.71130951E+02  0.91803676E+00      0.00000000      0.00000000
  0.00120000 -0.70221001E+02  0.89388013E+00      0.00000000      0.00000000
  0.00140000 -0.69332870E+02  0.87092519E+00      0.00000000      0.00000000
  0.00160000 -0.68474442E+02  0.84848917E+00      0.00000000      0.00000000
  0.00180000 -0.67636185E+02  0.82760227E+00      0.00000000      0.00000000
  0.00200000 -0.66816177E+02  0.80706227E+00      0.00000000      0.00000000
  0.00220000 -0.66025864E+02  0.78766793E+00      0.00000000      0.00000000
  0.00240000 -0.65250244E+02  0.76848459E+00      0.00000000      0.00000000
  0.00260000 -0.64490303E+02  0.75010312E+00      0.00000000      0.00000000
  0.00280000 -0.63753658E+02  0.73279464E+00      0.00000000      0.00000000
  0.00300000 -0.63028202E+02  0.71545720E+00      0.00000000      0.00000000
  0.00320000 -0.62320648E+02  0.69879591E+00      0.00000000      0.00000000
  0.00340000 -0.61635956E+02  0.68342566E+00      0.00000000      0.00000000
  0.00360000 -0.60960587E+02  0.66781920E+00      0.00000000      0.00000000
  0.00380000 -0.60295830E+02  0.65309274E+00      0.00000000      0.00000000
  0.00400000 -0.59642326E+02  0.63883775E+00      0.00000000      0.00000000
  0.00420000 -0.59008484E+02  0.62455285E+00      0.00000000      0.00000000
  0.00440000 -0.58393974E+02  0.61123854E+00      0.00000000      0.00000000
  0.00460000 -0.57791119E+02  0.59827638E+00      0.00000000      0.00000000
  0.00480000 -0.57201118E+02  0.58579576E+00      0.00000000      0.00000000
  0.00500000 -0.56609848E+02  0.57346761E+00      0.00000000      0.00000000
  0.00520000 -0.56046932E+02  0.56156552E+00      0.00000000      0.00000000
  0.00540000 -0.55494644E+02  0.55048430E+00      0.00000000      0.00000000
  0.00560000 -0.54947060E+02  0.53928375E+00      0.00000000      0.00000000
  0.00580000 -0.54405998E+02  0.52853632E+00      0.00000000      0.00000000
  0.00600000 -0.53881756E+02  0.51793528E+00      0.00000000      0.00000000
  0.00620000 -0.53378284E+02  0.50809586E+00      0.00000000      0.00000000
  0.00640000 -0.52872654E+02  0.49820769E+00      0.00000000      0.00000000
  0.00660000 -0.52386398E+02  0.48873746E+00      0.00000000      0.00000000
  0.00680000 -0.51899525E+02  0.47937751E+00      0.00000000      0.00000000
  0.00700000 -0.51430550E+02  0.47062111E+00      0.00000000      0.00000000
  0.00720000 -0.50966965E+02  0.46160960E+00      0.00000000      0.00000000
  0.00740000 -0.50510139E+02  0.45316219E+00      0.00000000      0.00000000
  0.00760000 -0.50056667E+02  0.44474077E+00      0.00000000      0.00000000
  0.00780000 -0.49615082E+02  0.43682981E+00      0.00000000      0.00000000
  0.00800000 -0.49180534E+02  0.42891717E+00      0.00000000      0.00000000
  0.00820000 -0.48758186E+02  0.42157149E+00      0.00000000      0.00000000
  0.00840000 -0.48343689E+02  0.41400313E+00      0.00000000      0.00000000
  0.00860000 -0.47931610E+02  0.40666509E+00      0.00000000      0.00000000
  0.00880000 -0.47532593E+02  0.39973402E+00      0.00000000      0.00000000
  0.00900000 -0.47137169E+02  0.39288044E+00      0.00000000      0.00000000
  0.00920000 -0.46751060E+02  0.38632965E+00      0.00000000      0.00000000
  0.00940000 -0.46365936E+02  0.37971449E+00      0.00000000      0.00000000
  0.00960000 -0.45988197E+02  0.37344170E+00      0.00000000      0.00000000
  0.00980000 -0.45615158E+02  0.36705875E+00      0.00000000      0.00000000
  0.01000000 -0.45248215E+02  0.36103725E+00      0.00000000      0.00000000
  0.01020000 -0.44886353E+02  0.35516071E+00      0.00000000      0.00000000
  0.01040000 -0.44531250E+02  0.34936810E+00      0.00000000      0.00000000
  0.01060000 -0.44187195E+02  0.34373379E+00      0.00000000      0.00000000
  0.01080000 -0.43849274E+02  0.33831978E+00      0.00000000      0.00000000
  0.01100000 -0.43515381E+02  0.33301163E+00      0.00000000      0.00000000
  0.01120000 -0.43184708E+02  0.32771683E+00      0.00000000      0.00000000
  0.01140000 -0.42860550E+02  0.32277489E+00      0.00000000      0.00000000
  0.01160000 -0.42535324E+02  0.31770706E+00      0.00000000      0.00000000
  0.01180000 -0.42221649E+02  0.31275177E+00      0.00000000      0.00000000
  0.01200000 -0.41911102E+02  0.30805969E+00      0.00000000      0.00000000
  0.01220000 -0.41606995E+02  0.30345917E+00      0.00000000      0.00000000
  0.01240000 -0.41301697E+02  0.29885864E+00      0.00000000      0.00000000
  0.01260000 -0.41002319E+02  0.29455566E+00      0.00000000      0.00000000
  0.01280000 -0.40709068E+02  0.29010010E+00      0.00000000      0.00000000
  0.01300000 -0.40426525E+02  0.28594971E+00      0.00000000      0.00000000
  0.01320000 -0.40144623E+02  0.28173828E+00      0.00000000      0.00000000
  0.01340000 -0.39862152E+02  0.27761841E+00      0.00000000      0.00000000
  0.01360000 -0.39586609E+02  0.27377319E+00      0.00000000      0.00000000
  0.01380000 -0.39312988E+02  0.26981354E+00      0.00000000      0.00000000
  0.01400000 -0.39044632E+02  0.26597595E+00      0.00000000      0.00000000
  0.01420000 -0.38781204E+02  0.26219940E+00      0.00000000      0.00000000
  0.01440000 -0.38523029E+02  0.25852585E+00      0.00000000      0.00000000
  0.01460000 -0.38267136E+02  0.25508499E+00      0.00000000      0.00000000
  0.01480000 -0.38012535E+02  0.25151062E+00      0.00000000      0.00000000
  0.01500000 -0.37760994E+02  0.24814606E+00      0.00000000      0.00000000
  0.01520000 -0.37517380E+02  0.24483109E+00      0.00000000      0.00000000
  0.01540000 -0.37274857E+02  0.24160004E+00      0.00000000      0.00000000
  0.01560000 -0.37037018E+02  0.23825836E+00      0.00000000      0.00000000
  0.01580000 -0.36798523E+02  0.23513794E+00      0.00000000      0.00000000
  0.01600000 -0.36563660E+02  0.23202515E+00      0.00000000      0.00000000
  0.01619999 -0.36332520E+02  0.22900391E+00      0.00000000      0.00000000
  0.01640000 -0.36103546E+02  0.22595215E+00      0.00000000      0.00000000
  0.01660000 -0.35878845E+02  0.22308350E+00      0.00000000      0.00000000
  0.01680000 -0.35661499E+02  0.22029114E+00      0.00000000      0.00000000
  0.01700000 -0.35444458E+02  0.21740723E+00      0.00000000      0.00000000
  0.01720000 -0.35228485E+02  0.21475983E+00      0.00000000      0.00000000
  0.01740000 -0.35011658E+02  0.21198654E+00      0.00000000      0.00000000
  0.01760000 -0.34800125E+02  0.20925903E+00      0.00000000      0.00000000
  0.01780000 -0.34592865E+02  0.20667458E+00      0.00000000      0.00000000
  0.01800000 -0.34387970E+02  0.20408440E+00      0.00000000      0.00000000
  0.01820000 -0.34183456E+02  0.20156288E+00      0.00000000      0.00000000
  0.01840000 -0.33983109E+02  0.19911575E+00      0.00000000      0.00000000
  0.01860000 -0.33784988E+02  0.19677353E+00      0.00000000      0.00000000
  0.01880000 -0.33590286E+02  0.19441509E+00      0.00000000      0.00000000
  0.01900000 -0.33397415E+02  0.19222355E+00      0.00000000      0.00000000
  0.01920000 -0.33205315E+02  0.18980217E+00      0.00000000      0.00000000
  0.01940000 -0.33018082E+02  0.18758535E+00      0.00000000      0.00000000
  0.01960000 -0.32832108E+02  0.18538761E+00      0.00000000      0.00000000
  0.01980000 -0.32646812E+02  0.18316746E+00      0.00000000      0.00000000
  0.02000000 -0.32465706E+02  0.18106556E+00      0.00000000      0.00000000
  0.02020000 -0.32287041E+02  0.17894650E+00      0.00000000      0.00000000
  0.02040000 -0.32107620E+02  0.17683125E+00      0.00000000      0.00000000
  0.02060000 -0.31932762E+02  0.17489076E+00      0.00000000      0.00000000
  0.02080000 -0.31756660E+02  0.17290330E+00      0.00000000      0.00000000
  0.02100000 -0.31586006E+02  0.17093086E+00      0.00000000      0.00000000
  0.02120000 -0.31416916E+02  0.16892934E+00      0.00000000      0.00000000
  0.02140000 -0.31249672E+02  0.16716242E+00      0.00000000      0.00000000
  0.02160000 -0.31082092E+02  0.16520739E+00      0.00000000      0.00000000
  0.02180000 -0.30917053E+02  0.16343880E+00      0.00000000      0.00000000
  0.02200000 -0.30754318E+02  0.16165423E+00      0.00000000      0.00000000
  0.02220000 -0.30593441E+02  0.15991592E+00      0.00000000      0.00000000
  0.02240000 -0.30433102E+02  0.15817249E+00      0.00000000      0.00000000
  0.02260000 -0.30275593E+02  0.15643919E+00      0.00000000      0.00000000
  0.02280000 -0.30119919E+02  0.15469539E+00      0.00000000      0.00000000
  0.02300000 -0.29964111E+02  0.15304983E+00      0.00000000      0.00000000
  0.02320000 -0.29813034E+02  0.15141642E+00      0.00000000      0.00000000
  0.02340000 -0.29663307E+02  0.14982224E+00      0.00000000      0.00000000
  0.02360000 -0.29514027E+02  0.14823723E+00      0.00000000      0.00000000
  0.02380000 -0.29366966E+02  0.14669955E+00      0.00000000      0.00000000
  0.02400000 -0.29221352E+02  0.14523637E+00      0.00000000      0.00000000
  0.02420000 -0.29077614E+02  0.14363956E+00      0.00000000      0.00000000
  0.02440000 -0.28935043E+02  0.14215159E+00      0.00000000      0.00000000
  0.02460000 -0.28792305E+02  0.14071822E+00      0.00000000      0.00000000
  0.02480000 -0.28653614E+02  0.13930929E+00      0.00000000      0.00000000
  0.02500000 -0.28516037E+02  0.13794053E+00      0.00000000      0.00000000
  0.02520000 -0.28378677E+02  0.13652158E+00      0.00000000      0.00000000
  0.02540000 -0.28242214E+02  0.13507801E+00      0.00000000      0.00000000
  0.02560000 -0.28108173E+02  0.13380170E+00      0.00000000      0.00000000
  0.02580000 -0.27975746E+02  0.13237184E+00      0.00000000      0.00000000
  0.02600000 -0.27841656E+02  0.13113803E+00      0.00000000      0.00000000
  0.02620000 -0.27710564E+02  0.12986201E+00      0.00000000      0.00000000
  0.02640000 -0.27583172E+02  0.12861627E+00      0.00000000      0.00000000
  0.02660000 -0.27456497E+02  0.12733430E+00      0.00000000      0.00000000
  0.02680000 -0.27329216E+02  0.12602657E+00      0.00000000      0.00000000
  0.02700000 -0.27203939E+02  0.12482816E+00      0.00000000      0.00000000
  0.02720000 -0.27080046E+02  0.12364995E+00      0.00000000      0.00000000
  0.02740000 -0.26956060E+02  0.12248057E+00      0.00000000      0.00000000
  0.02760000 -0.26835360E+02  0.12136596E+00      0.00000000      0.00000000
  0.02780000 -0.26714941E+02  0.12024570E+00      0.00000000      0.00000000
  0.02800000 -0.26593807E+02  0.11903620E+00      0.00000000      0.00000000
  0.02820000 -0.26473690E+02  0.11789107E+00      0.00000000      0.00000000
  0.02840000 -0.26356565E+02  0.11682487E+00      0.00000000      0.00000000
  0.02860000 -0.26240847E+02  0.11567098E+00      0.00000000      0.00000000
  0.02880000 -0.26125719E+02  0.11463565E+00      0.00000000      0.00000000
  0.02900000 -0.26011421E+02  0.11356115E+00      0.00000000      0.00000000
  0.02920000 -0.25898277E+02  0.11256114E+00      0.00000000      0.00000000
  0.02940000 -0.25786182E+02  0.11152139E+00      0.00000000      0.00000000
  0.02959999 -0.25674635E+02  0.11054385E+00      0.00000000      0.00000000
  0.02980000 -0.25564896E+02  0.10952166E+00      0.00000000      0.00000000
  0.03000000 -0.25456779E+02  0.10849532E+00      0.00000000      0.00000000
  0.03020000 -0.25348881E+02  0.10751787E+00      0.00000000      0.00000000
  0.03040000 -0.25241655E+02  0.10659656E+00      0.00000000      0.00000000
  0.03060000 -0.25135942E+02  0.10566124E+00      0.00000000      0.00000000
  0.03080000 -0.25030176E+02  0.10470065E+00      0.00000000      0.00000000
  0.03100000 -0.24926558E+02  0.10381246E+00      0.00000000      0.00000000
  0.03120000 -0.24823298E+02  0.10285544E+00      0.00000000      0.00000000
  0.03140000 -0.24720427E+02  0.10197085E+00      0.00000000      0.00000000
  0.03160000 -0.24619190E+02  0.10110107E+00      0.00000000      0.00000000
  0.03179999 -0.24517826E+02  0.10021999E+00      0.00000000      0.00000000
  0.03200001 -0.24417402E+02  0.99369913E-01      0.00000000      0.00000000
  0.03220000 -0.24319221E+02  0.98509908E-01      0.00000000      0.00000000
  0.03240000 -0.24220678E+02  0.97645193E-01      0.00000000      0.00000000
  0.03260000 -0.24123938E+02  0.96834928E-01      0.00000000      0.00000000
  0.03280000 -0.24027147E+02  0.95994920E-01      0.00000000      0.00000000
  0.03300000 -0.23931532E+02  0.95185846E-01      0.00000000      0.00000000
  0.03320000 -0.23837543E+02  0.94413280E-01      0.00000000      0.00000000
  0.03340000 -0.23743040E+02  0.93579829E-01      0.00000000      0.00000000
  0.03360000 -0.23649885E+02  0.92827052E-01      0.00000000      0.00000000
  0.03380000 -0.23558470E+02  0.92099935E-01      0.00000000      0.00000000
  0.03399999 -0.23465878E+02  0.91260031E-01      0.00000000      0.00000000
  0.03420001 -0.23374886E+02  0.90524331E-01      0.00000000      0.00000000
  0.03440000 -0.23285206E+02  0.89775518E-01      0.00000000      0.00000000
  0.03460000 -0.23196518E+02  0.89105368E-01      0.00000000      0.00000000
  0.03479999 -0.23107311E+02  0.88360906E-01      0.00000000      0.00000000
  0.03500000 -0.23018757E+02  0.87625131E-01      0.00000000      0.00000000
  0.03520000 -0.22930901E+02  0.86899206E-01      0.00000000      0.00000000
  0.03540000 -0.22845032E+02  0.86218059E-01      0.00000000      0.00000000
  0.03560000 -0.22759499E+02  0.85527211E-01      0.00000000      0.00000000
  0.03580000 -0.22673717E+02  0.84833860E-01      0.00000000      0.00000000
  0.03600000 -0.22589016E+02  0.84171280E-01      0.00000000      0.00000000
  0.03619999 -0.22505735E+02  0.83507597E-01      0.00000000      0.00000000
  0.03640000 -0.22422867E+02  0.82830638E-01      0.00000000      0.00000000
  0.03660000 -0.22340441E+02  0.82151547E-01      0.00000000      0.00000000
  0.03680000 -0.22258991E+02  0.81504643E-01      0.00000000      0.00000000
  0.03700000 -0.22177113E+02  0.80888197E-01      0.00000000      0.00000000
  0.03720000 -0.22097906E+02  0.80307439E-01      0.00000000      0.00000000
  0.03740000 -0.22017776E+02  0.79675615E-01      0.00000000      0.00000000
  0.03760000 -0.21937622E+02  0.79057902E-01      0.00000000      0.00000000
  0.03780000 -0.21858181E+02  0.78440845E-01      0.00000000      0.00000000
  0.03800000 -0.21779057E+02  0.77838048E-01      0.00000000      0.00000000
  0.03820000 -0.21701651E+02  0.77233240E-01      0.00000000      0.00000000
  0.03839999 -0.21625324E+02  0.76671675E-01      0.00000000      0.00000000
  0.03860000 -0.21549397E+02  0.76090693E-01      0.00000000      0.00000000
  0.03880000 -0.21473698E+02  0.75521708E-01      0.00000000      0.00000000
  0.03900000 -0.21397671E+02  0.74958041E-01      0.00000000      0.00000000
  0.03920000 -0.21322922E+02  0.74383661E-01      0.00000000      0.00000000
  0.03940000 -0.21249523E+02  0.73813334E-01      0.00000000      0.00000000
  0.03960000 -0.21176346E+02  0.73293373E-01      0.00000000      0.00000000
  0.03980000 -0.21103020E+02  0.72751567E-01      0.00000000      0.00000000
  0.04000000 -0.21029928E+02  0.72187245E-01      0.00000000      0.00000000
  0.04020000 -0.20958202E+02  0.71648523E-01      0.00000000      0.00000000
  0.04040000 -0.20887323E+02  0.71152374E-01      0.00000000      0.00000000
  0.04060000 -0.20817299E+02  0.70626676E-01      0.00000000      0.00000000
  0.04080000 -0.20746151E+02  0.70120275E-01      0.00000000      0.00000000
  0.04100000 -0.20676756E+02  0.69615066E-01      0.00000000      0.00000000
  0.04120000 -0.20607391E+02  0.69122449E-01      0.00000000      0.00000000
  0.04140000 -0.20537987E+02  0.68651371E-01      0.00000000      0.00000000
  0.04160000 -0.20470001E+02  0.68148479E-01      0.00000000      0.00000000
  0.04180000 -0.20401505E+02  0.67628197E-01      0.00000000      0.00000000
  0.04200000 -0.20334402E+02  0.67153133E-01      0.00000000      0.00000000
  0.04220000 -0.20267483E+02  0.66691220E-01      0.00000000      0.00000000
  0.04240000 -0.20200397E+02  0.66243067E-01      0.00000000      0.00000000
  0.04260000 -0.20134499E+02  0.65791830E-01      0.00000000      0.00000000
  0.04280000 -0.20069195E+02  0.65322578E-01      0.00000000      0.00000000
  0.04300000 -0.20004143E+02  0.64806528E-01      0.00000000      0.00000000
  0.04320000 -0.19939705E+02  0.64339384E-01      0.00000000      0.00000000
  0.04340000 -0.19875374E+02  0.63919105E-01      0.00000000      0.00000000
  0.04360000 -0.19812168E+02  0.63495986E-01      0.00000000      0.00000000
  0.04380000 -0.19749239E+02  0.63070282E-01      0.00000000      0.00000000
  0.04400000 -0.19685665E+02  0.62633239E-01      0.00000000      0.00000000
  0.04420000 -0.19622860E+02  0.62189192E-01      0.00000000      0.00000000
  0.04440000 -0.19560568E+02  0.61758153E-01      0.00000000      0.00000000
  0.04460000 -0.19499390E+02  0.61324462E-01      0.00000000      0.00000000
  0.04480000 -0.19438551E+02  0.60945407E-01      0.00000000      0.00000000
  0.04500000 -0.19377895E+02  0.60529321E-01      0.00000000      0.00000000
  0.04520000 -0.19318085E+02  0.60119011E-01      0.00000000      0.00000000
  0.04539999 -0.19257900E+02  0.59698500E-01      0.00000000      0.00000000
  0.04560000 -0.19198099E+02  0.59301622E-01      0.00000000      0.00000000
  0.04580000 -0.19138905E+02  0.58932506E-01      0.00000000      0.00000000
  0.04600000 -0.19079525E+02  0.58515623E-01      0.00000000      0.00000000
  0.04620000 -0.19021324E+02  0.58125839E-01      0.00000000      0.00000000
  0.04640000 -0.18963673E+02  0.57754345E-01      0.00000000      0.00000000
  0.04660000 -0.18906410E+02  0.57374828E-01      0.00000000      0.00000000
  0.04680000 -0.18849466E+02  0.56980677E-01      0.00000000      0.00000000
  0.04700000 -0.18792301E+02  0.56609347E-01      0.00000000      0.00000000
  0.04720000 -0.18736418E+02  0.56246459E-01      0.00000000      0.00000000
  0.04740000 -0.18680321E+02  0.55882633E-01      0.00000000      0.00000000
  0.04759999 -0.18623817E+02  0.55522479E-01      0.00000000      0.00000000
  0.04780000 -0.18569435E+02  0.55195436E-01      0.00000000      0.00000000
  0.04800000 -0.18513836E+02  0.54820813E-01      0.00000000      0.00000000
  0.04820000 -0.18459517E+02  0.54453574E-01      0.00000000      0.00000000
  0.04840000 -0.18405319E+02  0.54119192E-01      0.00000000      0.00000000
  0.04860000 -0.18351271E+02  0.53773969E-01      0.00000000      0.00000000
  0.04880000 -0.18297216E+02  0.53427719E-01      0.00000000      0.00000000
  0.04899999 -0.18244324E+02  0.53098984E-01      0.00000000      0.00000000
  0.04920000 -0.18191771E+02  0.52753851E-01      0.00000000      0.00000000
  0.04940000 -0.18139393E+02  0.52448936E-01      0.00000000      0.00000000
  0.04960000 -0.18087231E+02  0.52123107E-01      0.00000000      0.00000000
  0.04979999 -0.18035675E+02  0.51776923E-01      0.00000000      0.00000000
  0.05000000 -0.17983982E+02  0.51438380E-01      0.00000000      0.00000000
  0.05020000 -0.17932379E+02  0.51096000E-01      0.00000000      0.00000000
  0.05040000 -0.17881287E+02  0.50787084E-01      0.00000000      0.00000000
  0.05060000 -0.17830647E+02  0.50486404E-01      0.00000000      0.00000000
  0.05080000 -0.17780582E+02  0.50191142E-01      0.00000000      0.00000000
  0.05100000 -0.17729729E+02  0.49898796E-01      0.00000000      0.00000000
  0.05119999 -0.17680040E+02  0.49598452E-01      0.00000000      0.00000000
  0.05140000 -0.17630716E+02  0.49291141E-01      0.00000000      0.00000000
  0.05160000 -0.17581993E+02  0.49006768E-01      0.00000000      0.00000000
  0.05180000 -0.17532757E+02  0.48703261E-01      0.00000000      0.00000000
  0.05199999 -0.17484428E+02  0.48407774E-01      0.00000000      0.00000000
  0.05220000 -0.17436258E+02  0.48105501E-01      0.00000000      0.00000000
  0.05240000 -0.17388256E+02  0.47791902E-01      0.00000000      0.00000000
  0.05260000 -0.17340252E+02  0.47521893E-01      0.00000000      0.00000000
  0.05280000 -0.17293045E+02  0.47246680E-01      0.00000000      0.00000000
  0.05300000 -0.17246006E+02  0.46941474E-01      0.00000000      0.00000000
  0.05320000 -0.17199699E+02  0.46668496E-01      0.00000000      0.00000000
  0.05339999 -0.17152451E+02  0.46391204E-01      0.00000000      0.00000000
  0.05360000 -0.17106573E+02  0.46107166E-01      0.00000000      0.00000000
  0.05380000 -0.17060156E+02  0.45840863E-01      0.00000000      0.00000000
  0.05400000 -0.17014198E+02  0.45568444E-01      0.00000000      0.00000000
  0.05420000 -0.16969170E+02  0.45346502E-01      0.00000000      0.00000000
  0.05440000 -0.16924330E+02  0.45072664E-01      0.00000000      0.00000000
  0.05460000 -0.16879372E+02  0.44780582E-01      0.00000000      0.00000000
  0.05480000 -0.16834988E+02  0.44524238E-01      0.00000000      0.00000000
  0.05500000 -0.16790668E+02  0.44262551E-01      0.00000000      0.00000000
  0.05520000 -0.16747194E+02  0.44016484E-01      0.00000000      0.00000000
  0.05540000 -0.16703203E+02  0.43780744E-01      0.00000000      0.00000000
  0.05560000 -0.16659349E+02  0.43545004E-01      0.00000000      0.00000000
  0.05580000 -0.16615715E+02  0.43252945E-01      0.00000000      0.00000000
  0.05600000 -0.16572580E+02  0.43023694E-01      0.00000000      0.00000000
  0.05620000 -0.16529715E+02  0.42774208E-01      0.00000000      0.00000000
  0.05640000 -0.16486176E+02  0.42535540E-01      0.00000000      0.00000000
  0.05660000 -0.16443310E+02  0.42287655E-01      0.00000000      0.00000000
  0.05680000 -0.16401337E+02  0.42048156E-01      0.00000000      0.00000000
  0.05700000 -0.16359396E+02  0.41821703E-01      0.00000000      0.00000000
  0.05720000 -0.16318476E+02  0.41568454E-01      0.00000000      0.00000000
  0.05740000 -0.16276543E+02  0.41334663E-01      0.00000000      0.00000000
  0.05760000 -0.16235241E+02  0.41101933E-01      0.00000000      0.00000000
  0.05780000 -0.16194889E+02  0.40873528E-01      0.00000000      0.00000000
  0.05800000 -0.16154074E+02  0.40674604E-01      0.00000000      0.00000000
  0.05819999 -0.16113651E+02  0.40443316E-01      0.00000000      0.00000000
  0.05840000 -0.16073400E+02  0.40215015E-01      0.00000000      0.00000000
  0.05860000 -0.16033897E+02  0.39979406E-01      0.00000000      0.00000000
  0.05880000 -0.15993275E+02  0.39757371E-01      0.00000000      0.00000000
  0.05900000 -0.15953590E+02  0.39554443E-01      0.00000000      0.00000000
  0.05920000 -0.15913299E+02  0.39332151E-01      0.00000000      0.00000000
  0.05940000 -0.15874619E+02  0.39123517E-01      0.00000000      0.00000000
  0.05960000 -0.15835851E+02  0.38897540E-01      0.00000000      0.00000000
  0.05980000 -0.15796701E+02  0.38708027E-01      0.00000000      0.00000000
  0.06000000 -0.15757902E+02  0.38504474E-01      0.00000000      0.00000000
  0.06020000 -0.15719184E+02  0.38274672E-01      0.00000000      0.00000000
  0.06039999 -0.15680883E+02  0.38084529E-01      0.00000000      0.00000000
  0.06060000 -0.15642802E+02  0.37844952E-01      0.00000000      0.00000000
  0.06080000 -0.15605214E+02  0.37654791E-01      0.00000000      0.00000000
  0.06100000 -0.15567946E+02  0.37470583E-01      0.00000000      0.00000000
  0.06119999 -0.15530472E+02  0.37259720E-01      0.00000000      0.00000000
  0.06140000 -0.15493061E+02  0.37045114E-01      0.00000000      0.00000000
  0.06160000 -0.15456033E+02  0.36873959E-01      0.00000000      0.00000000
  0.06180000 -0.15419744E+02  0.36690373E-01      0.00000000      0.00000000
  0.06200000 -0.15383379E+02  0.36497865E-01      0.00000000      0.00000000
  0.06220000 -0.15346909E+02  0.36294483E-01      0.00000000      0.00000000
  0.06240000 -0.15310785E+02  0.36093682E-01      0.00000000      0.00000000
  0.06259999 -0.15274876E+02  0.35917100E-01      0.00000000      0.00000000
  0.06280001 -0.15238540E+02  0.35716601E-01      0.00000000      0.00000000
  0.06300000 -0.15202682E+02  0.35530537E-01      0.00000000      0.00000000
  0.06320000 -0.15167582E+02  0.35354156E-01      0.00000000      0.00000000
  0.06339999 -0.15131945E+02  0.35172816E-01      0.00000000      0.00000000
  0.06360000 -0.15097044E+02  0.34984868E-01      0.00000000      0.00000000
  0.06380000 -0.15062340E+02  0.34792501E-01      0.00000000      0.00000000
  0.06400000 -0.15027929E+02  0.34630984E-01      0.00000000      0.00000000
  0.06420000 -0.14992886E+02  0.34477036E-01      0.00000000      0.00000000
  0.06440000 -0.14958879E+02  0.34290954E-01      0.00000000      0.00000000
  0.06460000 -0.14925058E+02  0.34113385E-01      0.00000000      0.00000000
  0.06479999 -0.14890728E+02  0.33921096E-01      0.00000000      0.00000000
  0.06500000 -0.14857052E+02  0.33754334E-01      0.00000000      0.00000000
  0.06520000 -0.14823110E+02  0.33576690E-01      0.00000000      0.00000000
  0.06540000 -0.14789702E+02  0.33394389E-01      0.00000000      0.00000000
  0.06559999 -0.14756113E+02  0.33234771E-01      0.00000000      0.00000000
  0.06580000 -0.14723109E+02  0.33086643E-01      0.00000000      0.00000000
  0.06600000 -0.14690109E+02  0.32916356E-01      0.00000000      0.00000000
  0.06620000 -0.14656984E+02  0.32756433E-01      0.00000000      0.00000000
  0.06640000 -0.14624745E+02  0.32616176E-01      0.00000000      0.00000000
  0.06660000 -0.14592350E+02  0.32417417E-01      0.00000000      0.00000000
  0.06680001 -0.14560028E+02  0.32256499E-01      0.00000000      0.00000000
  0.06699999 -0.14527924E+02  0.32083862E-01      0.00000000      0.00000000
  0.06720000 -0.14495607E+02  0.31952970E-01      0.00000000      0.00000000
  0.06739999 -0.14464014E+02  0.31806968E-01      0.00000000      0.00000000
  0.06760000 -0.14432085E+02  0.31651638E-01      0.00000000      0.00000000
  0.06780000 -0.14400398E+02  0.31493567E-01      0.00000000      0.00000000
  0.06800000 -0.14368913E+02  0.31313933E-01      0.00000000      0.00000000
  0.06820000 -0.14337755E+02  0.31172421E-01      0.00000000      0.00000000
  0.06840000 -0.14306522E+02  0.30994145E-01      0.00000000      0.00000000
  0.06859999 -0.14275594E+02  0.30861495E-01      0.00000000      0.00000000
  0.06880000 -0.14244870E+02  0.30710727E-01      0.00000000      0.00000000
  0.06900001 -0.14214437E+02  0.30566597E-01      0.00000000      0.00000000
  0.06919999 -0.14183720E+02  0.30435611E-01      0.00000000      0.00000000
  0.06940000 -0.14153600E+02  0.30294329E-01      0.00000000      0.00000000
  0.06960000 -0.14123215E+02  0.30145766E-01      0.00000000      0.00000000
  0.06980000 -0.14093240E+02  0.29987179E-01      0.00000000      0.00000000
  0.07000000 -0.14063082E+02  0.29836025E-01      0.00000000      0.00000000
  0.07020000 -0.14033185E+02  0.29690592E-01      0.00000000      0.00000000
  0.07040000 -0.14003581E+02  0.29539045E-01      0.00000000      0.00000000
  0.07060000 -0.13974566E+02  0.29406779E-01      0.00000000      0.00000000
  0.07079999 -0.13945564E+02  0.29283987E-01      0.00000000      0.00000000
  0.07099999 -0.13916287E+02  0.29154787E-01      0.00000000      0.00000000
  0.07120001 -0.13886906E+02  0.28998956E-01      0.00000000      0.00000000
  0.07139999 -0.13857997E+02  0.28865386E-01      0.00000000      0.00000000
  0.07160000 -0.13828932E+02  0.28720917E-01      0.00000000      0.00000000
  0.07180000 -0.13800282E+02  0.28578775E-01      0.00000000      0.00000000
  0.07200000 -0.13771564E+02  0.28445451E-01      0.00000000      0.00000000
  0.07220000 -0.13743587E+02  0.28322680E-01      0.00000000      0.00000000
  0.07239999 -0.13715559E+02  0.28195115E-01      0.00000000      0.00000000
  0.07260000 -0.13687559E+02  0.28091876E-01      0.00000000      0.00000000
  0.07280000 -0.13659781E+02  0.27943583E-01      0.00000000      0.00000000
  0.07299999 -0.13632007E+02  0.27811997E-01      0.00000000      0.00000000
  0.07319999 -0.13604139E+02  0.27694156E-01      0.00000000      0.00000000
  0.07340001 -0.13576190E+02  0.27567694E-01      0.00000000      0.00000000
  0.07359999 -0.13548843E+02  0.27417574E-01      0.00000000      0.00000000
  0.07380000 -0.13521894E+02  0.27289424E-01      0.00000000      0.00000000
  0.07400000 -0.13494170E+02  0.27174534E-01      0.00000000      0.00000000
  0.07420000 -0.13466831E+02  0.27050378E-01      0.00000000      0.00000000
  0.07440000 -0.13439753E+02  0.26918033E-01      0.00000000      0.00000000
  0.07460000 -0.13412615E+02  0.26803758E-01      0.00000000      0.00000000
  0.07480000 -0.13385655E+02  0.26705725E-01      0.00000000      0.00000000
  0.07500000 -0.13359587E+02  0.26575301E-01      0.00000000      0.00000000
  0.07519999 -0.13333148E+02  0.26442459E-01      0.00000000      0.00000000
  0.07539999 -0.13306748E+02  0.26317326E-01      0.00000000      0.00000000
  0.07560000 -0.13280108E+02  0.26198927E-01      0.00000000      0.00000000
  0.07579999 -0.13254014E+02  0.26093591E-01      0.00000000      0.00000000
  0.07600000 -0.13227990E+02  0.25950713E-01      0.00000000      0.00000000
  0.07620000 -0.13201982E+02  0.25846472E-01      0.00000000      0.00000000
  0.07640000 -0.13176495E+02  0.25742967E-01      0.00000000      0.00000000
  0.07660000 -0.13150579E+02  0.25626468E-01      0.00000000      0.00000000
  0.07680000 -0.13125119E+02  0.25507292E-01      0.00000000      0.00000000
  0.07699999 -0.13099771E+02  0.25391117E-01      0.00000000      0.00000000
  0.07720000 -0.13074419E+02  0.25272869E-01      0.00000000      0.00000000
  0.07739999 -0.13049006E+02  0.25172431E-01      0.00000000      0.00000000
  0.07759999 -0.13023555E+02  0.25065769E-01      0.00000000      0.00000000
  0.07780000 -0.12998658E+02  0.24963696E-01      0.00000000      0.00000000
  0.07799999 -0.12973759E+02  0.24849098E-01      0.00000000      0.00000000
  0.07820000 -0.12948909E+02  0.24740588E-01      0.00000000      0.00000000
  0.07840000 -0.12924109E+02  0.24628324E-01      0.00000000      0.00000000
  0.07860000 -0.12899166E+02  0.24517186E-01      0.00000000      0.00000000
  0.07880000 -0.12875118E+02  0.24418540E-01      0.00000000      0.00000000
  0.07900000 -0.12851003E+02  0.24309844E-01      0.00000000      0.00000000
  0.07919999 -0.12826900E+02  0.24213802E-01      0.00000000      0.00000000
  0.07940000 -0.12802968E+02  0.24104841E-01      0.00000000      0.00000000
  0.07960001 -0.12778780E+02  0.23976151E-01      0.00000000      0.00000000
  0.07979999 -0.12755187E+02  0.23903197E-01      0.00000000      0.00000000
