 -0.04000000  0.87073135E+01  0.24642467E-01      0.00000000      0.00000000
 -0.03980000  0.87320786E+01  0.24764538E-01      0.00000000      0.00000000
 -0.03960000  0.87570114E+01  0.24901867E-01      0.00000000      0.00000000
 -0.03940000  0.87814941E+01  0.25031567E-01      0.00000000      0.00000000
 -0.03920000  0.88066406E+01  0.25161266E-01      0.00000000      0.00000000
 -0.03900000  0.88320084E+01  0.25290489E-01      0.00000000      0.00000000
 -0.03880000  0.88573532E+01  0.25424004E-01      0.00000000      0.00000000
 -0.03860000  0.88829498E+01  0.25565147E-01      0.00000000      0.00000000
 -0.03840000  0.89084778E+01  0.25711060E-01      0.00000000      0.00000000
 -0.03820000  0.89339447E+01  0.25852203E-01      0.00000000      0.00000000
 -0.03800000  0.89597778E+01  0.25997162E-01      0.00000000      0.00000000
 -0.03780000  0.89857635E+01  0.26142120E-01      0.00000000      0.00000000
 -0.03760000  0.90122375E+01  0.26294708E-01      0.00000000      0.00000000
 -0.03740000  0.90388947E+01  0.26428223E-01      0.00000000      0.00000000
 -0.03720000  0.90654297E+01  0.26561737E-01      0.00000000      0.00000000
 -0.03700000  0.90919800E+01  0.26710510E-01      0.00000000      0.00000000
 -0.03680000  0.91186829E+01  0.26855469E-01      0.00000000      0.00000000
 -0.03660000  0.91453857E+01  0.27023315E-01      0.00000000      0.00000000
 -0.03640000  0.91723022E+01  0.27221680E-01      0.00000000      0.00000000
 -0.03620000  0.91998234E+01  0.27282715E-01      0.00000000      0.00000000
 -0.03600000  0.92271805E+01  0.27435303E-01      0.00000000      0.00000000
 -0.03580000  0.92548676E+01  0.27587891E-01      0.00000000      0.00000000
 -0.03560000  0.92827530E+01  0.27832031E-01      0.00000000      0.00000000
 -0.03540000  0.93104858E+01  0.27893066E-01      0.00000000      0.00000000
 -0.03520000  0.93387451E+01  0.28106689E-01      0.00000000      0.00000000
 -0.03500000  0.93666992E+01  0.28259277E-01      0.00000000      0.00000000
 -0.03480000  0.93948059E+01  0.28427124E-01      0.00000000      0.00000000
 -0.03460000  0.94233398E+01  0.28572083E-01      0.00000000      0.00000000
 -0.03440000  0.94521790E+01  0.28739929E-01      0.00000000      0.00000000
 -0.03420000  0.94810028E+01  0.28903961E-01      0.00000000      0.00000000
 -0.03400000  0.95101776E+01  0.29069901E-01      0.00000000      0.00000000
 -0.03380000  0.95393524E+01  0.29239655E-01      0.00000000      0.00000000
 -0.03360000  0.95686493E+01  0.29401779E-01      0.00000000      0.00000000
 -0.03340000  0.95982208E+01  0.29583931E-01      0.00000000      0.00000000
 -0.03320000  0.96280365E+01  0.29755592E-01      0.00000000      0.00000000
 -0.03300000  0.96580582E+01  0.29929161E-01      0.00000000      0.00000000
 -0.03280000  0.96877441E+01  0.30103207E-01      0.00000000      0.00000000
 -0.03260000  0.97180099E+01  0.30280113E-01      0.00000000      0.00000000
 -0.03240000  0.97483292E+01  0.30458450E-01      0.00000000      0.00000000
 -0.03220000  0.97791367E+01  0.30639648E-01      0.00000000      0.00000000
 -0.03200000  0.98098068E+01  0.30826569E-01      0.00000000      0.00000000
 -0.03180000  0.98404541E+01  0.30996323E-01      0.00000000      0.00000000
 -0.03160000  0.98714905E+01  0.31182289E-01      0.00000000      0.00000000
 -0.03140000  0.99029770E+01  0.31367779E-01      0.00000000      0.00000000
 -0.03120000  0.99344025E+01  0.31561613E-01      0.00000000      0.00000000
 -0.03100000  0.99656906E+01  0.31747580E-01      0.00000000      0.00000000
 -0.03080000  0.99977493E+01  0.31936646E-01      0.00000000      0.00000000
 -0.03060000  0.10029812E+02  0.32139301E-01      0.00000000      0.00000000
 -0.03040000  0.10061916E+02  0.32334805E-01      0.00000000      0.00000000
 -0.03020000  0.10094151E+02  0.32526493E-01      0.00000000      0.00000000
 -0.03000000  0.10126884E+02  0.32742262E-01      0.00000000      0.00000000
 -0.02980000  0.10159912E+02  0.32929420E-01      0.00000000      0.00000000
 -0.02960000  0.10192955E+02  0.33132792E-01      0.00000000      0.00000000
 -0.02940000  0.10226273E+02  0.33344030E-01      0.00000000      0.00000000
 -0.02920000  0.10259689E+02  0.33547401E-01      0.00000000      0.00000000
 -0.02900000  0.10293392E+02  0.33756971E-01      0.00000000      0.00000000
 -0.02880000  0.10327347E+02  0.33968687E-01      0.00000000      0.00000000
 -0.02860000  0.10361565E+02  0.34180284E-01      0.00000000      0.00000000
 -0.02840000  0.10395691E+02  0.34383655E-01      0.00000000      0.00000000
 -0.02820000  0.10429943E+02  0.34595490E-01      0.00000000      0.00000000
 -0.02800000  0.10464348E+02  0.34824014E-01      0.00000000      0.00000000
 -0.02780000  0.10499512E+02  0.35030246E-01      0.00000000      0.00000000
 -0.02760000  0.10535130E+02  0.35267591E-01      0.00000000      0.00000000
 -0.02740000  0.10570702E+02  0.35494447E-01      0.00000000      0.00000000
 -0.02720000  0.10606403E+02  0.35710990E-01      0.00000000      0.00000000
 -0.02700000  0.10642357E+02  0.35944998E-01      0.00000000      0.00000000
 -0.02680000  0.10678082E+02  0.36171913E-01      0.00000000      0.00000000
 -0.02660000  0.10714317E+02  0.36395669E-01      0.00000000      0.00000000
 -0.02640000  0.10750826E+02  0.36639094E-01      0.00000000      0.00000000
 -0.02620000  0.10788019E+02  0.36869586E-01      0.00000000      0.00000000
 -0.02600000  0.10824709E+02  0.37105858E-01      0.00000000      0.00000000
 -0.02580000  0.10861839E+02  0.37357748E-01      0.00000000      0.00000000
 -0.02560000  0.10899569E+02  0.37603199E-01      0.00000000      0.00000000
 -0.02540000  0.10937202E+02  0.37852645E-01      0.00000000      0.00000000
 -0.02520000  0.10975334E+02  0.38101017E-01      0.00000000      0.00000000
 -0.02500000  0.11013365E+02  0.38351119E-01      0.00000000      0.00000000
 -0.02480000  0.11051319E+02  0.38587809E-01      0.00000000      0.00000000
 -0.02460000  0.11090124E+02  0.38842440E-01      0.00000000      0.00000000
 -0.02440000  0.11128811E+02  0.39110184E-01      0.00000000      0.00000000
 -0.02420000  0.11168314E+02  0.39377034E-01      0.00000000      0.00000000
 -0.02400000  0.11207869E+02  0.39636910E-01      0.00000000      0.00000000
 -0.02380000  0.11247622E+02  0.39920747E-01      0.00000000      0.00000000
 -0.02360000  0.11287918E+02  0.40189028E-01      0.00000000      0.00000000
 -0.02340000  0.11327677E+02  0.40446371E-01      0.00000000      0.00000000
 -0.02320000  0.11368788E+02  0.40721983E-01      0.00000000      0.00000000
 -0.02300000  0.11409460E+02  0.41013002E-01      0.00000000      0.00000000
 -0.02280000  0.11450869E+02  0.41285336E-01      0.00000000      0.00000000
 -0.02260000  0.11492508E+02  0.41574657E-01      0.00000000      0.00000000
 -0.02240000  0.11533575E+02  0.41857123E-01      0.00000000      0.00000000
 -0.02220000  0.11576054E+02  0.42148381E-01      0.00000000      0.00000000
 -0.02200000  0.11618238E+02  0.42442054E-01      0.00000000      0.00000000
 -0.02180000  0.11660912E+02  0.42730987E-01      0.00000000      0.00000000
 -0.02160000  0.11703968E+02  0.43033928E-01      0.00000000      0.00000000
 -0.02140000  0.11746777E+02  0.43336362E-01      0.00000000      0.00000000
 -0.02120000  0.11790274E+02  0.43641567E-01      0.00000000      0.00000000
 -0.02100000  0.11834450E+02  0.43953151E-01      0.00000000      0.00000000
 -0.02080000  0.11878880E+02  0.44275522E-01      0.00000000      0.00000000
 -0.02060000  0.11923210E+02  0.44588268E-01      0.00000000      0.00000000
 -0.02040000  0.11968359E+02  0.44902980E-01      0.00000000      0.00000000
 -0.02020000  0.12012667E+02  0.45206964E-01      0.00000000      0.00000000
 -0.02000000  0.12058226E+02  0.45538992E-01      0.00000000      0.00000000
 -0.01980000  0.12103963E+02  0.45898020E-01      0.00000000      0.00000000
 -0.01960000  0.12149584E+02  0.46209738E-01      0.00000000      0.00000000
 -0.01940000  0.12195542E+02  0.46537623E-01      0.00000000      0.00000000
 -0.01920000  0.12242255E+02  0.46884254E-01      0.00000000      0.00000000
 -0.01900000  0.12289262E+02  0.47221899E-01      0.00000000      0.00000000
 -0.01880000  0.12336872E+02  0.47567278E-01      0.00000000      0.00000000
 -0.01860000  0.12384376E+02  0.47912553E-01      0.00000000      0.00000000
 -0.01840000  0.12432688E+02  0.48278779E-01      0.00000000      0.00000000
 -0.01820000  0.12481486E+02  0.48639759E-01      0.00000000      0.00000000
 -0.01800000  0.12530414E+02  0.49008206E-01      0.00000000      0.00000000
 -0.01780000  0.12580009E+02  0.49374133E-01      0.00000000      0.00000000
 -0.01760000  0.12628931E+02  0.49734011E-01      0.00000000      0.00000000
 -0.01740000  0.12678644E+02  0.50114810E-01      0.00000000      0.00000000
 -0.01720000  0.12728786E+02  0.50488412E-01      0.00000000      0.00000000
 -0.01700000  0.12779623E+02  0.50867826E-01      0.00000000      0.00000000
 -0.01680000  0.12830327E+02  0.51259741E-01      0.00000000      0.00000000
 -0.01660000  0.12881535E+02  0.51656365E-01      0.00000000      0.00000000
 -0.01640000  0.12933236E+02  0.52047566E-01      0.00000000      0.00000000
 -0.01620000  0.12985133E+02  0.52442208E-01      0.00000000      0.00000000
 -0.01600000  0.13038006E+02  0.52862570E-01      0.00000000      0.00000000
 -0.01580000  0.13090941E+02  0.53275034E-01      0.00000000      0.00000000
 -0.01560000  0.13144424E+02  0.53682670E-01      0.00000000      0.00000000
 -0.01540000  0.13197865E+02  0.54095656E-01      0.00000000      0.00000000
 -0.01520000  0.13252032E+02  0.54512873E-01      0.00000000      0.00000000
 -0.01500000  0.13307248E+02  0.54944232E-01      0.00000000      0.00000000
 -0.01480000  0.13362810E+02  0.55383414E-01      0.00000000      0.00000000
 -0.01460000  0.13418477E+02  0.55831403E-01      0.00000000      0.00000000
 -0.01440000  0.13474413E+02  0.56280583E-01      0.00000000      0.00000000
 -0.01420000  0.13530947E+02  0.56744009E-01      0.00000000      0.00000000
 -0.01400000  0.13587959E+02  0.57191990E-01      0.00000000      0.00000000
 -0.01380000  0.13645722E+02  0.57661571E-01      0.00000000      0.00000000
 -0.01360000  0.13703534E+02  0.58120653E-01      0.00000000      0.00000000
 -0.01340000  0.13761495E+02  0.58610708E-01      0.00000000      0.00000000
 -0.01320000  0.13821749E+02  0.59094921E-01      0.00000000      0.00000000
 -0.01300000  0.13881029E+02  0.59558235E-01      0.00000000      0.00000000
 -0.01280000  0.13940989E+02  0.60061127E-01      0.00000000      0.00000000
 -0.01260000  0.14001674E+02  0.60560077E-01      0.00000000      0.00000000
 -0.01240000  0.14061346E+02  0.61054371E-01      0.00000000      0.00000000
 -0.01220000  0.14122862E+02  0.61570145E-01      0.00000000      0.00000000
 -0.01200000  0.14184296E+02  0.62079780E-01      0.00000000      0.00000000
 -0.01180000  0.14246017E+02  0.62593766E-01      0.00000000      0.00000000
 -0.01160000  0.14308799E+02  0.63124903E-01      0.00000000      0.00000000
 -0.01140000  0.14372910E+02  0.63675851E-01      0.00000000      0.00000000
 -0.01120000  0.14436905E+02  0.64219765E-01      0.00000000      0.00000000
 -0.01100000  0.14501230E+02  0.64763360E-01      0.00000000      0.00000000
 -0.01080000  0.14566023E+02  0.65322958E-01      0.00000000      0.00000000
 -0.01060000  0.14631019E+02  0.65876611E-01      0.00000000      0.00000000
 -0.01040000  0.14697727E+02  0.66445962E-01      0.00000000      0.00000000
 -0.01020000  0.14764376E+02  0.67025594E-01      0.00000000      0.00000000
 -0.01000000  0.14831803E+02  0.67608453E-01      0.00000000      0.00000000
 -0.00980000  0.14899626E+02  0.68206050E-01      0.00000000      0.00000000
 -0.00960000  0.14968056E+02  0.68817399E-01      0.00000000      0.00000000
 -0.00940000  0.15038177E+02  0.69434814E-01      0.00000000      0.00000000
 -0.00920000  0.15107675E+02  0.70049852E-01      0.00000000      0.00000000
 -0.00900000  0.15177341E+02  0.70666321E-01      0.00000000      0.00000000
 -0.00880000  0.15248752E+02  0.71307927E-01      0.00000000      0.00000000
 -0.00860000  0.15319754E+02  0.71943536E-01      0.00000000      0.00000000
 -0.00840000  0.15391886E+02  0.72614402E-01      0.00000000      0.00000000
 -0.00820000  0.15465372E+02  0.73283792E-01      0.00000000      0.00000000
 -0.00800000  0.15538009E+02  0.73953673E-01      0.00000000      0.00000000
 -0.00780000  0.15612020E+02  0.74634090E-01      0.00000000      0.00000000
 -0.00760000  0.15686774E+02  0.75298697E-01      0.00000000      0.00000000
 -0.00740000  0.15763865E+02  0.76034188E-01      0.00000000      0.00000000
 -0.00720000  0.15839890E+02  0.76712213E-01      0.00000000      0.00000000
 -0.00700000  0.15917667E+02  0.77432394E-01      0.00000000      0.00000000
 -0.00680000  0.15994802E+02  0.78145012E-01      0.00000000      0.00000000
 -0.00660000  0.16073551E+02  0.78900948E-01      0.00000000      0.00000000
 -0.00640000  0.16152058E+02  0.79649992E-01      0.00000000      0.00000000
 -0.00620000  0.16232220E+02  0.80419086E-01      0.00000000      0.00000000
 -0.00600000  0.16312628E+02  0.81191406E-01      0.00000000      0.00000000
 -0.00580000  0.16395649E+02  0.81977077E-01      0.00000000      0.00000000
 -0.00560000  0.16477781E+02  0.82765855E-01      0.00000000      0.00000000
 -0.00540000  0.16560640E+02  0.83566099E-01      0.00000000      0.00000000
 -0.00520000  0.16644226E+02  0.84388286E-01      0.00000000      0.00000000
 -0.00500000  0.16728989E+02  0.85199051E-01      0.00000000      0.00000000
 -0.00480000  0.16814768E+02  0.86055517E-01      0.00000000      0.00000000
 -0.00460000  0.16902229E+02  0.86918503E-01      0.00000000      0.00000000
 -0.00440000  0.16988991E+02  0.87770231E-01      0.00000000      0.00000000
 -0.00420000  0.17076839E+02  0.88657133E-01      0.00000000      0.00000000
 -0.00400000  0.17165251E+02  0.89532778E-01      0.00000000      0.00000000
 -0.00380000  0.17254894E+02  0.90445243E-01      0.00000000      0.00000000
 -0.00360000  0.17344719E+02  0.91359802E-01      0.00000000      0.00000000
 -0.00340000  0.17437532E+02  0.92300050E-01      0.00000000      0.00000000
 -0.00320000  0.17530163E+02  0.93220010E-01      0.00000000      0.00000000
 -0.00300000  0.17624899E+02  0.94186388E-01      0.00000000      0.00000000
 -0.00280000  0.17720026E+02  0.95197544E-01      0.00000000      0.00000000
 -0.00260000  0.17815556E+02  0.96183836E-01      0.00000000      0.00000000
 -0.00240000  0.17913557E+02  0.97233653E-01      0.00000000      0.00000000
 -0.00220000  0.18010965E+02  0.98270707E-01      0.00000000      0.00000000
 -0.00200000  0.18110422E+02  0.99306181E-01      0.00000000      0.00000000
 -0.00180000  0.18210646E+02  0.10037168E+00      0.00000000      0.00000000
 -0.00160000  0.18310883E+02  0.10143010E+00      0.00000000      0.00000000
 -0.00140000  0.18412304E+02  0.10250913E+00      0.00000000      0.00000000
 -0.00120000  0.18515657E+02  0.10360657E+00      0.00000000      0.00000000
 -0.00100000  0.18618820E+02  0.10474134E+00      0.00000000      0.00000000
 -0.00080000  0.18723103E+02  0.10588010E+00      0.00000000      0.00000000
 -0.00060000  0.18829832E+02  0.10705544E+00      0.00000000      0.00000000
 -0.00040000  0.18937342E+02  0.10823946E+00      0.00000000      0.00000000
 -0.00020000  0.19045572E+02  0.10944863E+00      0.00000000      0.00000000
  0.00000000  0.19154963E+02  0.11064518E+00      0.00000000      0.00000000
  0.00020000  0.19266682E+02  0.11188845E+00      0.00000000      0.00000000
  0.00040000  0.19379385E+02  0.11315382E+00      0.00000000      0.00000000
  0.00060000  0.19493818E+02  0.11445159E+00      0.00000000      0.00000000
  0.00080000  0.19608240E+02  0.11577168E+00      0.00000000      0.00000000
  0.00100000  0.19726873E+02  0.11713300E+00      0.00000000      0.00000000
  0.00120000  0.19844967E+02  0.11848987E+00      0.00000000      0.00000000
  0.00140000  0.19964417E+02  0.11987942E+00      0.00000000      0.00000000
  0.00160000  0.20083641E+02  0.12127227E+00      0.00000000      0.00000000
  0.00180000  0.20206127E+02  0.12269691E+00      0.00000000      0.00000000
  0.00200000  0.20329227E+02  0.12413412E+00      0.00000000      0.00000000
  0.00220000  0.20453320E+02  0.12561789E+00      0.00000000      0.00000000
  0.00240000  0.20580618E+02  0.12714234E+00      0.00000000      0.00000000
  0.00260000  0.20708370E+02  0.12864988E+00      0.00000000      0.00000000
  0.00280000  0.20838022E+02  0.13024767E+00      0.00000000      0.00000000
  0.00300000  0.20967909E+02  0.13183187E+00      0.00000000      0.00000000
  0.00320000  0.21099983E+02  0.13344154E+00      0.00000000      0.00000000
  0.00340000  0.21234207E+02  0.13508673E+00      0.00000000      0.00000000
  0.00360000  0.21371119E+02  0.13677208E+00      0.00000000      0.00000000
  0.00380000  0.21510702E+02  0.13851446E+00      0.00000000      0.00000000
  0.00400000  0.21649120E+02  0.14027546E+00      0.00000000      0.00000000
  0.00420000  0.21789389E+02  0.14204174E+00      0.00000000      0.00000000
  0.00440000  0.21932531E+02  0.14382161E+00      0.00000000      0.00000000
  0.00460000  0.22077015E+02  0.14568309E+00      0.00000000      0.00000000
  0.00480000  0.22225008E+02  0.14757256E+00      0.00000000      0.00000000
  0.00500000  0.22371632E+02  0.14943577E+00      0.00000000      0.00000000
  0.00520000  0.22523642E+02  0.15141608E+00      0.00000000      0.00000000
  0.00540000  0.22675064E+02  0.15341631E+00      0.00000000      0.00000000
  0.00560000  0.22831585E+02  0.15549506E+00      0.00000000      0.00000000
  0.00580000  0.22987259E+02  0.15757924E+00      0.00000000      0.00000000
  0.00600000  0.23147207E+02  0.15972589E+00      0.00000000      0.00000000
  0.00620000  0.23306419E+02  0.16186424E+00      0.00000000      0.00000000
  0.00640000  0.23470623E+02  0.16408364E+00      0.00000000      0.00000000
  0.00660000  0.23636662E+02  0.16633327E+00      0.00000000      0.00000000
  0.00680000  0.23803291E+02  0.16864243E+00      0.00000000      0.00000000
  0.00700000  0.23973915E+02  0.17099166E+00      0.00000000      0.00000000
  0.00720000  0.24147217E+02  0.17340478E+00      0.00000000      0.00000000
  0.00740000  0.24319210E+02  0.17580895E+00      0.00000000      0.00000000
  0.00760000  0.24496605E+02  0.17829774E+00      0.00000000      0.00000000
  0.00780000  0.24676464E+02  0.18085492E+00      0.00000000      0.00000000
  0.00800000  0.24859180E+02  0.18347558E+00      0.00000000      0.00000000
  0.00820000  0.25042355E+02  0.18611422E+00      0.00000000      0.00000000
  0.00840000  0.25229786E+02  0.18884890E+00      0.00000000      0.00000000
  0.00860000  0.25420273E+02  0.19162104E+00      0.00000000      0.00000000
  0.00880000  0.25614676E+02  0.19450551E+00      0.00000000      0.00000000
  0.00900000  0.25810112E+02  0.19739619E+00      0.00000000      0.00000000
  0.00920000  0.26007769E+02  0.20034550E+00      0.00000000      0.00000000
  0.00940000  0.26207504E+02  0.20337769E+00      0.00000000      0.00000000
  0.00960000  0.26415455E+02  0.20653534E+00      0.00000000      0.00000000
  0.00980000  0.26624006E+02  0.20971376E+00      0.00000000      0.00000000
  0.01000000  0.26835012E+02  0.21298486E+00      0.00000000      0.00000000
  0.01020000  0.27047474E+02  0.21628016E+00      0.00000000      0.00000000
  0.01040000  0.27265448E+02  0.21967216E+00      0.00000000      0.00000000
  0.01060000  0.27489296E+02  0.22320111E+00      0.00000000      0.00000000
  0.01080000  0.27710808E+02  0.22673413E+00      0.00000000      0.00000000
  0.01100000  0.27941761E+02  0.23044999E+00      0.00000000      0.00000000
  0.01120000  0.28172163E+02  0.23418051E+00      0.00000000      0.00000000
  0.01140000  0.28409906E+02  0.23805250E+00      0.00000000      0.00000000
  0.01160000  0.28650700E+02  0.24200717E+00      0.00000000      0.00000000
  0.01180000  0.28894363E+02  0.24608234E+00      0.00000000      0.00000000
  0.01200000  0.29140614E+02  0.25015581E+00      0.00000000      0.00000000
  0.01220000  0.29392788E+02  0.25440875E+00      0.00000000      0.00000000
  0.01240000  0.29649092E+02  0.25877976E+00      0.00000000      0.00000000
  0.01260000  0.29910242E+02  0.26327243E+00      0.00000000      0.00000000
  0.01280000  0.30172680E+02  0.26780367E+00      0.00000000      0.00000000
  0.01300000  0.30441601E+02  0.27248979E+00      0.00000000      0.00000000
  0.01320000  0.30719034E+02  0.27737218E+00      0.00000000      0.00000000
  0.01340000  0.31000004E+02  0.28234378E+00      0.00000000      0.00000000
  0.01360000  0.31287746E+02  0.28749529E+00      0.00000000      0.00000000
  0.01380000  0.31576382E+02  0.29271671E+00      0.00000000      0.00000000
  0.01400000  0.31870796E+02  0.29808101E+00      0.00000000      0.00000000
  0.01420000  0.32166935E+02  0.30351695E+00      0.00000000      0.00000000
  0.01440000  0.32472946E+02  0.30916616E+00      0.00000000      0.00000000
  0.01460000  0.32785118E+02  0.31503510E+00      0.00000000      0.00000000
  0.01480000  0.33103943E+02  0.32108885E+00      0.00000000      0.00000000
  0.01500000  0.33427082E+02  0.32725477E+00      0.00000000      0.00000000
  0.01520000  0.33758301E+02  0.33361363E+00      0.00000000      0.00000000
  0.01540000  0.34095642E+02  0.34020343E+00      0.00000000      0.00000000
  0.01560000  0.34435574E+02  0.34690228E+00      0.00000000      0.00000000
  0.01580000  0.34787510E+02  0.35388088E+00      0.00000000      0.00000000
  0.01600000  0.35146572E+02  0.36112213E+00      0.00000000      0.00000000
  0.01619999  0.35511864E+02  0.36848164E+00      0.00000000      0.00000000
  0.01640000  0.35883366E+02  0.37608007E+00      0.00000000      0.00000000
  0.01660000  0.36256985E+02  0.38380206E+00      0.00000000      0.00000000
  0.01680000  0.36644417E+02  0.39189559E+00      0.00000000      0.00000000
  0.01700000  0.37039837E+02  0.40021136E+00      0.00000000      0.00000000
  0.01720000  0.37446999E+02  0.40893334E+00      0.00000000      0.00000000
  0.01740000  0.37862762E+02  0.41793978E+00      0.00000000      0.00000000
  0.01760000  0.38284927E+02  0.42713186E+00      0.00000000      0.00000000
  0.01780000  0.38712231E+02  0.43651870E+00      0.00000000      0.00000000
  0.01800000  0.39156040E+02  0.44642425E+00      0.00000000      0.00000000
  0.01820000  0.39607014E+02  0.45658585E+00      0.00000000      0.00000000
  0.01840000  0.40072929E+02  0.46719891E+00      0.00000000      0.00000000
  0.01860000  0.40544685E+02  0.47806686E+00      0.00000000      0.00000000
  0.01880000  0.41034752E+02  0.48950911E+00      0.00000000      0.00000000
  0.01900000  0.41526920E+02  0.50111765E+00      0.00000000      0.00000000
  0.01920000  0.42034885E+02  0.51324552E+00      0.00000000      0.00000000
  0.01940000  0.42554550E+02  0.52579588E+00      0.00000000      0.00000000
  0.01960000  0.43085541E+02  0.53881121E+00      0.00000000      0.00000000
  0.01980000  0.43630882E+02  0.55230576E+00      0.00000000      0.00000000
  0.02000000  0.44186455E+02  0.56630868E+00      0.00000000      0.00000000
  0.02020000  0.44755913E+02  0.58075953E+00      0.00000000      0.00000000
  0.02040000  0.45339867E+02  0.59577620E+00      0.00000000      0.00000000
  0.02060000  0.45940125E+02  0.61144489E+00      0.00000000      0.00000000
  0.02080000  0.46567169E+02  0.62802380E+00      0.00000000      0.00000000
  0.02100000  0.47203823E+02  0.64502573E+00      0.00000000      0.00000000
  0.02120000  0.47857433E+02  0.66279280E+00      0.00000000      0.00000000
  0.02140000  0.48539040E+02  0.68154436E+00      0.00000000      0.00000000
  0.02160000  0.49227448E+02  0.70075035E+00      0.00000000      0.00000000
  0.02180000  0.49943279E+02  0.72100276E+00      0.00000000      0.00000000
  0.02200000  0.50667145E+02  0.74170554E+00      0.00000000      0.00000000
  0.02220000  0.51426491E+02  0.76379609E+00      0.00000000      0.00000000
  0.02240000  0.52199734E+02  0.78667092E+00      0.00000000      0.00000000
  0.02260000  0.52996902E+02  0.81062853E+00      0.00000000      0.00000000
  0.02280000  0.53830444E+02  0.83597052E+00      0.00000000      0.00000000
  0.02300000  0.54686539E+02  0.86240244E+00      0.00000000      0.00000000
  0.02320000  0.55563797E+02  0.89000976E+00      0.00000000      0.00000000
  0.02340000  0.56465679E+02  0.91877818E+00      0.00000000      0.00000000
  0.02360000  0.57392838E+02  0.94883561E+00      0.00000000      0.00000000
  0.02380000  0.58354122E+02  0.98058796E+00      0.00000000      0.00000000
  0.02400000  0.59348412E+02  0.10139378E+01      0.00000000      0.00000000
  0.02420000  0.60381847E+02  0.10491488E+01      0.00000000      0.00000000
  0.02440000  0.61442719E+02  0.10859914E+01      0.00000000      0.00000000
  0.02460000  0.62558281E+02  0.11253692E+01      0.00000000      0.00000000
  0.02480000  0.63692314E+02  0.11661595E+01      0.00000000      0.00000000
  0.02500000  0.64886650E+02  0.12097756E+01      0.00000000      0.00000000
  0.02520000  0.66120178E+02  0.12558006E+01      0.00000000      0.00000000
  0.02540000  0.67391685E+02  0.13040724E+01      0.00000000      0.00000000
  0.02560000  0.68745735E+02  0.13565414E+01      0.00000000      0.00000000
  0.02580000  0.70131958E+02  0.14114048E+01      0.00000000      0.00000000
  0.02600000  0.71554672E+02  0.14686466E+01      0.00000000      0.00000000
  0.02620000  0.73061874E+02  0.15307939E+01      0.00000000      0.00000000
  0.02640000  0.74613678E+02  0.15959442E+01      0.00000000      0.00000000
  0.02660000  0.76236946E+02  0.16655401E+01      0.00000000      0.00000000
  0.02680000  0.77959152E+02  0.17410728E+01      0.00000000      0.00000000
  0.02700000  0.79727936E+02  0.18205047E+01      0.00000000      0.00000000
  0.02720000  0.81569794E+02  0.19049740E+01      0.00000000      0.00000000
  0.02740000  0.83493088E+02  0.19952431E+01      0.00000000      0.00000000
  0.02760000  0.85532288E+02  0.20933366E+01      0.00000000      0.00000000
  0.02780000  0.87692261E+02  0.21997616E+01      0.00000000      0.00000000
  0.02800000  0.89947586E+02  0.23137784E+01      0.00000000      0.00000000
  0.02820000  0.92343254E+02  0.24380345E+01      0.00000000      0.00000000
  0.02840000  0.94830887E+02  0.25704107E+01      0.00000000      0.00000000
  0.02860000  0.97493217E+02  0.27157950E+01      0.00000000      0.00000000
  0.02880000  0.10026687E+03  0.28720429E+01      0.00000000      0.00000000
  0.02900000  0.10321440E+03  0.30427163E+01      0.00000000      0.00000000
  0.02920000  0.10642019E+03  0.32341633E+01      0.00000000      0.00000000
  0.02940000  0.10975912E+03  0.34397402E+01      0.00000000      0.00000000
  0.02959999  0.11325334E+03  0.36617165E+01      0.00000000      0.00000000
  0.02980000  0.11699315E+03  0.39074121E+01      0.00000000      0.00000000
  0.03000000  0.12098848E+03  0.41784067E+01      0.00000000      0.00000000
  0.03020000  0.12530055E+03  0.44813781E+01      0.00000000      0.00000000
  0.03040000  0.12992679E+03  0.48184028E+01      0.00000000      0.00000000
  0.03060000  0.13490767E+03  0.51950359E+01      0.00000000      0.00000000
  0.03080000  0.14033276E+03  0.56214375E+01      0.00000000      0.00000000
  0.03100000  0.14610382E+03  0.60943508E+01      0.00000000      0.00000000
  0.03120000  0.15244321E+03  0.66359234E+01      0.00000000      0.00000000
  0.03140000  0.15933018E+03  0.72513151E+01      0.00000000      0.00000000
  0.03160000  0.16688104E+03  0.79583626E+01      0.00000000      0.00000000
  0.03179999  0.17527957E+03  0.87849865E+01      0.00000000      0.00000000
  0.03200001  0.18447202E+03  0.97367754E+01      0.00000000      0.00000000
  0.03220000  0.19475362E+03  0.10861830E+02      0.00000000      0.00000000
  0.03240000  0.20615579E+03  0.12186789E+02      0.00000000      0.00000000
  0.03260000  0.21894418E+03  0.13765532E+02      0.00000000      0.00000000
  0.03280000  0.23353699E+03  0.15687896E+02      0.00000000      0.00000000
  0.03300000  0.25005649E+03  0.18026535E+02      0.00000000      0.00000000
  0.03320000  0.26950702E+03  0.21004234E+02      0.00000000      0.00000000
  0.03340000  0.29214035E+03  0.24768497E+02      0.00000000      0.00000000
  0.03360000  0.31914935E+03  0.29709476E+02      0.00000000      0.00000000
  0.03380000  0.35097891E+03  0.36161125E+02      0.00000000      0.00000000
  0.03399999  0.39071527E+03  0.45234604E+02      0.00000000      0.00000000
  0.03420001  0.44108087E+03  0.58417423E+02      0.00000000      0.00000000
  0.03440000  0.50483728E+03  0.77967766E+02      0.00000000      0.00000000
  0.03460000  0.59133801E+03  0.11011197E+03      0.00000000      0.00000000
  0.03479999  0.71310382E+03  0.16815886E+03      0.00000000      0.00000000
  0.03500000  0.89321088E+03  0.28984094E+03      0.00000000      0.00000000
  0.03520000  0.11544038E+04  0.61636157E+03      0.00000000      0.00000000
  0.03540000  0.10987766E+04  0.15330913E+04      0.00000000      0.00000000
  0.03560000 -0.19419803E+03  0.15823374E+04      0.00000000      0.00000000
  0.03580000 -0.14223141E+03  0.86256885E+03      0.00000000      0.00000000
  0.03600000  0.26487924E+03  0.99976440E+03      0.00000000      0.00000000
  0.03619999 -0.17350642E+03  0.18633135E+04      0.00000000      0.00000000
  0.03640000 -0.12497854E+04  0.11564810E+04      0.00000000      0.00000000
  0.03660000 -0.10673081E+04  0.47220102E+03      0.00000000      0.00000000
  0.03680000 -0.83135242E+03  0.24115878E+03      0.00000000      0.00000000
  0.03700000 -0.67251624E+03  0.14615012E+03      0.00000000      0.00000000
  0.03720000 -0.56345715E+03  0.98351990E+02      0.00000000      0.00000000
  0.03740000 -0.48451410E+03  0.70840836E+02      0.00000000      0.00000000
  0.03760000 -0.42565564E+03  0.53769073E+02      0.00000000      0.00000000
  0.03780000 -0.37934259E+03  0.42191883E+02      0.00000000      0.00000000
  0.03800000 -0.34223346E+03  0.34021667E+02      0.00000000      0.00000000
  0.03820000 -0.31208652E+03  0.28093552E+02      0.00000000      0.00000000
  0.03839999 -0.28695087E+03  0.23623947E+02      0.00000000      0.00000000
  0.03860000 -0.26545160E+03  0.20130056E+02      0.00000000      0.00000000
  0.03880000 -0.24699934E+03  0.17366505E+02      0.00000000      0.00000000
  0.03900000 -0.23091550E+03  0.15135602E+02      0.00000000      0.00000000
  0.03920000 -0.21691396E+03  0.13320936E+02      0.00000000      0.00000000
  0.03940000 -0.20435809E+03  0.11796776E+02      0.00000000      0.00000000
  0.03960000 -0.19327220E+03  0.10533255E+02      0.00000000      0.00000000
  0.03980000 -0.18334821E+03  0.94639797E+01      0.00000000      0.00000000
  0.04000000 -0.17446463E+03  0.85570660E+01      0.00000000      0.00000000
  0.04020000 -0.16644365E+03  0.77777519E+01      0.00000000      0.00000000
  0.04040000 -0.15900421E+03  0.70892320E+01      0.00000000      0.00000000
  0.04060000 -0.15222826E+03  0.64902744E+01      0.00000000      0.00000000
  0.04080000 -0.14600954E+03  0.59643965E+01      0.00000000      0.00000000
  0.04100000 -0.14033728E+03  0.55047073E+01      0.00000000      0.00000000
  0.04120000 -0.13508696E+03  0.50958104E+01      0.00000000      0.00000000
  0.04140000 -0.13015041E+03  0.47256365E+01      0.00000000      0.00000000
  0.04160000 -0.12560014E+03  0.43974323E+01      0.00000000      0.00000000
  0.04180000 -0.12136185E+03  0.41025524E+01      0.00000000      0.00000000
  0.04200000 -0.11739597E+03  0.38359399E+01      0.00000000      0.00000000
  0.04220000 -0.11369292E+03  0.35950613E+01      0.00000000      0.00000000
  0.04240000 -0.11027425E+03  0.33797293E+01      0.00000000      0.00000000
  0.04260000 -0.10697772E+03  0.31785722E+01      0.00000000      0.00000000
  0.04280000 -0.10388531E+03  0.29955118E+01      0.00000000      0.00000000
  0.04300000 -0.10097177E+03  0.28280544E+01      0.00000000      0.00000000
  0.04320000 -0.98225174E+02  0.26748176E+01      0.00000000      0.00000000
  0.04340000 -0.95641083E+02  0.25344176E+01      0.00000000      0.00000000
  0.04360000 -0.93186005E+02  0.24045057E+01      0.00000000      0.00000000
  0.04380000 -0.90838165E+02  0.22836480E+01      0.00000000      0.00000000
  0.04400000 -0.88587433E+02  0.21706784E+01      0.00000000      0.00000000
  0.04420000 -0.86445801E+02  0.20658360E+01      0.00000000      0.00000000
  0.04440000 -0.84421249E+02  0.19691572E+01      0.00000000      0.00000000
  0.04460000 -0.82501511E+02  0.18796329E+01      0.00000000      0.00000000
  0.04480000 -0.80677559E+02  0.17963970E+01      0.00000000      0.00000000
  0.04500000 -0.78928467E+02  0.17183435E+01      0.00000000      0.00000000
  0.04520000 -0.77262550E+02  0.16456810E+01      0.00000000      0.00000000
  0.04539999 -0.75654053E+02  0.15771091E+01      0.00000000      0.00000000
  0.04560000 -0.74104141E+02  0.15123422E+01      0.00000000      0.00000000
  0.04580000 -0.72615555E+02  0.14514824E+01      0.00000000      0.00000000
  0.04600000 -0.71187889E+02  0.13943238E+01      0.00000000      0.00000000
  0.04620000 -0.69812546E+02  0.13403988E+01      0.00000000      0.00000000
  0.04640000 -0.68486313E+02  0.12892244E+01      0.00000000      0.00000000
  0.04660000 -0.67247223E+02  0.12424200E+01      0.00000000      0.00000000
  0.04680000 -0.66035606E+02  0.11974716E+01      0.00000000      0.00000000
  0.04700000 -0.64859482E+02  0.11546834E+01      0.00000000      0.00000000
  0.04720000 -0.63720379E+02  0.11139829E+01      0.00000000      0.00000000
  0.04740000 -0.62606361E+02  0.10748553E+01      0.00000000      0.00000000
  0.04759999 -0.61541458E+02  0.10380434E+01      0.00000000      0.00000000
  0.04780000 -0.60518372E+02  0.10032998E+01      0.00000000      0.00000000
  0.04800000 -0.59529724E+02  0.97037792E+00      0.00000000      0.00000000
  0.04820000 -0.58572311E+02  0.93896854E+00      0.00000000      0.00000000
  0.04840000 -0.57666092E+02  0.90972775E+00      0.00000000      0.00000000
  0.04860000 -0.56765144E+02  0.88112354E+00      0.00000000      0.00000000
  0.04880000 -0.55902897E+02  0.85423756E+00      0.00000000      0.00000000
  0.04899999 -0.55061859E+02  0.82831287E+00      0.00000000      0.00000000
  0.04920000 -0.54246899E+02  0.80356419E+00      0.00000000      0.00000000
  0.04940000 -0.53458900E+02  0.78006899E+00      0.00000000      0.00000000
  0.04960000 -0.52692070E+02  0.75751597E+00      0.00000000      0.00000000
  0.04979999 -0.51945305E+02  0.73582089E+00      0.00000000      0.00000000
  0.05000000 -0.51218414E+02  0.71506190E+00      0.00000000      0.00000000
  0.05020000 -0.50514793E+02  0.69522959E+00      0.00000000      0.00000000
  0.05040000 -0.49837914E+02  0.67641759E+00      0.00000000      0.00000000
  0.05060000 -0.49159561E+02  0.65775323E+00      0.00000000      0.00000000
  0.05080000 -0.48510597E+02  0.64024204E+00      0.00000000      0.00000000
  0.05100000 -0.47875103E+02  0.62326860E+00      0.00000000      0.00000000
  0.05119999 -0.47267914E+02  0.60723639E+00      0.00000000      0.00000000
  0.05140000 -0.46673477E+02  0.59186137E+00      0.00000000      0.00000000
  0.05160000 -0.46089104E+02  0.57687676E+00      0.00000000      0.00000000
  0.05180000 -0.45521683E+02  0.56256765E+00      0.00000000      0.00000000
  0.05199999 -0.44970119E+02  0.54874641E+00      0.00000000      0.00000000
  0.05220000 -0.44428165E+02  0.53537148E+00      0.00000000      0.00000000
  0.05240000 -0.43897888E+02  0.52241254E+00      0.00000000      0.00000000
  0.05260000 -0.43377541E+02  0.50988775E+00      0.00000000      0.00000000
  0.05280000 -0.42873680E+02  0.49788684E+00      0.00000000      0.00000000
  0.05300000 -0.42386284E+02  0.48647240E+00      0.00000000      0.00000000
  0.05320000 -0.41902985E+02  0.47527266E+00      0.00000000      0.00000000
  0.05339999 -0.41433434E+02  0.46441749E+00      0.00000000      0.00000000
  0.05360000 -0.40973469E+02  0.45398927E+00      0.00000000      0.00000000
  0.05380000 -0.40532558E+02  0.44404590E+00      0.00000000      0.00000000
  0.05400000 -0.40087437E+02  0.43412116E+00      0.00000000      0.00000000
  0.05420000 -0.39659561E+02  0.42469424E+00      0.00000000      0.00000000
  0.05440000 -0.39234230E+02  0.41545588E+00      0.00000000      0.00000000
  0.05460000 -0.38817600E+02  0.40645939E+00      0.00000000      0.00000000
  0.05480000 -0.38422306E+02  0.39808154E+00      0.00000000      0.00000000
  0.05500000 -0.38023140E+02  0.38971376E+00      0.00000000      0.00000000
  0.05520000 -0.37640686E+02  0.38178110E+00      0.00000000      0.00000000
  0.05540000 -0.37266388E+02  0.37401223E+00      0.00000000      0.00000000
  0.05560000 -0.36893929E+02  0.36642876E+00      0.00000000      0.00000000
  0.05580000 -0.36529797E+02  0.35907543E+00      0.00000000      0.00000000
  0.05600000 -0.36175072E+02  0.35200083E+00      0.00000000      0.00000000
  0.05620000 -0.35829029E+02  0.34511268E+00      0.00000000      0.00000000
  0.05640000 -0.35486855E+02  0.33841723E+00      0.00000000      0.00000000
  0.05660000 -0.35152512E+02  0.33191380E+00      0.00000000      0.00000000
  0.05680000 -0.34821152E+02  0.32550019E+00      0.00000000      0.00000000
  0.05700000 -0.34497627E+02  0.31936622E+00      0.00000000      0.00000000
  0.05720000 -0.34188602E+02  0.31354770E+00      0.00000000      0.00000000
  0.05740000 -0.33880466E+02  0.30777591E+00      0.00000000      0.00000000
  0.05760000 -0.33574093E+02  0.30214626E+00      0.00000000      0.00000000
  0.05780000 -0.33271950E+02  0.29656208E+00      0.00000000      0.00000000
  0.05800000 -0.32979942E+02  0.29125959E+00      0.00000000      0.00000000
  0.05819999 -0.32692432E+02  0.28604376E+00      0.00000000      0.00000000
  0.05840000 -0.32408424E+02  0.28101432E+00      0.00000000      0.00000000
  0.05860000 -0.32129082E+02  0.27605134E+00      0.00000000      0.00000000
  0.05880000 -0.31853649E+02  0.27121687E+00      0.00000000      0.00000000
  0.05900000 -0.31582066E+02  0.26650625E+00      0.00000000      0.00000000
  0.05920000 -0.31317574E+02  0.26193601E+00      0.00000000      0.00000000
  0.05940000 -0.31058578E+02  0.25751442E+00      0.00000000      0.00000000
  0.05960000 -0.30804031E+02  0.25319672E+00      0.00000000      0.00000000
  0.05980000 -0.30554541E+02  0.24898848E+00      0.00000000      0.00000000
  0.06000000 -0.30306690E+02  0.24485162E+00      0.00000000      0.00000000
  0.06020000 -0.30063503E+02  0.24086878E+00      0.00000000      0.00000000
  0.06039999 -0.29826244E+02  0.23696235E+00      0.00000000      0.00000000
  0.06060000 -0.29591476E+02  0.23317076E+00      0.00000000      0.00000000
  0.06080000 -0.29360622E+02  0.22940758E+00      0.00000000      0.00000000
  0.06100000 -0.29132133E+02  0.22573602E+00      0.00000000      0.00000000
  0.06119999 -0.28910267E+02  0.22219378E+00      0.00000000      0.00000000
  0.06140000 -0.28689949E+02  0.21872793E+00      0.00000000      0.00000000
  0.06160000 -0.28470480E+02  0.21527109E+00      0.00000000      0.00000000
  0.06180000 -0.28257700E+02  0.21200937E+00      0.00000000      0.00000000
  0.06200000 -0.28046562E+02  0.20878974E+00      0.00000000      0.00000000
  0.06220000 -0.27838360E+02  0.20561118E+00      0.00000000      0.00000000
  0.06240000 -0.27633282E+02  0.20249349E+00      0.00000000      0.00000000
  0.06259999 -0.27430988E+02  0.19945860E+00      0.00000000      0.00000000
  0.06280001 -0.27233620E+02  0.19650203E+00      0.00000000      0.00000000
  0.06300000 -0.27036371E+02  0.19359387E+00      0.00000000      0.00000000
  0.06320000 -0.26843176E+02  0.19072804E+00      0.00000000      0.00000000
  0.06339999 -0.26653225E+02  0.18796122E+00      0.00000000      0.00000000
  0.06360000 -0.26467781E+02  0.18528606E+00      0.00000000      0.00000000
  0.06380000 -0.26284550E+02  0.18264663E+00      0.00000000      0.00000000
  0.06400000 -0.26102201E+02  0.18000340E+00      0.00000000      0.00000000
  0.06420000 -0.25924831E+02  0.17751932E+00      0.00000000      0.00000000
  0.06440000 -0.25750000E+02  0.17505288E+00      0.00000000      0.00000000
  0.06460000 -0.25576742E+02  0.17261839E+00      0.00000000      0.00000000
  0.06479999 -0.25406010E+02  0.17025158E+00      0.00000000      0.00000000
  0.06500000 -0.25237350E+02  0.16792896E+00      0.00000000      0.00000000
  0.06520000 -0.25069817E+02  0.16563179E+00      0.00000000      0.00000000
  0.06540000 -0.24906605E+02  0.16339810E+00      0.00000000      0.00000000
  0.06559999 -0.24742990E+02  0.16121431E+00      0.00000000      0.00000000
  0.06580000 -0.24582790E+02  0.15902826E+00      0.00000000      0.00000000
  0.06600000 -0.24423124E+02  0.15688545E+00      0.00000000      0.00000000
  0.06620000 -0.24265217E+02  0.15481764E+00      0.00000000      0.00000000
  0.06640000 -0.24114733E+02  0.15285870E+00      0.00000000      0.00000000
  0.06660000 -0.23961748E+02  0.15085503E+00      0.00000000      0.00000000
  0.06680001 -0.23813244E+02  0.14896131E+00      0.00000000      0.00000000
  0.06699999 -0.23664463E+02  0.14700279E+00      0.00000000      0.00000000
  0.06720000 -0.23517559E+02  0.14511046E+00      0.00000000      0.00000000
  0.06739999 -0.23375629E+02  0.14328641E+00      0.00000000      0.00000000
  0.06760000 -0.23234268E+02  0.14146355E+00      0.00000000      0.00000000
  0.06780000 -0.23093285E+02  0.13970512E+00      0.00000000      0.00000000
  0.06800000 -0.22956106E+02  0.13799885E+00      0.00000000      0.00000000
  0.06820000 -0.22819683E+02  0.13630579E+00      0.00000000      0.00000000
  0.06840000 -0.22683111E+02  0.13464352E+00      0.00000000      0.00000000
  0.06859999 -0.22549358E+02  0.13302720E+00      0.00000000      0.00000000
  0.06880000 -0.22416225E+02  0.13139027E+00      0.00000000      0.00000000
  0.06900001 -0.22284351E+02  0.12979838E+00      0.00000000      0.00000000
  0.06919999 -0.22154236E+02  0.12821425E+00      0.00000000      0.00000000
  0.06940000 -0.22028229E+02  0.12669021E+00      0.00000000      0.00000000
  0.06960000 -0.21902447E+02  0.12516478E+00      0.00000000      0.00000000
  0.06980000 -0.21778336E+02  0.12368275E+00      0.00000000      0.00000000
  0.07000000 -0.21655972E+02  0.12224633E+00      0.00000000      0.00000000
  0.07020000 -0.21533413E+02  0.12081846E+00      0.00000000      0.00000000
  0.07040000 -0.21413149E+02  0.11943793E+00      0.00000000      0.00000000
  0.07060000 -0.21295902E+02  0.11809407E+00      0.00000000      0.00000000
  0.07079999 -0.21176970E+02  0.11673927E+00      0.00000000      0.00000000
  0.07099999 -0.21060102E+02  0.11539105E+00      0.00000000      0.00000000
  0.07120001 -0.20945759E+02  0.11407657E+00      0.00000000      0.00000000
  0.07139999 -0.20832308E+02  0.11279947E+00      0.00000000      0.00000000
  0.07160000 -0.20719799E+02  0.11151177E+00      0.00000000      0.00000000
  0.07180000 -0.20609812E+02  0.11030986E+00      0.00000000      0.00000000
  0.07200000 -0.20499578E+02  0.10906647E+00      0.00000000      0.00000000
  0.07220000 -0.20392141E+02  0.10788828E+00      0.00000000      0.00000000
  0.07239999 -0.20285080E+02  0.10670579E+00      0.00000000      0.00000000
  0.07260000 -0.20179169E+02  0.10554975E+00      0.00000000      0.00000000
  0.07280000 -0.20074305E+02  0.10439328E+00      0.00000000      0.00000000
  0.07299999 -0.19970448E+02  0.10326301E+00      0.00000000      0.00000000
  0.07319999 -0.19867506E+02  0.10216916E+00      0.00000000      0.00000000
  0.07340001 -0.19766022E+02  0.10108612E+00      0.00000000      0.00000000
  0.07359999 -0.19665180E+02  0.10002713E+00      0.00000000      0.00000000
  0.07380000 -0.19565659E+02  0.98972753E-01      0.00000000      0.00000000
  0.07400000 -0.19468004E+02  0.97925976E-01      0.00000000      0.00000000
  0.07420000 -0.19369932E+02  0.96892349E-01      0.00000000      0.00000000
  0.07440000 -0.19274340E+02  0.95886566E-01      0.00000000      0.00000000
  0.07460000 -0.19179848E+02  0.94909817E-01      0.00000000      0.00000000
  0.07480000 -0.19084925E+02  0.93935572E-01      0.00000000      0.00000000
  0.07500000 -0.18991121E+02  0.92990071E-01      0.00000000      0.00000000
  0.07519999 -0.18900375E+02  0.92076898E-01      0.00000000      0.00000000
  0.07539999 -0.18807102E+02  0.91125920E-01      0.00000000      0.00000000
  0.07560000 -0.18715511E+02  0.90201452E-01      0.00000000      0.00000000
  0.07579999 -0.18625940E+02  0.89280903E-01      0.00000000      0.00000000
  0.07600000 -0.18538307E+02  0.88407576E-01      0.00000000      0.00000000
  0.07620000 -0.18450737E+02  0.87516084E-01      0.00000000      0.00000000
  0.07640000 -0.18363192E+02  0.86664334E-01      0.00000000      0.00000000
  0.07660000 -0.18277573E+02  0.85805468E-01      0.00000000      0.00000000
  0.07680000 -0.18192192E+02  0.84990397E-01      0.00000000      0.00000000
  0.07699999 -0.18107246E+02  0.84151581E-01      0.00000000      0.00000000
  0.07720000 -0.18022451E+02  0.83320558E-01      0.00000000      0.00000000
  0.07739999 -0.17939041E+02  0.82504243E-01      0.00000000      0.00000000
  0.07759999 -0.17855722E+02  0.81716202E-01      0.00000000      0.00000000
  0.07780000 -0.17775265E+02  0.80935158E-01      0.00000000      0.00000000
  0.07799999 -0.17695688E+02  0.80174692E-01      0.00000000      0.00000000
  0.07820000 -0.17616142E+02  0.79436079E-01      0.00000000      0.00000000
  0.07840000 -0.17536505E+02  0.78672364E-01      0.00000000      0.00000000
  0.07860000 -0.17458570E+02  0.77932850E-01      0.00000000      0.00000000
  0.07880000 -0.17380356E+02  0.77208117E-01      0.00000000      0.00000000
  0.07900000 -0.17303953E+02  0.76483414E-01      0.00000000      0.00000000
  0.07919999 -0.17227638E+02  0.75810313E-01      0.00000000      0.00000000
  0.07940000 -0.17151169E+02  0.75117417E-01      0.00000000      0.00000000
  0.07960001 -0.17075832E+02  0.74405685E-01      0.00000000      0.00000000
  0.07979999 -0.17001850E+02  0.73730424E-01      0.00000000      0.00000000
