 -0.04000000  0.23185829E+03  0.11606506E+02      0.00000000      0.00000000
 -0.03980000  0.24400247E+03  0.12865026E+02      0.00000000      0.00000000
 -0.03960000  0.25740671E+03  0.14333773E+02      0.00000000      0.00000000
 -0.03940000  0.27264169E+03  0.16098217E+02      0.00000000      0.00000000
 -0.03920000  0.28948999E+03  0.18184883E+02      0.00000000      0.00000000
 -0.03900000  0.30886139E+03  0.20735226E+02      0.00000000      0.00000000
 -0.03880000  0.33087845E+03  0.23855488E+02      0.00000000      0.00000000
 -0.03860000  0.35645862E+03  0.27769405E+02      0.00000000      0.00000000
 -0.03840000  0.38621686E+03  0.32755989E+02      0.00000000      0.00000000
 -0.03820000  0.42101782E+03  0.39140762E+02      0.00000000      0.00000000
 -0.03800000  0.46347577E+03  0.47806465E+02      0.00000000      0.00000000
 -0.03780000  0.51518463E+03  0.59715816E+02      0.00000000      0.00000000
 -0.03760000  0.58033008E+03  0.76851227E+02      0.00000000      0.00000000
 -0.03740000  0.66381799E+03  0.10263635E+03      0.00000000      0.00000000
 -0.03720000  0.77739929E+03  0.14548187E+03      0.00000000      0.00000000
 -0.03700000  0.94123962E+03  0.22569662E+03      0.00000000      0.00000000
 -0.03680000  0.11826967E+04  0.39763550E+03      0.00000000      0.00000000
 -0.03660000  0.15097018E+04  0.85305811E+03      0.00000000      0.00000000
 -0.03640000  0.12960076E+04  0.20342102E+04      0.00000000      0.00000000
 -0.03620000 -0.29151340E+03  0.19794967E+04      0.00000000      0.00000000
 -0.03600000 -0.26327499E+03  0.10412368E+04      0.00000000      0.00000000
 -0.03580000  0.27167798E+03  0.10427026E+04      0.00000000      0.00000000
 -0.03560000  0.31493234E+03  0.19903278E+04      0.00000000      0.00000000
 -0.03540000 -0.13223047E+04  0.20568499E+04      0.00000000      0.00000000
 -0.03520000 -0.15159971E+04  0.84724500E+03      0.00000000      0.00000000
 -0.03500000 -0.11834393E+04  0.39484302E+03      0.00000000      0.00000000
 -0.03480000 -0.94063818E+03  0.22383429E+03      0.00000000      0.00000000
 -0.03460000 -0.78005542E+03  0.14566159E+03      0.00000000      0.00000000
 -0.03440000 -0.66535968E+03  0.10246847E+03      0.00000000      0.00000000
 -0.03420000 -0.58154572E+03  0.76581734E+02      0.00000000      0.00000000
 -0.03400000 -0.51607605E+03  0.59379658E+02      0.00000000      0.00000000
 -0.03380000 -0.46458032E+03  0.47593243E+02      0.00000000      0.00000000
 -0.03360000 -0.42248486E+03  0.39046417E+02      0.00000000      0.00000000
 -0.03340000 -0.38720578E+03  0.32589504E+02      0.00000000      0.00000000
 -0.03320000 -0.35799969E+03  0.27720234E+02      0.00000000      0.00000000
 -0.03300000 -0.33244257E+03  0.23781979E+02      0.00000000      0.00000000
 -0.03280000 -0.31045264E+03  0.20658951E+02      0.00000000      0.00000000
 -0.03260000 -0.29137469E+03  0.18147455E+02      0.00000000      0.00000000
 -0.03240000 -0.27409988E+03  0.16013004E+02      0.00000000      0.00000000
 -0.03220000 -0.25909641E+03  0.14280126E+02      0.00000000      0.00000000
 -0.03200000 -0.24571794E+03  0.12818769E+02      0.00000000      0.00000000
 -0.03180000 -0.23363818E+03  0.11569873E+02      0.00000000      0.00000000
 -0.03160000 -0.22262927E+03  0.10485052E+02      0.00000000      0.00000000
 -0.03140000 -0.21260722E+03  0.95475035E+01      0.00000000      0.00000000
 -0.03120000 -0.20353574E+03  0.87416563E+01      0.00000000      0.00000000
 -0.03100000 -0.19516098E+03  0.80245247E+01      0.00000000      0.00000000
 -0.03080000 -0.18748479E+03  0.73982334E+01      0.00000000      0.00000000
 -0.03060000 -0.18038187E+03  0.68450303E+01      0.00000000      0.00000000
 -0.03040000 -0.17380038E+03  0.63476200E+01      0.00000000      0.00000000
 -0.03020000 -0.16766583E+03  0.59000645E+01      0.00000000      0.00000000
 -0.03000000 -0.16198438E+03  0.55030251E+01      0.00000000      0.00000000
 -0.02980000 -0.15675873E+03  0.51494265E+01      0.00000000      0.00000000
 -0.02960000 -0.15170697E+03  0.48173943E+01      0.00000000      0.00000000
 -0.02940000 -0.14703351E+03  0.45216160E+01      0.00000000      0.00000000
 -0.02920000 -0.14274039E+03  0.42588987E+01      0.00000000      0.00000000
 -0.02900000 -0.13859113E+03  0.40127525E+01      0.00000000      0.00000000
 -0.02880000 -0.13465755E+03  0.37868814E+01      0.00000000      0.00000000
 -0.02860000 -0.13094373E+03  0.35758948E+01      0.00000000      0.00000000
 -0.02840000 -0.12749594E+03  0.33869379E+01      0.00000000      0.00000000
 -0.02820000 -0.12422127E+03  0.32144499E+01      0.00000000      0.00000000
 -0.02800000 -0.12112524E+03  0.30537834E+01      0.00000000      0.00000000
 -0.02780000 -0.11813029E+03  0.29039788E+01      0.00000000      0.00000000
 -0.02760000 -0.11535640E+03  0.27682221E+01      0.00000000      0.00000000
 -0.02740000 -0.11266562E+03  0.26397235E+01      0.00000000      0.00000000
 -0.02720000 -0.11007908E+03  0.25179715E+01      0.00000000      0.00000000
 -0.02700000 -0.10762100E+03  0.24049315E+01      0.00000000      0.00000000
 -0.02680000 -0.10524625E+03  0.22980752E+01      0.00000000      0.00000000
 -0.02660000 -0.10303618E+03  0.22011075E+01      0.00000000      0.00000000
 -0.02640000 -0.10085788E+03  0.21084399E+01      0.00000000      0.00000000
 -0.02620000 -0.98802406E+02  0.20223720E+01      0.00000000      0.00000000
 -0.02600000 -0.96817322E+02  0.19403491E+01      0.00000000      0.00000000
 -0.02580000 -0.94903732E+02  0.18629910E+01      0.00000000      0.00000000
 -0.02560000 -0.93089035E+02  0.17923263E+01      0.00000000      0.00000000
 -0.02540000 -0.91354874E+02  0.17256801E+01      0.00000000      0.00000000
 -0.02520000 -0.89652870E+02  0.16607909E+01      0.00000000      0.00000000
 -0.02500000 -0.88023087E+02  0.16001053E+01      0.00000000      0.00000000
 -0.02480000 -0.86460205E+02  0.15424111E+01      0.00000000      0.00000000
 -0.02460000 -0.84927261E+02  0.14878299E+01      0.00000000      0.00000000
 -0.02440000 -0.83477448E+02  0.14365137E+01      0.00000000      0.00000000
 -0.02420000 -0.82059601E+02  0.13875824E+01      0.00000000      0.00000000
 -0.02400000 -0.80684982E+02  0.13410437E+01      0.00000000      0.00000000
 -0.02380000 -0.79365463E+02  0.12963016E+01      0.00000000      0.00000000
 -0.02360000 -0.78093887E+02  0.12546890E+01      0.00000000      0.00000000
 -0.02340000 -0.76843567E+02  0.12143641E+01      0.00000000      0.00000000
 -0.02320000 -0.75652649E+02  0.11760159E+01      0.00000000      0.00000000
 -0.02300000 -0.74503342E+02  0.11405461E+01      0.00000000      0.00000000
 -0.02280000 -0.73386566E+02  0.11060501E+01      0.00000000      0.00000000
 -0.02260000 -0.72289940E+02  0.10727751E+01      0.00000000      0.00000000
 -0.02240000 -0.71242081E+02  0.10411834E+01      0.00000000      0.00000000
 -0.02220000 -0.70211472E+02  0.10106579E+01      0.00000000      0.00000000
 -0.02200000 -0.69222900E+02  0.98232657E+00      0.00000000      0.00000000
 -0.02180000 -0.68257347E+02  0.95452297E+00      0.00000000      0.00000000
 -0.02160000 -0.67320633E+02  0.92802024E+00      0.00000000      0.00000000
 -0.02140000 -0.66394173E+02  0.90219080E+00      0.00000000      0.00000000
 -0.02120000 -0.65507278E+02  0.87787879E+00      0.00000000      0.00000000
 -0.02100000 -0.64637024E+02  0.85422742E+00      0.00000000      0.00000000
 -0.02080000 -0.63803780E+02  0.83180666E+00      0.00000000      0.00000000
 -0.02060000 -0.62986542E+02  0.81030881E+00      0.00000000      0.00000000
 -0.02040000 -0.62199020E+02  0.78956181E+00      0.00000000      0.00000000
 -0.02020000 -0.61410774E+02  0.76925707E+00      0.00000000      0.00000000
 -0.02000000 -0.60649734E+02  0.75035536E+00      0.00000000      0.00000000
 -0.01980000 -0.59908131E+02  0.73168522E+00      0.00000000      0.00000000
 -0.01960000 -0.59180668E+02  0.71360165E+00      0.00000000      0.00000000
 -0.01940000 -0.58472679E+02  0.69661409E+00      0.00000000      0.00000000
 -0.01920000 -0.57791798E+02  0.67989492E+00      0.00000000      0.00000000
 -0.01900000 -0.57127136E+02  0.66424531E+00      0.00000000      0.00000000
 -0.01880000 -0.56464378E+02  0.64858115E+00      0.00000000      0.00000000
 -0.01860000 -0.55822571E+02  0.63343847E+00      0.00000000      0.00000000
 -0.01840000 -0.55200592E+02  0.61912876E+00      0.00000000      0.00000000
 -0.01820000 -0.54586479E+02  0.60521376E+00      0.00000000      0.00000000
 -0.01800000 -0.53983761E+02  0.59166610E+00      0.00000000      0.00000000
 -0.01780000 -0.53395111E+02  0.57855189E+00      0.00000000      0.00000000
 -0.01760000 -0.52826443E+02  0.56589717E+00      0.00000000      0.00000000
 -0.01740000 -0.52272423E+02  0.55389935E+00      0.00000000      0.00000000
 -0.01720000 -0.51723061E+02  0.54201174E+00      0.00000000      0.00000000
 -0.01700000 -0.51181725E+02  0.53064048E+00      0.00000000      0.00000000
 -0.01680000 -0.50658047E+02  0.51940286E+00      0.00000000      0.00000000
 -0.01660000 -0.50144489E+02  0.50865686E+00      0.00000000      0.00000000
 -0.01640000 -0.49646816E+02  0.49831879E+00      0.00000000      0.00000000
 -0.01620000 -0.49150963E+02  0.48818380E+00      0.00000000      0.00000000
 -0.01600000 -0.48668221E+02  0.47877884E+00      0.00000000      0.00000000
 -0.01580000 -0.48188103E+02  0.46908498E+00      0.00000000      0.00000000
 -0.01560000 -0.47723202E+02  0.45970470E+00      0.00000000      0.00000000
 -0.01540000 -0.47274849E+02  0.45069355E+00      0.00000000      0.00000000
 -0.01520000 -0.46830769E+02  0.44218576E+00      0.00000000      0.00000000
 -0.01500000 -0.46391899E+02  0.43368143E+00      0.00000000      0.00000000
 -0.01480000 -0.45963371E+02  0.42553425E+00      0.00000000      0.00000000
 -0.01460000 -0.45544006E+02  0.41769391E+00      0.00000000      0.00000000
 -0.01440000 -0.45129642E+02  0.41003108E+00      0.00000000      0.00000000
 -0.01420000 -0.44717499E+02  0.40219045E+00      0.00000000      0.00000000
 -0.01400000 -0.44314728E+02  0.39477283E+00      0.00000000      0.00000000
 -0.01380000 -0.43924812E+02  0.38761878E+00      0.00000000      0.00000000
 -0.01360000 -0.43541969E+02  0.38100570E+00      0.00000000      0.00000000
 -0.01340000 -0.43163704E+02  0.37408382E+00      0.00000000      0.00000000
 -0.01320000 -0.42791626E+02  0.36750174E+00      0.00000000      0.00000000
 -0.01300000 -0.42429337E+02  0.36118948E+00      0.00000000      0.00000000
 -0.01280000 -0.42072201E+02  0.35489565E+00      0.00000000      0.00000000
 -0.01260000 -0.41716213E+02  0.34871170E+00      0.00000000      0.00000000
 -0.01240000 -0.41373802E+02  0.34289604E+00      0.00000000      0.00000000
 -0.01220000 -0.41030460E+02  0.33704501E+00      0.00000000      0.00000000
 -0.01200000 -0.40695621E+02  0.33147883E+00      0.00000000      0.00000000
 -0.01180000 -0.40366131E+02  0.32589799E+00      0.00000000      0.00000000
 -0.01160000 -0.40045883E+02  0.32052249E+00      0.00000000      0.00000000
 -0.01140000 -0.39727383E+02  0.31540579E+00      0.00000000      0.00000000
 -0.01120000 -0.39418613E+02  0.31034148E+00      0.00000000      0.00000000
 -0.01100000 -0.39111282E+02  0.30543745E+00      0.00000000      0.00000000
 -0.01080000 -0.38810883E+02  0.30066842E+00      0.00000000      0.00000000
 -0.01060000 -0.38511620E+02  0.29580441E+00      0.00000000      0.00000000
 -0.01040000 -0.38221935E+02  0.29124629E+00      0.00000000      0.00000000
 -0.01020000 -0.37934444E+02  0.28673249E+00      0.00000000      0.00000000
 -0.01000000 -0.37646511E+02  0.28235745E+00      0.00000000      0.00000000
 -0.00980000 -0.37361195E+02  0.27785361E+00      0.00000000      0.00000000
 -0.00960000 -0.37083340E+02  0.27361181E+00      0.00000000      0.00000000
 -0.00940000 -0.36814297E+02  0.26954111E+00      0.00000000      0.00000000
 -0.00920000 -0.36547714E+02  0.26546246E+00      0.00000000      0.00000000
 -0.00900000 -0.36281193E+02  0.26153439E+00      0.00000000      0.00000000
 -0.00880000 -0.36020561E+02  0.25767827E+00      0.00000000      0.00000000
 -0.00860000 -0.35766331E+02  0.25397560E+00      0.00000000      0.00000000
 -0.00840000 -0.35515820E+02  0.25022790E+00      0.00000000      0.00000000
 -0.00820000 -0.35266720E+02  0.24668244E+00      0.00000000      0.00000000
 -0.00800000 -0.35023903E+02  0.24314398E+00      0.00000000      0.00000000
 -0.00780000 -0.34783787E+02  0.23970668E+00      0.00000000      0.00000000
 -0.00760000 -0.34545113E+02  0.23633200E+00      0.00000000      0.00000000
 -0.00740000 -0.34312393E+02  0.23312181E+00      0.00000000      0.00000000
 -0.00720000 -0.34081718E+02  0.22982439E+00      0.00000000      0.00000000
 -0.00700000 -0.33854443E+02  0.22663411E+00      0.00000000      0.00000000
 -0.00680000 -0.33627899E+02  0.22346587E+00      0.00000000      0.00000000
 -0.00660000 -0.33406376E+02  0.22046345E+00      0.00000000      0.00000000
 -0.00640000 -0.33188004E+02  0.21756592E+00      0.00000000      0.00000000
 -0.00620000 -0.32970558E+02  0.21461299E+00      0.00000000      0.00000000
 -0.00600000 -0.32755558E+02  0.21176535E+00      0.00000000      0.00000000
 -0.00580000 -0.32543949E+02  0.20888326E+00      0.00000000      0.00000000
 -0.00560000 -0.32336079E+02  0.20614134E+00      0.00000000      0.00000000
 -0.00540000 -0.32131001E+02  0.20344907E+00      0.00000000      0.00000000
 -0.00520000 -0.31930925E+02  0.20073611E+00      0.00000000      0.00000000
 -0.00500000 -0.31730150E+02  0.19815160E+00      0.00000000      0.00000000
 -0.00480000 -0.31532438E+02  0.19556497E+00      0.00000000      0.00000000
 -0.00460000 -0.31335464E+02  0.19302620E+00      0.00000000      0.00000000
 -0.00440000 -0.31142202E+02  0.19061026E+00      0.00000000      0.00000000
 -0.00420000 -0.30954308E+02  0.18823001E+00      0.00000000      0.00000000
 -0.00400000 -0.30767879E+02  0.18590364E+00      0.00000000      0.00000000
 -0.00380000 -0.30584795E+02  0.18357006E+00      0.00000000      0.00000000
 -0.00360000 -0.30403051E+02  0.18131506E+00      0.00000000      0.00000000
 -0.00340000 -0.30224354E+02  0.17909694E+00      0.00000000      0.00000000
 -0.00320000 -0.30045605E+02  0.17691565E+00      0.00000000      0.00000000
 -0.00300000 -0.29868790E+02  0.17478366E+00      0.00000000      0.00000000
 -0.00280000 -0.29694016E+02  0.17263302E+00      0.00000000      0.00000000
 -0.00260000 -0.29521000E+02  0.17055857E+00      0.00000000      0.00000000
 -0.00240000 -0.29351366E+02  0.16844900E+00      0.00000000      0.00000000
 -0.00220000 -0.29183981E+02  0.16644686E+00      0.00000000      0.00000000
 -0.00200000 -0.29018890E+02  0.16449530E+00      0.00000000      0.00000000
 -0.00180000 -0.28854742E+02  0.16265525E+00      0.00000000      0.00000000
 -0.00160000 -0.28693571E+02  0.16076666E+00      0.00000000      0.00000000
 -0.00140000 -0.28534296E+02  0.15882795E+00      0.00000000      0.00000000
 -0.00120000 -0.28376831E+02  0.15704474E+00      0.00000000      0.00000000
 -0.00100000 -0.28220507E+02  0.15525568E+00      0.00000000      0.00000000
 -0.00080000 -0.28065115E+02  0.15344734E+00      0.00000000      0.00000000
 -0.00060000 -0.27910374E+02  0.15174231E+00      0.00000000      0.00000000
 -0.00040000 -0.27762905E+02  0.15003537E+00      0.00000000      0.00000000
 -0.00020000 -0.27615374E+02  0.14841074E+00      0.00000000      0.00000000
  0.00000000 -0.27470142E+02  0.14679077E+00      0.00000000      0.00000000
  0.00020000 -0.27323343E+02  0.14513350E+00      0.00000000      0.00000000
  0.00040000 -0.27177919E+02  0.14350824E+00      0.00000000      0.00000000
  0.00060000 -0.27035852E+02  0.14200699E+00      0.00000000      0.00000000
  0.00080000 -0.26893036E+02  0.14041299E+00      0.00000000      0.00000000
  0.00100000 -0.26753410E+02  0.13885000E+00      0.00000000      0.00000000
  0.00120000 -0.26615377E+02  0.13737008E+00      0.00000000      0.00000000
  0.00140000 -0.26477335E+02  0.13583545E+00      0.00000000      0.00000000
  0.00160000 -0.26341904E+02  0.13434796E+00      0.00000000      0.00000000
  0.00180000 -0.26209690E+02  0.13295302E+00      0.00000000      0.00000000
  0.00200000 -0.26076874E+02  0.13154547E+00      0.00000000      0.00000000
  0.00220000 -0.25945290E+02  0.13018526E+00      0.00000000      0.00000000
  0.00240000 -0.25816349E+02  0.12889694E+00      0.00000000      0.00000000
  0.00260000 -0.25688257E+02  0.12759212E+00      0.00000000      0.00000000
  0.00280000 -0.25560633E+02  0.12624167E+00      0.00000000      0.00000000
  0.00300000 -0.25436289E+02  0.12491061E+00      0.00000000      0.00000000
  0.00320000 -0.25312759E+02  0.12360391E+00      0.00000000      0.00000000
  0.00340000 -0.25189171E+02  0.12236201E+00      0.00000000      0.00000000
  0.00360000 -0.25066862E+02  0.12113078E+00      0.00000000      0.00000000
  0.00380000 -0.24945484E+02  0.11992109E+00      0.00000000      0.00000000
  0.00400000 -0.24827007E+02  0.11871423E+00      0.00000000      0.00000000
  0.00420000 -0.24708830E+02  0.11756217E+00      0.00000000      0.00000000
  0.00440000 -0.24591881E+02  0.11636701E+00      0.00000000      0.00000000
  0.00460000 -0.24476583E+02  0.11522821E+00      0.00000000      0.00000000
  0.00480000 -0.24361782E+02  0.11408550E+00      0.00000000      0.00000000
  0.00500000 -0.24248568E+02  0.11304580E+00      0.00000000      0.00000000
  0.00520000 -0.24136324E+02  0.11196037E+00      0.00000000      0.00000000
  0.00540000 -0.24023813E+02  0.11077067E+00      0.00000000      0.00000000
  0.00560000 -0.23914410E+02  0.10970002E+00      0.00000000      0.00000000
  0.00580000 -0.23805401E+02  0.10866236E+00      0.00000000      0.00000000
  0.00600000 -0.23697313E+02  0.10763182E+00      0.00000000      0.00000000
  0.00620000 -0.23590794E+02  0.10657746E+00      0.00000000      0.00000000
  0.00640000 -0.23484177E+02  0.10556982E+00      0.00000000      0.00000000
  0.00660000 -0.23381039E+02  0.10462140E+00      0.00000000      0.00000000
  0.00680000 -0.23277014E+02  0.10363350E+00      0.00000000      0.00000000
  0.00700000 -0.23172243E+02  0.10268120E+00      0.00000000      0.00000000
  0.00720000 -0.23070215E+02  0.10167737E+00      0.00000000      0.00000000
  0.00740000 -0.22967615E+02  0.10071411E+00      0.00000000      0.00000000
  0.00760000 -0.22867723E+02  0.99833339E-01      0.00000000      0.00000000
  0.00780000 -0.22769499E+02  0.98990373E-01      0.00000000      0.00000000
  0.00800000 -0.22671045E+02  0.98053433E-01      0.00000000      0.00000000
  0.00820000 -0.22572655E+02  0.97133741E-01      0.00000000      0.00000000
  0.00840000 -0.22476112E+02  0.96212350E-01      0.00000000      0.00000000
  0.00860000 -0.22380280E+02  0.95359564E-01      0.00000000      0.00000000
  0.00880000 -0.22285778E+02  0.94538242E-01      0.00000000      0.00000000
  0.00900000 -0.22190947E+02  0.93666397E-01      0.00000000      0.00000000
  0.00920000 -0.22098549E+02  0.92851378E-01      0.00000000      0.00000000
  0.00940000 -0.22005762E+02  0.92017740E-01      0.00000000      0.00000000
  0.00960000 -0.21913395E+02  0.91217987E-01      0.00000000      0.00000000
  0.00980000 -0.21822601E+02  0.90440668E-01      0.00000000      0.00000000
  0.01000000 -0.21732721E+02  0.89614004E-01      0.00000000      0.00000000
  0.01020000 -0.21643620E+02  0.88857569E-01      0.00000000      0.00000000
  0.01040000 -0.21555328E+02  0.88114731E-01      0.00000000      0.00000000
  0.01060000 -0.21466972E+02  0.87338701E-01      0.00000000      0.00000000
  0.01080000 -0.21381577E+02  0.86565048E-01      0.00000000      0.00000000
  0.01100000 -0.21294895E+02  0.85836858E-01      0.00000000      0.00000000
  0.01120000 -0.21208855E+02  0.85084774E-01      0.00000000      0.00000000
  0.01140000 -0.21122631E+02  0.84367961E-01      0.00000000      0.00000000
  0.01160000 -0.21039774E+02  0.83684772E-01      0.00000000      0.00000000
  0.01180000 -0.20956579E+02  0.82983308E-01      0.00000000      0.00000000
  0.01200000 -0.20873737E+02  0.82317896E-01      0.00000000      0.00000000
  0.01220000 -0.20791546E+02  0.81629694E-01      0.00000000      0.00000000
  0.01240000 -0.20711237E+02  0.80955625E-01      0.00000000      0.00000000
  0.01260000 -0.20630684E+02  0.80279633E-01      0.00000000      0.00000000
  0.01280000 -0.20550549E+02  0.79591095E-01      0.00000000      0.00000000
  0.01300000 -0.20470242E+02  0.78921109E-01      0.00000000      0.00000000
  0.01320000 -0.20391899E+02  0.78347325E-01      0.00000000      0.00000000
  0.01340000 -0.20314646E+02  0.77640012E-01      0.00000000      0.00000000
  0.01360000 -0.20236910E+02  0.77008292E-01      0.00000000      0.00000000
  0.01380000 -0.20160141E+02  0.76403648E-01      0.00000000      0.00000000
  0.01400000 -0.20083061E+02  0.75788781E-01      0.00000000      0.00000000
  0.01420000 -0.20008232E+02  0.75207233E-01      0.00000000      0.00000000
  0.01440000 -0.19934082E+02  0.74616194E-01      0.00000000      0.00000000
  0.01460000 -0.19859386E+02  0.73994786E-01      0.00000000      0.00000000
  0.01480000 -0.19785763E+02  0.73441476E-01      0.00000000      0.00000000
  0.01500000 -0.19712982E+02  0.72851568E-01      0.00000000      0.00000000
  0.01520000 -0.19640354E+02  0.72244167E-01      0.00000000      0.00000000
  0.01540000 -0.19568783E+02  0.71711242E-01      0.00000000      0.00000000
  0.01560000 -0.19497108E+02  0.71154296E-01      0.00000000      0.00000000
  0.01580000 -0.19425499E+02  0.70599645E-01      0.00000000      0.00000000
  0.01600000 -0.19355213E+02  0.70072860E-01      0.00000000      0.00000000
  0.01619999 -0.19284975E+02  0.69519237E-01      0.00000000      0.00000000
  0.01640000 -0.19215027E+02  0.68986177E-01      0.00000000      0.00000000
  0.01660000 -0.19147209E+02  0.68435580E-01      0.00000000      0.00000000
  0.01680000 -0.19079481E+02  0.67922771E-01      0.00000000      0.00000000
  0.01700000 -0.19011982E+02  0.67404732E-01      0.00000000      0.00000000
  0.01720000 -0.18944450E+02  0.66889584E-01      0.00000000      0.00000000
  0.01740000 -0.18877747E+02  0.66423878E-01      0.00000000      0.00000000
  0.01760000 -0.18811832E+02  0.65948412E-01      0.00000000      0.00000000
  0.01780000 -0.18745680E+02  0.65465957E-01      0.00000000      0.00000000
  0.01800000 -0.18680120E+02  0.64961523E-01      0.00000000      0.00000000
  0.01820000 -0.18616026E+02  0.64453900E-01      0.00000000      0.00000000
  0.01840000 -0.18551960E+02  0.64000100E-01      0.00000000      0.00000000
  0.01860000 -0.18488522E+02  0.63538194E-01      0.00000000      0.00000000
  0.01880000 -0.18424889E+02  0.63048035E-01      0.00000000      0.00000000
  0.01900000 -0.18362535E+02  0.62574774E-01      0.00000000      0.00000000
  0.01920000 -0.18299974E+02  0.62131733E-01      0.00000000      0.00000000
  0.01940000 -0.18238295E+02  0.61696857E-01      0.00000000      0.00000000
  0.01960000 -0.18177090E+02  0.61192930E-01      0.00000000      0.00000000
  0.01980000 -0.18115433E+02  0.60742050E-01      0.00000000      0.00000000
  0.02000000 -0.18054123E+02  0.60326457E-01      0.00000000      0.00000000
  0.02020000 -0.17994354E+02  0.59891194E-01      0.00000000      0.00000000
  0.02040000 -0.17935976E+02  0.59505105E-01      0.00000000      0.00000000
  0.02060000 -0.17876158E+02  0.59076488E-01      0.00000000      0.00000000
  0.02080000 -0.17816780E+02  0.58625877E-01      0.00000000      0.00000000
  0.02100000 -0.17758661E+02  0.58233857E-01      0.00000000      0.00000000
  0.02120000 -0.17700684E+02  0.57843775E-01      0.00000000      0.00000000
  0.02140000 -0.17642376E+02  0.57421476E-01      0.00000000      0.00000000
  0.02160000 -0.17584759E+02  0.57026416E-01      0.00000000      0.00000000
  0.02180000 -0.17528179E+02  0.56613475E-01      0.00000000      0.00000000
  0.02200000 -0.17471815E+02  0.56235194E-01      0.00000000      0.00000000
  0.02220000 -0.17416145E+02  0.55838645E-01      0.00000000      0.00000000
  0.02240000 -0.17360521E+02  0.55441767E-01      0.00000000      0.00000000
  0.02260000 -0.17305506E+02  0.55108130E-01      0.00000000      0.00000000
  0.02280000 -0.17250368E+02  0.54706514E-01      0.00000000      0.00000000
  0.02300000 -0.17195454E+02  0.54337919E-01      0.00000000      0.00000000
  0.02320000 -0.17141230E+02  0.53968191E-01      0.00000000      0.00000000
  0.02340000 -0.17086855E+02  0.53571701E-01      0.00000000      0.00000000
  0.02360000 -0.17033436E+02  0.53218901E-01      0.00000000      0.00000000
  0.02380000 -0.16980719E+02  0.52870870E-01      0.00000000      0.00000000
  0.02400000 -0.16928225E+02  0.52484274E-01      0.00000000      0.00000000
  0.02420000 -0.16875668E+02  0.52158654E-01      0.00000000      0.00000000
  0.02440000 -0.16823582E+02  0.51851392E-01      0.00000000      0.00000000
  0.02460000 -0.16772446E+02  0.51520646E-01      0.00000000      0.00000000
  0.02480000 -0.16720970E+02  0.51145017E-01      0.00000000      0.00000000
  0.02500000 -0.16670021E+02  0.50797284E-01      0.00000000      0.00000000
  0.02520000 -0.16619202E+02  0.50465822E-01      0.00000000      0.00000000
  0.02540000 -0.16569603E+02  0.50117493E-01      0.00000000      0.00000000
  0.02560000 -0.16519032E+02  0.49794853E-01      0.00000000      0.00000000
  0.02580000 -0.16469303E+02  0.49495101E-01      0.00000000      0.00000000
  0.02600000 -0.16420044E+02  0.49157023E-01      0.00000000      0.00000000
  0.02620000 -0.16371090E+02  0.48854351E-01      0.00000000      0.00000000
  0.02640000 -0.16322559E+02  0.48550963E-01      0.00000000      0.00000000
  0.02660000 -0.16274384E+02  0.48240304E-01      0.00000000      0.00000000
  0.02680000 -0.16226067E+02  0.47915101E-01      0.00000000      0.00000000
  0.02700000 -0.16178631E+02  0.47581553E-01      0.00000000      0.00000000
  0.02720000 -0.16131248E+02  0.47278166E-01      0.00000000      0.00000000
  0.02740000 -0.16083656E+02  0.46987534E-01      0.00000000      0.00000000
  0.02760000 -0.16037170E+02  0.46678782E-01      0.00000000      0.00000000
  0.02780000 -0.15990528E+02  0.46383500E-01      0.00000000      0.00000000
  0.02800000 -0.15944157E+02  0.46111584E-01      0.00000000      0.00000000
  0.02820000 -0.15898254E+02  0.45833230E-01      0.00000000      0.00000000
  0.02840000 -0.15852295E+02  0.45542598E-01      0.00000000      0.00000000
  0.02860000 -0.15807270E+02  0.45284033E-01      0.00000000      0.00000000
  0.02880000 -0.15762394E+02  0.44996381E-01      0.00000000      0.00000000
  0.02900000 -0.15717655E+02  0.44701099E-01      0.00000000      0.00000000
  0.02920000 -0.15673660E+02  0.44432640E-01      0.00000000      0.00000000
  0.02940000 -0.15629265E+02  0.44142246E-01      0.00000000      0.00000000
  0.02959999 -0.15585449E+02  0.43862104E-01      0.00000000      0.00000000
  0.02980000 -0.15541252E+02  0.43606997E-01      0.00000000      0.00000000
  0.03000000 -0.15498001E+02  0.43332577E-01      0.00000000      0.00000000
  0.03020000 -0.15454315E+02  0.43101788E-01      0.00000000      0.00000000
  0.03040000 -0.15411079E+02  0.42809725E-01      0.00000000      0.00000000
  0.03060000 -0.15368393E+02  0.42564869E-01      0.00000000      0.00000000
  0.03080000 -0.15326553E+02  0.42331934E-01      0.00000000      0.00000000
  0.03100000 -0.15284157E+02  0.42080879E-01      0.00000000      0.00000000
  0.03120000 -0.15242157E+02  0.41814327E-01      0.00000000      0.00000000
  0.03140000 -0.15200500E+02  0.41547775E-01      0.00000000      0.00000000
  0.03160000 -0.15159256E+02  0.41324615E-01      0.00000000      0.00000000
  0.03179999 -0.15117538E+02  0.41079044E-01      0.00000000      0.00000000
  0.03200001 -0.15076576E+02  0.40799141E-01      0.00000000      0.00000000
  0.03220000 -0.15035957E+02  0.40554523E-01      0.00000000      0.00000000
  0.03240000 -0.14995193E+02  0.40334225E-01      0.00000000      0.00000000
  0.03260000 -0.14955048E+02  0.40102005E-01      0.00000000      0.00000000
  0.03280000 -0.14914917E+02  0.39848328E-01      0.00000000      0.00000000
  0.03300000 -0.14875229E+02  0.39655685E-01      0.00000000      0.00000000
  0.03320000 -0.14835770E+02  0.39387703E-01      0.00000000      0.00000000
  0.03340000 -0.14796417E+02  0.39152145E-01      0.00000000      0.00000000
  0.03360000 -0.14757248E+02  0.38923264E-01      0.00000000      0.00000000
  0.03380000 -0.14718445E+02  0.38684845E-01      0.00000000      0.00000000
  0.03399999 -0.14679520E+02  0.38494110E-01      0.00000000      0.00000000
  0.03420001 -0.14640991E+02  0.38257599E-01      0.00000000      0.00000000
  0.03440000 -0.14603241E+02  0.38040161E-01      0.00000000      0.00000000
  0.03460000 -0.14565582E+02  0.37796021E-01      0.00000000      0.00000000
  0.03479999 -0.14528015E+02  0.37628174E-01      0.00000000      0.00000000
  0.03500000 -0.14490417E+02  0.37429810E-01      0.00000000      0.00000000
  0.03520000 -0.14453247E+02  0.37231445E-01      0.00000000      0.00000000
  0.03540000 -0.14415955E+02  0.36926270E-01      0.00000000      0.00000000
  0.03560000 -0.14379135E+02  0.36987305E-01      0.00000000      0.00000000
  0.03580000 -0.14342087E+02  0.36560059E-01      0.00000000      0.00000000
  0.03600000 -0.14305786E+02  0.36315918E-01      0.00000000      0.00000000
  0.03619999 -0.14269852E+02  0.36132812E-01      0.00000000      0.00000000
  0.03640000 -0.14233704E+02  0.35949707E-01      0.00000000      0.00000000
  0.03660000 -0.14197693E+02  0.35736084E-01      0.00000000      0.00000000
  0.03680000 -0.14162292E+02  0.35583496E-01      0.00000000      0.00000000
  0.03700000 -0.14126617E+02  0.35392761E-01      0.00000000      0.00000000
  0.03720000 -0.14091492E+02  0.35156250E-01      0.00000000      0.00000000
  0.03740000 -0.14056641E+02  0.34984589E-01      0.00000000      0.00000000
  0.03760000 -0.14022064E+02  0.34770966E-01      0.00000000      0.00000000
  0.03780000 -0.13987259E+02  0.34595490E-01      0.00000000      0.00000000
  0.03800000 -0.13952682E+02  0.34410477E-01      0.00000000      0.00000000
  0.03820000 -0.13918396E+02  0.34236908E-01      0.00000000      0.00000000
  0.03839999 -0.13884262E+02  0.34029007E-01      0.00000000      0.00000000
  0.03860000 -0.13850037E+02  0.33857346E-01      0.00000000      0.00000000
  0.03880000 -0.13815704E+02  0.33646584E-01      0.00000000      0.00000000
  0.03900000 -0.13782532E+02  0.33489227E-01      0.00000000      0.00000000
  0.03920000 -0.13748932E+02  0.33328056E-01      0.00000000      0.00000000
  0.03940000 -0.13715332E+02  0.33162117E-01      0.00000000      0.00000000
  0.03960000 -0.13682755E+02  0.32964230E-01      0.00000000      0.00000000
  0.03980000 -0.13650017E+02  0.32790661E-01      0.00000000      0.00000000
  0.04000000 -0.13617622E+02  0.32595634E-01      0.00000000      0.00000000
  0.04020000 -0.13584633E+02  0.32433033E-01      0.00000000      0.00000000
  0.04040000 -0.13551849E+02  0.32273769E-01      0.00000000      0.00000000
  0.04060000 -0.13519836E+02  0.32091141E-01      0.00000000      0.00000000
  0.04080000 -0.13487801E+02  0.31901836E-01      0.00000000      0.00000000
  0.04100000 -0.13455887E+02  0.31735182E-01      0.00000000      0.00000000
  0.04120000 -0.13424301E+02  0.31585693E-01      0.00000000      0.00000000
  0.04140000 -0.13392769E+02  0.31426907E-01      0.00000000      0.00000000
  0.04160000 -0.13361656E+02  0.31272888E-01      0.00000000      0.00000000
  0.04180000 -0.13330399E+02  0.31096935E-01      0.00000000      0.00000000
  0.04200000 -0.13299339E+02  0.30925035E-01      0.00000000      0.00000000
  0.04220000 -0.13268280E+02  0.30772448E-01      0.00000000      0.00000000
  0.04240000 -0.13237953E+02  0.30614138E-01      0.00000000      0.00000000
  0.04260000 -0.13207859E+02  0.30448198E-01      0.00000000      0.00000000
  0.04280000 -0.13177422E+02  0.30314684E-01      0.00000000      0.00000000
  0.04300000 -0.13146893E+02  0.30167818E-01      0.00000000      0.00000000
  0.04320000 -0.13116730E+02  0.30008674E-01      0.00000000      0.00000000
  0.04340000 -0.13087070E+02  0.29845357E-01      0.00000000      0.00000000
  0.04360000 -0.13057388E+02  0.29682159E-01      0.00000000      0.00000000
  0.04380000 -0.13027382E+02  0.29537916E-01      0.00000000      0.00000000
  0.04400000 -0.12997791E+02  0.29402256E-01      0.00000000      0.00000000
  0.04420000 -0.12968582E+02  0.29250264E-01      0.00000000      0.00000000
  0.04440000 -0.12939545E+02  0.29105663E-01      0.00000000      0.00000000
  0.04460000 -0.12910927E+02  0.28954983E-01      0.00000000      0.00000000
  0.04480000 -0.12881790E+02  0.28781176E-01      0.00000000      0.00000000
  0.04500000 -0.12853043E+02  0.28650284E-01      0.00000000      0.00000000
  0.04520000 -0.12824539E+02  0.28515220E-01      0.00000000      0.00000000
  0.04539999 -0.12795929E+02  0.28389573E-01      0.00000000      0.00000000
  0.04560000 -0.12768002E+02  0.28234601E-01      0.00000000      0.00000000
  0.04580000 -0.12739685E+02  0.28105736E-01      0.00000000      0.00000000
  0.04600000 -0.12711952E+02  0.27973235E-01      0.00000000      0.00000000
  0.04620000 -0.12683990E+02  0.27817786E-01      0.00000000      0.00000000
  0.04640000 -0.12656097E+02  0.27673542E-01      0.00000000      0.00000000
  0.04660000 -0.12628517E+02  0.27545571E-01      0.00000000      0.00000000
  0.04680000 -0.12601097E+02  0.27409077E-01      0.00000000      0.00000000
  0.04700000 -0.12573898E+02  0.27270198E-01      0.00000000      0.00000000
  0.04720000 -0.12546688E+02  0.27140021E-01      0.00000000      0.00000000
  0.04740000 -0.12519619E+02  0.27033031E-01      0.00000000      0.00000000
  0.04759999 -0.12492786E+02  0.26894152E-01      0.00000000      0.00000000
  0.04780000 -0.12466080E+02  0.26773512E-01      0.00000000      0.00000000
  0.04800000 -0.12439400E+02  0.26633859E-01      0.00000000      0.00000000
  0.04820000 -0.12412834E+02  0.26474416E-01      0.00000000      0.00000000
  0.04840000 -0.12386192E+02  0.26366651E-01      0.00000000      0.00000000
  0.04860000 -0.12359962E+02  0.26242912E-01      0.00000000      0.00000000
  0.04880000 -0.12333801E+02  0.26110351E-01      0.00000000      0.00000000
  0.04899999 -0.12307457E+02  0.26002586E-01      0.00000000      0.00000000
  0.04920000 -0.12281389E+02  0.25887251E-01      0.00000000      0.00000000
  0.04940000 -0.12255583E+02  0.25778115E-01      0.00000000      0.00000000
  0.04960000 -0.12229929E+02  0.25623441E-01      0.00000000      0.00000000
  0.04979999 -0.12204277E+02  0.25502264E-01      0.00000000      0.00000000
  0.05000000 -0.12178730E+02  0.25365651E-01      0.00000000      0.00000000
  0.05020000 -0.12153605E+02  0.25271416E-01      0.00000000      0.00000000
  0.05040000 -0.12128447E+02  0.25161415E-01      0.00000000      0.00000000
  0.05060000 -0.12103037E+02  0.25043756E-01      0.00000000      0.00000000
  0.05080000 -0.12077801E+02  0.24923652E-01      0.00000000      0.00000000
  0.05100000 -0.12052942E+02  0.24790823E-01      0.00000000      0.00000000
  0.05119999 -0.12028025E+02  0.24682522E-01      0.00000000      0.00000000
  0.05140000 -0.12003431E+02  0.24555117E-01      0.00000000      0.00000000
  0.05160000 -0.11978724E+02  0.24485886E-01      0.00000000      0.00000000
  0.05180000 -0.11954041E+02  0.24349868E-01      0.00000000      0.00000000
  0.05199999 -0.11929815E+02  0.24234205E-01      0.00000000      0.00000000
  0.05220000 -0.11906265E+02  0.24122357E-01      0.00000000      0.00000000
  0.05240000 -0.11882160E+02  0.24014533E-01      0.00000000      0.00000000
  0.05260000 -0.11858452E+02  0.23902208E-01      0.00000000      0.00000000
  0.05280000 -0.11834507E+02  0.23786634E-01      0.00000000      0.00000000
  0.05300000 -0.11810562E+02  0.23671538E-01      0.00000000      0.00000000
  0.05320000 -0.11787016E+02  0.23582906E-01      0.00000000      0.00000000
  0.05339999 -0.11763390E+02  0.23461759E-01      0.00000000      0.00000000
  0.05360000 -0.11739779E+02  0.23356199E-01      0.00000000      0.00000000
  0.05380000 -0.11716467E+02  0.23268998E-01      0.00000000      0.00000000
  0.05400000 -0.11693123E+02  0.23158610E-01      0.00000000      0.00000000
  0.05420000 -0.11669966E+02  0.23046494E-01      0.00000000      0.00000000
  0.05440000 -0.11646646E+02  0.22936821E-01      0.00000000      0.00000000
  0.05460000 -0.11624083E+02  0.22837669E-01      0.00000000      0.00000000
  0.05480000 -0.11601362E+02  0.22732496E-01      0.00000000      0.00000000
  0.05500000 -0.11579012E+02  0.22635490E-01      0.00000000      0.00000000
  0.05520000 -0.11556143E+02  0.22530138E-01      0.00000000      0.00000000
  0.05540000 -0.11533665E+02  0.22418976E-01      0.00000000      0.00000000
  0.05560000 -0.11511148E+02  0.22335902E-01      0.00000000      0.00000000
  0.05580000 -0.11488796E+02  0.22228912E-01      0.00000000      0.00000000
  0.05600000 -0.11466579E+02  0.22125691E-01      0.00000000      0.00000000
  0.05620000 -0.11444540E+02  0.22045493E-01      0.00000000      0.00000000
  0.05640000 -0.11422909E+02  0.21953166E-01      0.00000000      0.00000000
  0.05660000 -0.11401186E+02  0.21859869E-01      0.00000000      0.00000000
  0.05680000 -0.11379696E+02  0.21779582E-01      0.00000000      0.00000000
  0.05700000 -0.11357851E+02  0.21681786E-01      0.00000000      0.00000000
  0.05720000 -0.11335907E+02  0.21580383E-01      0.00000000      0.00000000
  0.05740000 -0.11314326E+02  0.21468207E-01      0.00000000      0.00000000
  0.05760000 -0.11292692E+02  0.21379158E-01      0.00000000      0.00000000
  0.05780000 -0.11271463E+02  0.21285191E-01      0.00000000      0.00000000
  0.05800000 -0.11250305E+02  0.21193489E-01      0.00000000      0.00000000
  0.05819999 -0.11229370E+02  0.21104336E-01      0.00000000      0.00000000
  0.05840000 -0.11208386E+02  0.21008238E-01      0.00000000      0.00000000
  0.05860000 -0.11187515E+02  0.20917416E-01      0.00000000      0.00000000
  0.05880000 -0.11166515E+02  0.20853102E-01      0.00000000      0.00000000
  0.05900000 -0.11145878E+02  0.20735547E-01      0.00000000      0.00000000
  0.05920000 -0.11124859E+02  0.20659283E-01      0.00000000      0.00000000
  0.05940000 -0.11104092E+02  0.20561650E-01      0.00000000      0.00000000
  0.05960000 -0.11083741E+02  0.20486370E-01      0.00000000      0.00000000
  0.05980000 -0.11063390E+02  0.20388216E-01      0.00000000      0.00000000
  0.06000000 -0.11043107E+02  0.20301387E-01      0.00000000      0.00000000
  0.06020000 -0.11022841E+02  0.20214498E-01      0.00000000      0.00000000
  0.06039999 -0.11002440E+02  0.20122260E-01      0.00000000      0.00000000
  0.06060000 -0.10982301E+02  0.20049170E-01      0.00000000      0.00000000
  0.06080000 -0.10962440E+02  0.19977808E-01      0.00000000      0.00000000
  0.06100000 -0.10942714E+02  0.19899920E-01      0.00000000      0.00000000
  0.06119999 -0.10922416E+02  0.19817024E-01      0.00000000      0.00000000
  0.06140000 -0.10902641E+02  0.19731045E-01      0.00000000      0.00000000
  0.06160000 -0.10883084E+02  0.19643053E-01      0.00000000      0.00000000
  0.06180000 -0.10863445E+02  0.19560695E-01      0.00000000      0.00000000
  0.06200000 -0.10843778E+02  0.19481257E-01      0.00000000      0.00000000
  0.06220000 -0.10824467E+02  0.19382298E-01      0.00000000      0.00000000
  0.06240000 -0.10805156E+02  0.19308940E-01      0.00000000      0.00000000
  0.06259999 -0.10785872E+02  0.19236065E-01      0.00000000      0.00000000
  0.06280001 -0.10766504E+02  0.19163378E-01      0.00000000      0.00000000
  0.06300000 -0.10747449E+02  0.19074291E-01      0.00000000      0.00000000
  0.06320000 -0.10728519E+02  0.19000188E-01      0.00000000      0.00000000
  0.06339999 -0.10709654E+02  0.18909104E-01      0.00000000      0.00000000
  0.06360000 -0.10690822E+02  0.18846072E-01      0.00000000      0.00000000
  0.06380000 -0.10672138E+02  0.18757135E-01      0.00000000      0.00000000
  0.06400000 -0.10653209E+02  0.18681869E-01      0.00000000      0.00000000
  0.06420000 -0.10634463E+02  0.18616989E-01      0.00000000      0.00000000
  0.06440000 -0.10616041E+02  0.18548809E-01      0.00000000      0.00000000
  0.06460000 -0.10597605E+02  0.18476009E-01      0.00000000      0.00000000
  0.06479999 -0.10579329E+02  0.18395647E-01      0.00000000      0.00000000
  0.06500000 -0.10560825E+02  0.18318534E-01      0.00000000      0.00000000
  0.06520000 -0.10542588E+02  0.18239245E-01      0.00000000      0.00000000
  0.06540000 -0.10524471E+02  0.18172272E-01      0.00000000      0.00000000
  0.06559999 -0.10506322E+02  0.18100724E-01      0.00000000      0.00000000
  0.06580000 -0.10488208E+02  0.18022776E-01      0.00000000      0.00000000
  0.06600000 -0.10470197E+02  0.17959855E-01      0.00000000      0.00000000
  0.06620000 -0.10452243E+02  0.17874099E-01      0.00000000      0.00000000
  0.06640000 -0.10434316E+02  0.17821297E-01      0.00000000      0.00000000
  0.06660000 -0.10416449E+02  0.17740615E-01      0.00000000      0.00000000
  0.06680001 -0.10398749E+02  0.17671183E-01      0.00000000      0.00000000
  0.06699999 -0.10380958E+02  0.17586790E-01      0.00000000      0.00000000
  0.06720000 -0.10363641E+02  0.17505653E-01      0.00000000      0.00000000
  0.06739999 -0.10345853E+02  0.17439477E-01      0.00000000      0.00000000
  0.06760000 -0.10328417E+02  0.17391264E-01      0.00000000      0.00000000
  0.06780000 -0.10311090E+02  0.17333843E-01      0.00000000      0.00000000
  0.06800000 -0.10294155E+02  0.17266959E-01      0.00000000      0.00000000
  0.06820000 -0.10276750E+02  0.17184600E-01      0.00000000      0.00000000
  0.06840000 -0.10259665E+02  0.17120592E-01      0.00000000      0.00000000
  0.06859999 -0.10242570E+02  0.17045200E-01      0.00000000      0.00000000
  0.06880000 -0.10225543E+02  0.16985312E-01      0.00000000      0.00000000
  0.06900001 -0.10208752E+02  0.16923465E-01      0.00000000      0.00000000
  0.06919999 -0.10191735E+02  0.16859844E-01      0.00000000      0.00000000
  0.06940000 -0.10174966E+02  0.16789041E-01      0.00000000      0.00000000
  0.06960000 -0.10158195E+02  0.16722202E-01      0.00000000      0.00000000
  0.06980000 -0.10141328E+02  0.16660102E-01      0.00000000      0.00000000
  0.07000000 -0.10124769E+02  0.16596220E-01      0.00000000      0.00000000
  0.07020000 -0.10107971E+02  0.16521119E-01      0.00000000      0.00000000
  0.07040000 -0.10091547E+02  0.16448081E-01      0.00000000      0.00000000
  0.07060000 -0.10075183E+02  0.16396485E-01      0.00000000      0.00000000
  0.07079999 -0.10058886E+02  0.16342826E-01      0.00000000      0.00000000
  0.07099999 -0.10042788E+02  0.16286395E-01      0.00000000      0.00000000
  0.07120001 -0.10026594E+02  0.16229473E-01      0.00000000      0.00000000
  0.07139999 -0.10010318E+02  0.16159579E-01      0.00000000      0.00000000
  0.07160000 -0.99940624E+01  0.16093560E-01      0.00000000      0.00000000
  0.07180000 -0.99779510E+01  0.16034707E-01      0.00000000      0.00000000
  0.07200000 -0.99618092E+01  0.15982345E-01      0.00000000      0.00000000
  0.07220000 -0.99459496E+01  0.15926033E-01      0.00000000      0.00000000
  0.07239999 -0.99301910E+01  0.15860669E-01      0.00000000      0.00000000
  0.07260000 -0.99141922E+01  0.15795838E-01      0.00000000      0.00000000
  0.07280000 -0.98984852E+01  0.15731126E-01      0.00000000      0.00000000
  0.07299999 -0.98827419E+01  0.15685953E-01      0.00000000      0.00000000
  0.07319999 -0.98671293E+01  0.15617035E-01      0.00000000      0.00000000
  0.07340001 -0.98513680E+01  0.15548196E-01      0.00000000      0.00000000
  0.07359999 -0.98361387E+01  0.15498914E-01      0.00000000      0.00000000
  0.07380000 -0.98207340E+01  0.15447076E-01      0.00000000      0.00000000
  0.07400000 -0.98051624E+01  0.15386876E-01      0.00000000      0.00000000
  0.07420000 -0.97899284E+01  0.15331849E-01      0.00000000      0.00000000
  0.07440000 -0.97743511E+01  0.15268829E-01      0.00000000      0.00000000
  0.07460000 -0.97592230E+01  0.15205298E-01      0.00000000      0.00000000
  0.07480000 -0.97440681E+01  0.15160341E-01      0.00000000      0.00000000
  0.07500000 -0.97290306E+01  0.15101139E-01      0.00000000      0.00000000
  0.07519999 -0.97139149E+01  0.15062392E-01      0.00000000      0.00000000
  0.07539999 -0.96989059E+01  0.15004698E-01      0.00000000      0.00000000
  0.07560000 -0.96837587E+01  0.14939871E-01      0.00000000      0.00000000
  0.07579999 -0.96687775E+01  0.14896363E-01      0.00000000      0.00000000
  0.07600000 -0.96537752E+01  0.14826894E-01      0.00000000      0.00000000
  0.07620000 -0.96391153E+01  0.14786411E-01      0.00000000      0.00000000
  0.07640000 -0.96241341E+01  0.14731858E-01      0.00000000      0.00000000
  0.07660000 -0.96093483E+01  0.14678955E-01      0.00000000      0.00000000
  0.07680000 -0.95950346E+01  0.14620837E-01      0.00000000      0.00000000
  0.07699999 -0.95804090E+01  0.14553163E-01      0.00000000      0.00000000
  0.07720000 -0.95657959E+01  0.14496423E-01      0.00000000      0.00000000
  0.07739999 -0.95514984E+01  0.14458630E-01      0.00000000      0.00000000
  0.07759999 -0.95370531E+01  0.14403466E-01      0.00000000      0.00000000
  0.07780000 -0.95228062E+01  0.14343332E-01      0.00000000      0.00000000
  0.07799999 -0.95084763E+01  0.14284145E-01      0.00000000      0.00000000
  0.07820000 -0.94941425E+01  0.14245525E-01      0.00000000      0.00000000
  0.07840000 -0.94799080E+01  0.14200062E-01      0.00000000      0.00000000
  0.07860000 -0.94657536E+01  0.14154118E-01      0.00000000      0.00000000
  0.07880000 -0.94517097E+01  0.14106199E-01      0.00000000      0.00000000
  0.07900000 -0.94376888E+01  0.14042437E-01      0.00000000      0.00000000
  0.07919999 -0.94237080E+01  0.13998494E-01      0.00000000      0.00000000
  0.07940000 -0.94095812E+01  0.13950441E-01      0.00000000      0.00000000
  0.07960001 -0.93954315E+01  0.13904035E-01      0.00000000      0.00000000
  0.07979999 -0.93816900E+01  0.13846766E-01      0.00000000      0.00000000
