 -0.04000000  0.10745377E+03  0.23274102E+01      0.00000000      0.00000000
 -0.03980000  0.10982423E+03  0.24352648E+01      0.00000000      0.00000000
 -0.03960000  0.11232884E+03  0.25519476E+01      0.00000000      0.00000000
 -0.03940000  0.11491139E+03  0.26753950E+01      0.00000000      0.00000000
 -0.03920000  0.11765880E+03  0.28107162E+01      0.00000000      0.00000000
 -0.03900000  0.12052898E+03  0.29556341E+01      0.00000000      0.00000000
 -0.03880000  0.12355057E+03  0.31132925E+01      0.00000000      0.00000000
 -0.03860000  0.12674424E+03  0.32847486E+01      0.00000000      0.00000000
 -0.03840000  0.13012100E+03  0.34714227E+01      0.00000000      0.00000000
 -0.03820000  0.13370706E+03  0.36755395E+01      0.00000000      0.00000000
 -0.03800000  0.13746472E+03  0.38976278E+01      0.00000000      0.00000000
 -0.03780000  0.14146170E+03  0.41416416E+01      0.00000000      0.00000000
 -0.03760000  0.14575226E+03  0.44128675E+01      0.00000000      0.00000000
 -0.03740000  0.15032144E+03  0.47131548E+01      0.00000000      0.00000000
 -0.03720000  0.15524266E+03  0.50486422E+01      0.00000000      0.00000000
 -0.03700000  0.16043799E+03  0.54178152E+01      0.00000000      0.00000000
 -0.03680000  0.16607767E+03  0.58349848E+01      0.00000000      0.00000000
 -0.03660000  0.17216391E+03  0.63047600E+01      0.00000000      0.00000000
 -0.03640000  0.17868945E+03  0.68335495E+01      0.00000000      0.00000000
 -0.03620000  0.18578958E+03  0.74359512E+01      0.00000000      0.00000000
 -0.03600000  0.19355893E+03  0.81298628E+01      0.00000000      0.00000000
 -0.03580000  0.20197324E+03  0.89225407E+01      0.00000000      0.00000000
 -0.03560000  0.21120596E+03  0.98426533E+01      0.00000000      0.00000000
 -0.03540000  0.22144659E+03  0.10924551E+02      0.00000000      0.00000000
 -0.03520000  0.23298111E+03  0.12222872E+02      0.00000000      0.00000000
 -0.03500000  0.24598352E+03  0.13787322E+02      0.00000000      0.00000000
 -0.03480000  0.26047397E+03  0.15665546E+02      0.00000000      0.00000000
 -0.03460000  0.27683328E+03  0.17952995E+02      0.00000000      0.00000000
 -0.03440000  0.29614569E+03  0.20888496E+02      0.00000000      0.00000000
 -0.03420000  0.31821613E+03  0.24562103E+02      0.00000000      0.00000000
 -0.03400000  0.34456091E+03  0.29408623E+02      0.00000000      0.00000000
 -0.03380000  0.37644138E+03  0.35957619E+02      0.00000000      0.00000000
 -0.03360000  0.41552942E+03  0.45047134E+02      0.00000000      0.00000000
 -0.03340000  0.46501581E+03  0.58278992E+02      0.00000000      0.00000000
 -0.03320000  0.53035205E+03  0.78864571E+02      0.00000000      0.00000000
 -0.03300000  0.61729004E+03  0.11212138E+03      0.00000000      0.00000000
 -0.03280000  0.74191266E+03  0.17282689E+03      0.00000000      0.00000000
 -0.03260000  0.93140601E+03  0.30145337E+03      0.00000000      0.00000000
 -0.03240000  0.12075477E+04  0.62217731E+03      0.00000000      0.00000000
 -0.03220000  0.13157085E+04  0.15584026E+04      0.00000000      0.00000000
 -0.03200000 -0.76917664E+02  0.23682715E+04      0.00000000      0.00000000
 -0.03180000 -0.11517252E+04  0.12833164E+04      0.00000000      0.00000000
 -0.03160000 -0.92083960E+03  0.52047290E+03      0.00000000      0.00000000
 -0.03140000 -0.65965564E+03  0.26370740E+03      0.00000000      0.00000000
 -0.03120000 -0.48548865E+03  0.15810225E+03      0.00000000      0.00000000
 -0.03100000 -0.36751099E+03  0.10664729E+03      0.00000000      0.00000000
 -0.03080000 -0.28181769E+03  0.78117470E+02      0.00000000      0.00000000
 -0.03060000 -0.21601212E+03  0.61027122E+02      0.00000000      0.00000000
 -0.03040000 -0.16239941E+03  0.50192451E+02      0.00000000      0.00000000
 -0.03020000 -0.11652838E+03  0.43217361E+02      0.00000000      0.00000000
 -0.03000000 -0.76763443E+02  0.38946899E+02      0.00000000      0.00000000
 -0.02980000 -0.39794807E+02  0.36528885E+02      0.00000000      0.00000000
 -0.02960000 -0.45766573E+01  0.35662430E+02      0.00000000      0.00000000
 -0.02940000  0.30866228E+02  0.36215965E+02      0.00000000      0.00000000
 -0.02920000  0.67182732E+02  0.38255920E+02      0.00000000      0.00000000
 -0.02900000  0.10667286E+03  0.42121555E+02      0.00000000      0.00000000
 -0.02880000  0.15093839E+03  0.48411674E+02      0.00000000      0.00000000
 -0.02860000  0.20226852E+03  0.58163162E+02      0.00000000      0.00000000
 -0.02840000  0.26457986E+03  0.73415733E+02      0.00000000      0.00000000
 -0.02820000  0.34398450E+03  0.98230576E+02      0.00000000      0.00000000
 -0.02800000  0.45415405E+03  0.14293399E+03      0.00000000      0.00000000
 -0.02780000  0.61413599E+03  0.23135071E+03      0.00000000      0.00000000
 -0.02760000  0.85125226E+03  0.43094693E+03      0.00000000      0.00000000
 -0.02740000  0.11525715E+04  0.10076025E+04      0.00000000      0.00000000
 -0.02720000  0.55799390E+03  0.23172341E+04      0.00000000      0.00000000
 -0.02700000 -0.12179224E+04  0.18967268E+04      0.00000000      0.00000000
 -0.02680000 -0.12886718E+04  0.75031335E+03      0.00000000      0.00000000
 -0.02660000 -0.99068872E+03  0.34664520E+03      0.00000000      0.00000000
 -0.02640000 -0.78162866E+03  0.19288385E+03      0.00000000      0.00000000
 -0.02620000 -0.64456848E+03  0.12227654E+03      0.00000000      0.00000000
 -0.02600000 -0.55075592E+03  0.84814911E+02      0.00000000      0.00000000
 -0.02580000 -0.48118317E+03  0.62083271E+02      0.00000000      0.00000000
 -0.02560000 -0.42888397E+03  0.47657215E+02      0.00000000      0.00000000
 -0.02540000 -0.38799490E+03  0.37875969E+02      0.00000000      0.00000000
 -0.02520000 -0.35470117E+03  0.30852636E+02      0.00000000      0.00000000
 -0.02500000 -0.32743103E+03  0.25712465E+02      0.00000000      0.00000000
 -0.02480000 -0.30431747E+03  0.21772774E+02      0.00000000      0.00000000
 -0.02460000 -0.28442859E+03  0.18680702E+02      0.00000000      0.00000000
 -0.02440000 -0.26719333E+03  0.16222973E+02      0.00000000      0.00000000
 -0.02420000 -0.25225787E+03  0.14253706E+02      0.00000000      0.00000000
 -0.02400000 -0.23903928E+03  0.12634062E+02      0.00000000      0.00000000
 -0.02380000 -0.22715771E+03  0.11273520E+02      0.00000000      0.00000000
 -0.02360000 -0.21644722E+03  0.10122065E+02      0.00000000      0.00000000
 -0.02340000 -0.20682678E+03  0.91504402E+01      0.00000000      0.00000000
 -0.02320000 -0.19811459E+03  0.83193607E+01      0.00000000      0.00000000
 -0.02300000 -0.19020364E+03  0.76045318E+01      0.00000000      0.00000000
 -0.02280000 -0.18279953E+03  0.69694681E+01      0.00000000      0.00000000
 -0.02260000 -0.17616415E+03  0.64268894E+01      0.00000000      0.00000000
 -0.02240000 -0.16998177E+03  0.59430008E+01      0.00000000      0.00000000
 -0.02220000 -0.16430518E+03  0.55192852E+01      0.00000000      0.00000000
 -0.02200000 -0.15900320E+03  0.51382775E+01      0.00000000      0.00000000
 -0.02180000 -0.15405360E+03  0.47979622E+01      0.00000000      0.00000000
 -0.02160000 -0.14940192E+03  0.44894314E+01      0.00000000      0.00000000
 -0.02140000 -0.14508505E+03  0.42140646E+01      0.00000000      0.00000000
 -0.02120000 -0.14098927E+03  0.39619784E+01      0.00000000      0.00000000
 -0.02100000 -0.13717209E+03  0.37346144E+01      0.00000000      0.00000000
 -0.02080000 -0.13356657E+03  0.35273681E+01      0.00000000      0.00000000
 -0.02060000 -0.13011050E+03  0.33344142E+01      0.00000000      0.00000000
 -0.02040000 -0.12685721E+03  0.31587615E+01      0.00000000      0.00000000
 -0.02020000 -0.12378133E+03  0.29973035E+01      0.00000000      0.00000000
 -0.02000000 -0.12089822E+03  0.28505664E+01      0.00000000      0.00000000
 -0.01980000 -0.11811133E+03  0.27124305E+01      0.00000000      0.00000000
 -0.01960000 -0.11547804E+03  0.25855031E+01      0.00000000      0.00000000
 -0.01940000 -0.11294218E+03  0.24664559E+01      0.00000000      0.00000000
 -0.01920000 -0.11053011E+03  0.23560572E+01      0.00000000      0.00000000
 -0.01900000 -0.10822575E+03  0.22532418E+01      0.00000000      0.00000000
 -0.01880000 -0.10603689E+03  0.21579776E+01      0.00000000      0.00000000
 -0.01860000 -0.10394125E+03  0.20688083E+01      0.00000000      0.00000000
 -0.01840000 -0.10189745E+03  0.19837403E+01      0.00000000      0.00000000
 -0.01820000 -0.99971519E+02  0.19051220E+01      0.00000000      0.00000000
 -0.01800000 -0.98090317E+02  0.18306856E+01      0.00000000      0.00000000
 -0.01780000 -0.96293312E+02  0.17608818E+01      0.00000000      0.00000000
 -0.01760000 -0.94587090E+02  0.16959072E+01      0.00000000      0.00000000
 -0.01740000 -0.92910446E+02  0.16333203E+01      0.00000000      0.00000000
 -0.01720000 -0.91306122E+02  0.15746355E+01      0.00000000      0.00000000
 -0.01700000 -0.89766228E+02  0.15194626E+01      0.00000000      0.00000000
 -0.01680000 -0.88282730E+02  0.14673426E+01      0.00000000      0.00000000
 -0.01660000 -0.86839401E+02  0.14175073E+01      0.00000000      0.00000000
 -0.01640000 -0.85446762E+02  0.13702958E+01      0.00000000      0.00000000
 -0.01620000 -0.84092194E+02  0.13251954E+01      0.00000000      0.00000000
 -0.01600000 -0.82805397E+02  0.12831488E+01      0.00000000      0.00000000
 -0.01580000 -0.81539124E+02  0.12423834E+01      0.00000000      0.00000000
 -0.01560000 -0.80316940E+02  0.12037787E+01      0.00000000      0.00000000
 -0.01540000 -0.79121521E+02  0.11666223E+01      0.00000000      0.00000000
 -0.01520000 -0.77964264E+02  0.11314049E+01      0.00000000      0.00000000
 -0.01500000 -0.76856232E+02  0.10980928E+01      0.00000000      0.00000000
 -0.01480000 -0.75781723E+02  0.10663358E+01      0.00000000      0.00000000
 -0.01460000 -0.74723717E+02  0.10355701E+01      0.00000000      0.00000000
 -0.01440000 -0.73700150E+02  0.10061977E+01      0.00000000      0.00000000
 -0.01420000 -0.72703560E+02  0.97806424E+00      0.00000000      0.00000000
 -0.01400000 -0.71734222E+02  0.95095885E+00      0.00000000      0.00000000
 -0.01380000 -0.70801849E+02  0.92556649E+00      0.00000000      0.00000000
 -0.01360000 -0.69888367E+02  0.90095836E+00      0.00000000      0.00000000
 -0.01340000 -0.69004028E+02  0.87725246E+00      0.00000000      0.00000000
 -0.01320000 -0.68138306E+02  0.85444796E+00      0.00000000      0.00000000
 -0.01300000 -0.67287659E+02  0.83231306E+00      0.00000000      0.00000000
 -0.01280000 -0.66478203E+02  0.81165814E+00      0.00000000      0.00000000
 -0.01260000 -0.65679832E+02  0.79152226E+00      0.00000000      0.00000000
 -0.01240000 -0.64905304E+02  0.77232385E+00      0.00000000      0.00000000
 -0.01220000 -0.64136368E+02  0.75334644E+00      0.00000000      0.00000000
 -0.01200000 -0.63389977E+02  0.73527086E+00      0.00000000      0.00000000
 -0.01180000 -0.62661594E+02  0.71779156E+00      0.00000000      0.00000000
 -0.01160000 -0.61957726E+02  0.70104551E+00      0.00000000      0.00000000
 -0.01140000 -0.61260513E+02  0.68477124E+00      0.00000000      0.00000000
 -0.01120000 -0.60582020E+02  0.66915727E+00      0.00000000      0.00000000
 -0.01100000 -0.59922981E+02  0.65411890E+00      0.00000000      0.00000000
 -0.01080000 -0.59273804E+02  0.63951266E+00      0.00000000      0.00000000
 -0.01060000 -0.58632187E+02  0.62519264E+00      0.00000000      0.00000000
 -0.01040000 -0.58016796E+02  0.61163777E+00      0.00000000      0.00000000
 -0.01020000 -0.57417248E+02  0.59855157E+00      0.00000000      0.00000000
 -0.01000000 -0.56832249E+02  0.58591616E+00      0.00000000      0.00000000
 -0.00980000 -0.56250484E+02  0.57358831E+00      0.00000000      0.00000000
 -0.00960000 -0.55679596E+02  0.56156152E+00      0.00000000      0.00000000
 -0.00940000 -0.55120094E+02  0.54998159E+00      0.00000000      0.00000000
 -0.00920000 -0.54568291E+02  0.53865814E+00      0.00000000      0.00000000
 -0.00900000 -0.54037781E+02  0.52774572E+00      0.00000000      0.00000000
 -0.00880000 -0.53515312E+02  0.51715493E+00      0.00000000      0.00000000
 -0.00860000 -0.53004272E+02  0.50694776E+00      0.00000000      0.00000000
 -0.00840000 -0.52506866E+02  0.49709609E+00      0.00000000      0.00000000
 -0.00820000 -0.52015800E+02  0.48752463E+00      0.00000000      0.00000000
 -0.00800000 -0.51530792E+02  0.47805399E+00      0.00000000      0.00000000
 -0.00780000 -0.51051205E+02  0.46889949E+00      0.00000000      0.00000000
 -0.00760000 -0.50585026E+02  0.46000654E+00      0.00000000      0.00000000
 -0.00740000 -0.50137726E+02  0.45164791E+00      0.00000000      0.00000000
 -0.00720000 -0.49688847E+02  0.44331580E+00      0.00000000      0.00000000
 -0.00700000 -0.49252632E+02  0.43525997E+00      0.00000000      0.00000000
 -0.00680000 -0.48824425E+02  0.42745441E+00      0.00000000      0.00000000
 -0.00660000 -0.48402275E+02  0.41978109E+00      0.00000000      0.00000000
 -0.00640000 -0.47983433E+02  0.41224647E+00      0.00000000      0.00000000
 -0.00620000 -0.47574051E+02  0.40503931E+00      0.00000000      0.00000000
 -0.00600000 -0.47171700E+02  0.39799139E+00      0.00000000      0.00000000
 -0.00580000 -0.46774811E+02  0.39100587E+00      0.00000000      0.00000000
 -0.00560000 -0.46385941E+02  0.38425431E+00      0.00000000      0.00000000
 -0.00540000 -0.46003090E+02  0.37768060E+00      0.00000000      0.00000000
 -0.00520000 -0.45628494E+02  0.37131321E+00      0.00000000      0.00000000
 -0.00500000 -0.45260155E+02  0.36510056E+00      0.00000000      0.00000000
 -0.00480000 -0.44898525E+02  0.35905445E+00      0.00000000      0.00000000
 -0.00460000 -0.44542107E+02  0.35315704E+00      0.00000000      0.00000000
 -0.00440000 -0.44192131E+02  0.34739029E+00      0.00000000      0.00000000
 -0.00420000 -0.43851540E+02  0.34183496E+00      0.00000000      0.00000000
 -0.00400000 -0.43511818E+02  0.33635283E+00      0.00000000      0.00000000
 -0.00380000 -0.43180691E+02  0.33108568E+00      0.00000000      0.00000000
 -0.00360000 -0.42852573E+02  0.32587290E+00      0.00000000      0.00000000
 -0.00340000 -0.42530994E+02  0.32077318E+00      0.00000000      0.00000000
 -0.00320000 -0.42210777E+02  0.31576332E+00      0.00000000      0.00000000
 -0.00300000 -0.41895741E+02  0.31087047E+00      0.00000000      0.00000000
 -0.00280000 -0.41585712E+02  0.30605525E+00      0.00000000      0.00000000
 -0.00260000 -0.41281544E+02  0.30151230E+00      0.00000000      0.00000000
 -0.00240000 -0.40983746E+02  0.29698327E+00      0.00000000      0.00000000
 -0.00220000 -0.40689285E+02  0.29249576E+00      0.00000000      0.00000000
 -0.00200000 -0.40399044E+02  0.28819048E+00      0.00000000      0.00000000
 -0.00180000 -0.40115643E+02  0.28400022E+00      0.00000000      0.00000000
 -0.00160000 -0.39832600E+02  0.27985138E+00      0.00000000      0.00000000
 -0.00140000 -0.39553604E+02  0.27578363E+00      0.00000000      0.00000000
 -0.00120000 -0.39279301E+02  0.27180851E+00      0.00000000      0.00000000
 -0.00100000 -0.39006588E+02  0.26789093E+00      0.00000000      0.00000000
 -0.00080000 -0.38740627E+02  0.26406965E+00      0.00000000      0.00000000
 -0.00060000 -0.38479889E+02  0.26040804E+00      0.00000000      0.00000000
 -0.00040000 -0.38222061E+02  0.25675285E+00      0.00000000      0.00000000
 -0.00020000 -0.37969952E+02  0.25326282E+00      0.00000000      0.00000000
  0.00000000 -0.37717224E+02  0.24974750E+00      0.00000000      0.00000000
  0.00020000 -0.37468822E+02  0.24632184E+00      0.00000000      0.00000000
  0.00040000 -0.37223560E+02  0.24297141E+00      0.00000000      0.00000000
  0.00060000 -0.36981644E+02  0.23970814E+00      0.00000000      0.00000000
  0.00080000 -0.36744965E+02  0.23651296E+00      0.00000000      0.00000000
  0.00100000 -0.36507359E+02  0.23332348E+00      0.00000000      0.00000000
  0.00120000 -0.36277447E+02  0.23025045E+00      0.00000000      0.00000000
  0.00140000 -0.36048122E+02  0.22719371E+00      0.00000000      0.00000000
  0.00160000 -0.35822987E+02  0.22423752E+00      0.00000000      0.00000000
  0.00180000 -0.35600071E+02  0.22138397E+00      0.00000000      0.00000000
  0.00200000 -0.35381931E+02  0.21856306E+00      0.00000000      0.00000000
  0.00220000 -0.35164635E+02  0.21572712E+00      0.00000000      0.00000000
  0.00240000 -0.34949238E+02  0.21298730E+00      0.00000000      0.00000000
  0.00260000 -0.34737850E+02  0.21026799E+00      0.00000000      0.00000000
  0.00280000 -0.34530060E+02  0.20764044E+00      0.00000000      0.00000000
  0.00300000 -0.34323837E+02  0.20510215E+00      0.00000000      0.00000000
  0.00320000 -0.34120758E+02  0.20254606E+00      0.00000000      0.00000000
  0.00340000 -0.33919613E+02  0.20004478E+00      0.00000000      0.00000000
  0.00360000 -0.33718578E+02  0.19757771E+00      0.00000000      0.00000000
  0.00380000 -0.33522770E+02  0.19516881E+00      0.00000000      0.00000000
  0.00400000 -0.33331707E+02  0.19285493E+00      0.00000000      0.00000000
  0.00420000 -0.33140629E+02  0.19052219E+00      0.00000000      0.00000000
  0.00440000 -0.32950333E+02  0.18822241E+00      0.00000000      0.00000000
  0.00460000 -0.32762108E+02  0.18598369E+00      0.00000000      0.00000000
  0.00480000 -0.32577183E+02  0.18380126E+00      0.00000000      0.00000000
  0.00500000 -0.32393257E+02  0.18163392E+00      0.00000000      0.00000000
  0.00520000 -0.32212364E+02  0.17951247E+00      0.00000000      0.00000000
  0.00540000 -0.32033020E+02  0.17746823E+00      0.00000000      0.00000000
  0.00560000 -0.31855749E+02  0.17539465E+00      0.00000000      0.00000000
  0.00580000 -0.31681282E+02  0.17339374E+00      0.00000000      0.00000000
  0.00600000 -0.31509396E+02  0.17140490E+00      0.00000000      0.00000000
  0.00620000 -0.31340538E+02  0.16949540E+00      0.00000000      0.00000000
  0.00640000 -0.31170372E+02  0.16753757E+00      0.00000000      0.00000000
  0.00660000 -0.31004951E+02  0.16566354E+00      0.00000000      0.00000000
  0.00680000 -0.30839184E+02  0.16380346E+00      0.00000000      0.00000000
  0.00700000 -0.30675907E+02  0.16200271E+00      0.00000000      0.00000000
  0.00720000 -0.30516891E+02  0.16023883E+00      0.00000000      0.00000000
  0.00740000 -0.30355461E+02  0.15847020E+00      0.00000000      0.00000000
  0.00760000 -0.30198475E+02  0.15674341E+00      0.00000000      0.00000000
  0.00780000 -0.30042704E+02  0.15503258E+00      0.00000000      0.00000000
  0.00800000 -0.29890316E+02  0.15338553E+00      0.00000000      0.00000000
  0.00820000 -0.29736210E+02  0.15173034E+00      0.00000000      0.00000000
  0.00840000 -0.29585289E+02  0.15010573E+00      0.00000000      0.00000000
  0.00860000 -0.29436626E+02  0.14853294E+00      0.00000000      0.00000000
  0.00880000 -0.29288368E+02  0.14696875E+00      0.00000000      0.00000000
  0.00900000 -0.29144096E+02  0.14543831E+00      0.00000000      0.00000000
  0.00920000 -0.28997963E+02  0.14390998E+00      0.00000000      0.00000000
  0.00940000 -0.28855555E+02  0.14242171E+00      0.00000000      0.00000000
  0.00960000 -0.28712933E+02  0.14094651E+00      0.00000000      0.00000000
  0.00980000 -0.28573673E+02  0.13953902E+00      0.00000000      0.00000000
  0.01000000 -0.28434301E+02  0.13809861E+00      0.00000000      0.00000000
  0.01020000 -0.28299873E+02  0.13673678E+00      0.00000000      0.00000000
  0.01040000 -0.28163157E+02  0.13533145E+00      0.00000000      0.00000000
  0.01060000 -0.28027914E+02  0.13395506E+00      0.00000000      0.00000000
  0.01080000 -0.27893608E+02  0.13259178E+00      0.00000000      0.00000000
  0.01100000 -0.27762318E+02  0.13126722E+00      0.00000000      0.00000000
  0.01120000 -0.27630705E+02  0.12996954E+00      0.00000000      0.00000000
  0.01140000 -0.27501194E+02  0.12869087E+00      0.00000000      0.00000000
  0.01160000 -0.27373339E+02  0.12742367E+00      0.00000000      0.00000000
  0.01180000 -0.27246300E+02  0.12616020E+00      0.00000000      0.00000000
  0.01200000 -0.27121304E+02  0.12494901E+00      0.00000000      0.00000000
  0.01220000 -0.26997316E+02  0.12374535E+00      0.00000000      0.00000000
  0.01240000 -0.26873404E+02  0.12254366E+00      0.00000000      0.00000000
  0.01260000 -0.26750832E+02  0.12137806E+00      0.00000000      0.00000000
  0.01280000 -0.26629726E+02  0.12022880E+00      0.00000000      0.00000000
  0.01300000 -0.26509155E+02  0.11907429E+00      0.00000000      0.00000000
  0.01320000 -0.26391350E+02  0.11797759E+00      0.00000000      0.00000000
  0.01340000 -0.26274660E+02  0.11684686E+00      0.00000000      0.00000000
  0.01360000 -0.26157446E+02  0.11573714E+00      0.00000000      0.00000000
  0.01380000 -0.26042030E+02  0.11465114E+00      0.00000000      0.00000000
  0.01400000 -0.25927580E+02  0.11357653E+00      0.00000000      0.00000000
  0.01420000 -0.25814625E+02  0.11254263E+00      0.00000000      0.00000000
  0.01440000 -0.25703064E+02  0.11151719E+00      0.00000000      0.00000000
  0.01460000 -0.25592163E+02  0.11050481E+00      0.00000000      0.00000000
  0.01480000 -0.25483231E+02  0.10951734E+00      0.00000000      0.00000000
  0.01500000 -0.25374191E+02  0.10851231E+00      0.00000000      0.00000000
  0.01520000 -0.25266994E+02  0.10755253E+00      0.00000000      0.00000000
  0.01540000 -0.25158772E+02  0.10657161E+00      0.00000000      0.00000000
  0.01560000 -0.25052546E+02  0.10562313E+00      0.00000000      0.00000000
  0.01580000 -0.24947735E+02  0.10468817E+00      0.00000000      0.00000000
  0.01600000 -0.24842318E+02  0.10371709E+00      0.00000000      0.00000000
  0.01619999 -0.24739616E+02  0.10280752E+00      0.00000000      0.00000000
  0.01640000 -0.24637728E+02  0.10192430E+00      0.00000000      0.00000000
  0.01660000 -0.24536688E+02  0.10102928E+00      0.00000000      0.00000000
  0.01680000 -0.24435455E+02  0.10012800E+00      0.00000000      0.00000000
  0.01700000 -0.24334400E+02  0.99261582E-01      0.00000000      0.00000000
  0.01720000 -0.24236725E+02  0.98427117E-01      0.00000000      0.00000000
  0.01740000 -0.24137798E+02  0.97571313E-01      0.00000000      0.00000000
  0.01760000 -0.24041096E+02  0.96741498E-01      0.00000000      0.00000000
  0.01780000 -0.23944614E+02  0.95898032E-01      0.00000000      0.00000000
  0.01800000 -0.23850266E+02  0.95113516E-01      0.00000000      0.00000000
  0.01820000 -0.23754467E+02  0.94317436E-01      0.00000000      0.00000000
  0.01840000 -0.23661407E+02  0.93527555E-01      0.00000000      0.00000000
  0.01860000 -0.23567318E+02  0.92732489E-01      0.00000000      0.00000000
  0.01880000 -0.23475052E+02  0.91966033E-01      0.00000000      0.00000000
  0.01900000 -0.23382710E+02  0.91171622E-01      0.00000000      0.00000000
  0.01920000 -0.23291725E+02  0.90429425E-01      0.00000000      0.00000000
  0.01940000 -0.23200909E+02  0.89674592E-01      0.00000000      0.00000000
  0.01960000 -0.23111557E+02  0.88939071E-01      0.00000000      0.00000000
  0.01980000 -0.23024151E+02  0.88199377E-01      0.00000000      0.00000000
  0.02000000 -0.22936680E+02  0.87496758E-01      0.00000000      0.00000000
  0.02020000 -0.22848740E+02  0.86804986E-01      0.00000000      0.00000000
  0.02040000 -0.22762245E+02  0.86091399E-01      0.00000000      0.00000000
  0.02060000 -0.22675873E+02  0.85378766E-01      0.00000000      0.00000000
  0.02080000 -0.22592258E+02  0.84702969E-01      0.00000000      0.00000000
  0.02100000 -0.22508404E+02  0.84046125E-01      0.00000000      0.00000000
  0.02120000 -0.22424347E+02  0.83379388E-01      0.00000000      0.00000000
  0.02140000 -0.22340759E+02  0.82712412E-01      0.00000000      0.00000000
  0.02160000 -0.22259357E+02  0.82069635E-01      0.00000000      0.00000000
  0.02180000 -0.22177635E+02  0.81426859E-01      0.00000000      0.00000000
  0.02200000 -0.22095940E+02  0.80786943E-01      0.00000000      0.00000000
  0.02220000 -0.22015907E+02  0.80168486E-01      0.00000000      0.00000000
  0.02240000 -0.21936195E+02  0.79543829E-01      0.00000000      0.00000000
  0.02260000 -0.21857178E+02  0.78909874E-01      0.00000000      0.00000000
  0.02280000 -0.21778419E+02  0.78307152E-01      0.00000000      0.00000000
  0.02300000 -0.21700722E+02  0.77710152E-01      0.00000000      0.00000000
  0.02320000 -0.21623993E+02  0.77131271E-01      0.00000000      0.00000000
  0.02340000 -0.21547661E+02  0.76532364E-01      0.00000000      0.00000000
  0.02360000 -0.21471527E+02  0.75960159E-01      0.00000000      0.00000000
  0.02380000 -0.21395943E+02  0.75394630E-01      0.00000000      0.00000000
  0.02400000 -0.21321297E+02  0.74828148E-01      0.00000000      0.00000000
  0.02420000 -0.21246025E+02  0.74262142E-01      0.00000000      0.00000000
  0.02440000 -0.21171478E+02  0.73709488E-01      0.00000000      0.00000000
  0.02460000 -0.21098358E+02  0.73157310E-01      0.00000000      0.00000000
  0.02480000 -0.21024673E+02  0.72602272E-01      0.00000000      0.00000000
  0.02500000 -0.20951706E+02  0.72063446E-01      0.00000000      0.00000000
  0.02520000 -0.20880112E+02  0.71509361E-01      0.00000000      0.00000000
  0.02540000 -0.20809265E+02  0.71018219E-01      0.00000000      0.00000000
  0.02560000 -0.20738464E+02  0.70491791E-01      0.00000000      0.00000000
  0.02580000 -0.20668457E+02  0.69984436E-01      0.00000000      0.00000000
  0.02600000 -0.20598602E+02  0.69473267E-01      0.00000000      0.00000000
  0.02620000 -0.20529663E+02  0.68965912E-01      0.00000000      0.00000000
  0.02640000 -0.20461548E+02  0.68489075E-01      0.00000000      0.00000000
  0.02660000 -0.20392761E+02  0.68008423E-01      0.00000000      0.00000000
  0.02680000 -0.20325378E+02  0.67535400E-01      0.00000000      0.00000000
  0.02700000 -0.20257812E+02  0.67077637E-01      0.00000000      0.00000000
  0.02720000 -0.20191376E+02  0.66650391E-01      0.00000000      0.00000000
  0.02740000 -0.20124817E+02  0.66040039E-01      0.00000000      0.00000000
  0.02760000 -0.20059387E+02  0.65612793E-01      0.00000000      0.00000000
  0.02780000 -0.19993561E+02  0.65139771E-01      0.00000000      0.00000000
  0.02800000 -0.19929367E+02  0.64712524E-01      0.00000000      0.00000000
  0.02820000 -0.19864136E+02  0.64231873E-01      0.00000000      0.00000000
  0.02840000 -0.19800392E+02  0.63785553E-01      0.00000000      0.00000000
  0.02860000 -0.19736488E+02  0.63350677E-01      0.00000000      0.00000000
  0.02880000 -0.19673187E+02  0.62896729E-01      0.00000000      0.00000000
  0.02900000 -0.19610401E+02  0.62467575E-01      0.00000000      0.00000000
  0.02920000 -0.19547993E+02  0.62034607E-01      0.00000000      0.00000000
  0.02940000 -0.19485941E+02  0.61620712E-01      0.00000000      0.00000000
  0.02959999 -0.19425173E+02  0.61203003E-01      0.00000000      0.00000000
  0.02980000 -0.19363914E+02  0.60770035E-01      0.00000000      0.00000000
  0.03000000 -0.19303560E+02  0.60373306E-01      0.00000000      0.00000000
  0.03020000 -0.19243595E+02  0.59970856E-01      0.00000000      0.00000000
  0.03040000 -0.19183868E+02  0.59576035E-01      0.00000000      0.00000000
  0.03060000 -0.19124496E+02  0.59156418E-01      0.00000000      0.00000000
  0.03080000 -0.19065094E+02  0.58761597E-01      0.00000000      0.00000000
  0.03100000 -0.19006439E+02  0.58361053E-01      0.00000000      0.00000000
  0.03120000 -0.18947998E+02  0.57945251E-01      0.00000000      0.00000000
  0.03140000 -0.18889984E+02  0.57586670E-01      0.00000000      0.00000000
  0.03160000 -0.18832397E+02  0.57250977E-01      0.00000000      0.00000000
  0.03179999 -0.18775757E+02  0.56884766E-01      0.00000000      0.00000000
  0.03200001 -0.18719496E+02  0.56640625E-01      0.00000000      0.00000000
  0.03220000 -0.18663025E+02  0.56091309E-01      0.00000000      0.00000000
  0.03240000 -0.18606628E+02  0.55725098E-01      0.00000000      0.00000000
  0.03260000 -0.18551331E+02  0.55389404E-01      0.00000000      0.00000000
  0.03280000 -0.18496826E+02  0.55046082E-01      0.00000000      0.00000000
  0.03300000 -0.18441986E+02  0.54668427E-01      0.00000000      0.00000000
  0.03320000 -0.18387802E+02  0.54325104E-01      0.00000000      0.00000000
  0.03340000 -0.18333435E+02  0.53972244E-01      0.00000000      0.00000000
  0.03360000 -0.18279373E+02  0.53625107E-01      0.00000000      0.00000000
  0.03380000 -0.18226166E+02  0.53287506E-01      0.00000000      0.00000000
  0.03399999 -0.18173004E+02  0.52936554E-01      0.00000000      0.00000000
  0.03420001 -0.18120438E+02  0.52607536E-01      0.00000000      0.00000000
  0.03440000 -0.18067886E+02  0.52276611E-01      0.00000000      0.00000000
  0.03460000 -0.18015884E+02  0.51947594E-01      0.00000000      0.00000000
  0.03479999 -0.17964516E+02  0.51624775E-01      0.00000000      0.00000000
  0.03500000 -0.17913536E+02  0.51322460E-01      0.00000000      0.00000000
  0.03520000 -0.17861839E+02  0.51011086E-01      0.00000000      0.00000000
  0.03540000 -0.17810417E+02  0.50665855E-01      0.00000000      0.00000000
  0.03560000 -0.17759865E+02  0.50336361E-01      0.00000000      0.00000000
  0.03580000 -0.17709976E+02  0.50036430E-01      0.00000000      0.00000000
  0.03600000 -0.17659821E+02  0.49712181E-01      0.00000000      0.00000000
  0.03619999 -0.17610321E+02  0.49430370E-01      0.00000000      0.00000000
  0.03640000 -0.17560799E+02  0.49127579E-01      0.00000000      0.00000000
  0.03660000 -0.17511978E+02  0.48816442E-01      0.00000000      0.00000000
  0.03680000 -0.17463295E+02  0.48527241E-01      0.00000000      0.00000000
  0.03700000 -0.17415207E+02  0.48216581E-01      0.00000000      0.00000000
  0.03720000 -0.17367134E+02  0.47937632E-01      0.00000000      0.00000000
  0.03740000 -0.17319351E+02  0.47654390E-01      0.00000000      0.00000000
  0.03760000 -0.17272163E+02  0.47374725E-01      0.00000000      0.00000000
  0.03780000 -0.17224335E+02  0.47075033E-01      0.00000000      0.00000000
  0.03800000 -0.17177101E+02  0.46802044E-01      0.00000000      0.00000000
  0.03820000 -0.17130962E+02  0.46508670E-01      0.00000000      0.00000000
  0.03839999 -0.17084118E+02  0.46233535E-01      0.00000000      0.00000000
  0.03860000 -0.17038391E+02  0.45965075E-01      0.00000000      0.00000000
  0.03880000 -0.16992294E+02  0.45704603E-01      0.00000000      0.00000000
  0.03900000 -0.16946129E+02  0.45430064E-01      0.00000000      0.00000000
  0.03920000 -0.16901421E+02  0.45166612E-01      0.00000000      0.00000000
  0.03940000 -0.16855503E+02  0.44907570E-01      0.00000000      0.00000000
  0.03960000 -0.16810497E+02  0.44643641E-01      0.00000000      0.00000000
  0.03980000 -0.16765892E+02  0.44374466E-01      0.00000000      0.00000000
  0.04000000 -0.16721458E+02  0.44110060E-01      0.00000000      0.00000000
  0.04020000 -0.16677315E+02  0.43842554E-01      0.00000000      0.00000000
  0.04040000 -0.16634094E+02  0.43608069E-01      0.00000000      0.00000000
  0.04060000 -0.16590771E+02  0.43351710E-01      0.00000000      0.00000000
  0.04080000 -0.16547737E+02  0.43104529E-01      0.00000000      0.00000000
  0.04100000 -0.16505131E+02  0.42865932E-01      0.00000000      0.00000000
  0.04120000 -0.16462311E+02  0.42614341E-01      0.00000000      0.00000000
  0.04140000 -0.16419670E+02  0.42373896E-01      0.00000000      0.00000000
  0.04160000 -0.16377567E+02  0.42137921E-01      0.00000000      0.00000000
  0.04180000 -0.16335739E+02  0.41892231E-01      0.00000000      0.00000000
  0.04200000 -0.16293789E+02  0.41658103E-01      0.00000000      0.00000000
  0.04220000 -0.16252274E+02  0.41429937E-01      0.00000000      0.00000000
  0.04240000 -0.16211018E+02  0.41190505E-01      0.00000000      0.00000000
  0.04260000 -0.16170265E+02  0.40950418E-01      0.00000000      0.00000000
  0.04280000 -0.16129082E+02  0.40724993E-01      0.00000000      0.00000000
  0.04300000 -0.16089008E+02  0.40498137E-01      0.00000000      0.00000000
  0.04320000 -0.16048386E+02  0.40288448E-01      0.00000000      0.00000000
  0.04340000 -0.16007828E+02  0.40066659E-01      0.00000000      0.00000000
  0.04360000 -0.15967754E+02  0.39856732E-01      0.00000000      0.00000000
  0.04380000 -0.15927765E+02  0.39627254E-01      0.00000000      0.00000000
  0.04400000 -0.15888557E+02  0.39408028E-01      0.00000000      0.00000000
  0.04420000 -0.15849154E+02  0.39191842E-01      0.00000000      0.00000000
  0.04440000 -0.15810034E+02  0.38971722E-01      0.00000000      0.00000000
  0.04460000 -0.15771324E+02  0.38757473E-01      0.00000000      0.00000000
  0.04480000 -0.15732756E+02  0.38542897E-01      0.00000000      0.00000000
  0.04500000 -0.15694050E+02  0.38333237E-01      0.00000000      0.00000000
  0.04520000 -0.15655819E+02  0.38141638E-01      0.00000000      0.00000000
  0.04539999 -0.15617781E+02  0.37932813E-01      0.00000000      0.00000000
  0.04560000 -0.15580204E+02  0.37721187E-01      0.00000000      0.00000000
  0.04580000 -0.15543028E+02  0.37524492E-01      0.00000000      0.00000000
  0.04600000 -0.15505451E+02  0.37317306E-01      0.00000000      0.00000000
  0.04620000 -0.15467777E+02  0.37116528E-01      0.00000000      0.00000000
  0.04640000 -0.15431221E+02  0.36917120E-01      0.00000000      0.00000000
  0.04660000 -0.15394577E+02  0.36715716E-01      0.00000000      0.00000000
  0.04680000 -0.15357803E+02  0.36534876E-01      0.00000000      0.00000000
  0.04700000 -0.15321398E+02  0.36335319E-01      0.00000000      0.00000000
  0.04720000 -0.15285273E+02  0.36146909E-01      0.00000000      0.00000000
  0.04740000 -0.15249395E+02  0.35961211E-01      0.00000000      0.00000000
  0.04759999 -0.15213322E+02  0.35763025E-01      0.00000000      0.00000000
  0.04780000 -0.15177658E+02  0.35589963E-01      0.00000000      0.00000000
  0.04800000 -0.15142166E+02  0.35408348E-01      0.00000000      0.00000000
  0.04820000 -0.15106661E+02  0.35222441E-01      0.00000000      0.00000000
  0.04840000 -0.15071112E+02  0.35038084E-01      0.00000000      0.00000000
  0.04860000 -0.15036488E+02  0.34857839E-01      0.00000000      0.00000000
  0.04880000 -0.15001583E+02  0.34662515E-01      0.00000000      0.00000000
  0.04899999 -0.14966600E+02  0.34478068E-01      0.00000000      0.00000000
  0.04920000 -0.14932417E+02  0.34296513E-01      0.00000000      0.00000000
  0.04940000 -0.14898071E+02  0.34123212E-01      0.00000000      0.00000000
  0.04960000 -0.14864359E+02  0.33963084E-01      0.00000000      0.00000000
  0.04979999 -0.14830257E+02  0.33785284E-01      0.00000000      0.00000000
  0.05000000 -0.14796673E+02  0.33625275E-01      0.00000000      0.00000000
  0.05020000 -0.14763504E+02  0.33448651E-01      0.00000000      0.00000000
  0.05040000 -0.14729965E+02  0.33280939E-01      0.00000000      0.00000000
  0.05060000 -0.14696583E+02  0.33115581E-01      0.00000000      0.00000000
  0.05080000 -0.14663185E+02  0.32954931E-01      0.00000000      0.00000000
  0.05100000 -0.14630463E+02  0.32783866E-01      0.00000000      0.00000000
  0.05119999 -0.14597750E+02  0.32600924E-01      0.00000000      0.00000000
  0.05140000 -0.14565319E+02  0.32436460E-01      0.00000000      0.00000000
  0.05160000 -0.14532774E+02  0.32280594E-01      0.00000000      0.00000000
  0.05180000 -0.14500750E+02  0.32116428E-01      0.00000000      0.00000000
  0.05199999 -0.14468849E+02  0.31970710E-01      0.00000000      0.00000000
  0.05220000 -0.14437080E+02  0.31822562E-01      0.00000000      0.00000000
  0.05240000 -0.14405741E+02  0.31658411E-01      0.00000000      0.00000000
  0.05260000 -0.14373837E+02  0.31498164E-01      0.00000000      0.00000000
  0.05280000 -0.14342512E+02  0.31345755E-01      0.00000000      0.00000000
  0.05300000 -0.14311195E+02  0.31204551E-01      0.00000000      0.00000000
  0.05320000 -0.14280056E+02  0.31041458E-01      0.00000000      0.00000000
  0.05339999 -0.14248986E+02  0.30882806E-01      0.00000000      0.00000000
  0.05360000 -0.14218455E+02  0.30733272E-01      0.00000000      0.00000000
  0.05380000 -0.14187764E+02  0.30588537E-01      0.00000000      0.00000000
  0.05400000 -0.14157207E+02  0.30438438E-01      0.00000000      0.00000000
  0.05420000 -0.14126981E+02  0.30292228E-01      0.00000000      0.00000000
  0.05440000 -0.14096910E+02  0.30145213E-01      0.00000000      0.00000000
  0.05460000 -0.14066463E+02  0.29994339E-01      0.00000000      0.00000000
  0.05480000 -0.14036585E+02  0.29840410E-01      0.00000000      0.00000000
  0.05500000 -0.14006592E+02  0.29703230E-01      0.00000000      0.00000000
  0.05520000 -0.13976987E+02  0.29560953E-01      0.00000000      0.00000000
  0.05540000 -0.13947679E+02  0.29421732E-01      0.00000000      0.00000000
  0.05560000 -0.13918171E+02  0.29280856E-01      0.00000000      0.00000000
  0.05580000 -0.13889003E+02  0.29147506E-01      0.00000000      0.00000000
  0.05600000 -0.13860190E+02  0.29011130E-01      0.00000000      0.00000000
  0.05620000 -0.13830878E+02  0.28871968E-01      0.00000000      0.00000000
  0.05640000 -0.13802219E+02  0.28742343E-01      0.00000000      0.00000000
  0.05660000 -0.13773338E+02  0.28602853E-01      0.00000000      0.00000000
  0.05680000 -0.13744989E+02  0.28473303E-01      0.00000000      0.00000000
  0.05700000 -0.13716866E+02  0.28339013E-01      0.00000000      0.00000000
  0.05720000 -0.13688390E+02  0.28196037E-01      0.00000000      0.00000000
  0.05740000 -0.13660254E+02  0.28068274E-01      0.00000000      0.00000000
  0.05760000 -0.13632292E+02  0.27938411E-01      0.00000000      0.00000000
  0.05780000 -0.13604307E+02  0.27817436E-01      0.00000000      0.00000000
  0.05800000 -0.13576138E+02  0.27681388E-01      0.00000000      0.00000000
  0.05819999 -0.13548685E+02  0.27564354E-01      0.00000000      0.00000000
  0.05840000 -0.13521209E+02  0.27442902E-01      0.00000000      0.00000000
  0.05860000 -0.13493823E+02  0.27312025E-01      0.00000000      0.00000000
  0.05880000 -0.13466243E+02  0.27181990E-01      0.00000000      0.00000000
  0.05900000 -0.13439393E+02  0.27062878E-01      0.00000000      0.00000000
  0.05920000 -0.13412393E+02  0.26935779E-01      0.00000000      0.00000000
  0.05940000 -0.13385509E+02  0.26804797E-01      0.00000000      0.00000000
  0.05960000 -0.13358928E+02  0.26673265E-01      0.00000000      0.00000000
  0.05980000 -0.13332167E+02  0.26555255E-01      0.00000000      0.00000000
  0.06000000 -0.13305566E+02  0.26450604E-01      0.00000000      0.00000000
  0.06020000 -0.13279164E+02  0.26333272E-01      0.00000000      0.00000000
  0.06039999 -0.13252540E+02  0.26209928E-01      0.00000000      0.00000000
  0.06060000 -0.13226558E+02  0.26088491E-01      0.00000000      0.00000000
  0.06080000 -0.13200399E+02  0.25963008E-01      0.00000000      0.00000000
  0.06100000 -0.13174748E+02  0.25852971E-01      0.00000000      0.00000000
  0.06119999 -0.13148892E+02  0.25734037E-01      0.00000000      0.00000000
  0.06140000 -0.13123772E+02  0.25628425E-01      0.00000000      0.00000000
  0.06160000 -0.13098392E+02  0.25514841E-01      0.00000000      0.00000000
  0.06180000 -0.13072834E+02  0.25401697E-01      0.00000000      0.00000000
  0.06200000 -0.13047695E+02  0.25289595E-01      0.00000000      0.00000000
  0.06220000 -0.13022506E+02  0.25177181E-01      0.00000000      0.00000000
  0.06240000 -0.12997357E+02  0.25065430E-01      0.00000000      0.00000000
  0.06259999 -0.12972610E+02  0.24960555E-01      0.00000000      0.00000000
  0.06280001 -0.12947547E+02  0.24847850E-01      0.00000000      0.00000000
  0.06300000 -0.12922506E+02  0.24735339E-01      0.00000000      0.00000000
  0.06320000 -0.12898016E+02  0.24625130E-01      0.00000000      0.00000000
  0.06339999 -0.12873490E+02  0.24526611E-01      0.00000000      0.00000000
  0.06360000 -0.12848908E+02  0.24411894E-01      0.00000000      0.00000000
  0.06380000 -0.12824419E+02  0.24301454E-01      0.00000000      0.00000000
  0.06400000 -0.12800149E+02  0.24194725E-01      0.00000000      0.00000000
  0.06420000 -0.12775968E+02  0.24090283E-01      0.00000000      0.00000000
  0.06440000 -0.12751940E+02  0.23989879E-01      0.00000000      0.00000000
  0.06460000 -0.12727859E+02  0.23890361E-01      0.00000000      0.00000000
  0.06479999 -0.12704144E+02  0.23776852E-01      0.00000000      0.00000000
  0.06500000 -0.12680658E+02  0.23689806E-01      0.00000000      0.00000000
  0.06520000 -0.12656765E+02  0.23588791E-01      0.00000000      0.00000000
  0.06540000 -0.12633273E+02  0.23484394E-01      0.00000000      0.00000000
  0.06559999 -0.12609743E+02  0.23377694E-01      0.00000000      0.00000000
  0.06580000 -0.12586480E+02  0.23284122E-01      0.00000000      0.00000000
  0.06600000 -0.12563259E+02  0.23177676E-01      0.00000000      0.00000000
  0.06620000 -0.12540018E+02  0.23074917E-01      0.00000000      0.00000000
  0.06640000 -0.12517363E+02  0.22983290E-01      0.00000000      0.00000000
  0.06660000 -0.12494442E+02  0.22876889E-01      0.00000000      0.00000000
  0.06680001 -0.12471668E+02  0.22785865E-01      0.00000000      0.00000000
  0.06699999 -0.12448692E+02  0.22695079E-01      0.00000000      0.00000000
  0.06720000 -0.12426122E+02  0.22609271E-01      0.00000000      0.00000000
  0.06739999 -0.12403149E+02  0.22509165E-01      0.00000000      0.00000000
  0.06760000 -0.12380768E+02  0.22415683E-01      0.00000000      0.00000000
  0.06780000 -0.12358364E+02  0.22316538E-01      0.00000000      0.00000000
  0.06800000 -0.12335888E+02  0.22217210E-01      0.00000000      0.00000000
  0.06820000 -0.12313585E+02  0.22120632E-01      0.00000000      0.00000000
  0.06840000 -0.12291498E+02  0.22031520E-01      0.00000000      0.00000000
  0.06859999 -0.12269784E+02  0.21934040E-01      0.00000000      0.00000000
  0.06880000 -0.12247894E+02  0.21851663E-01      0.00000000      0.00000000
  0.06900001 -0.12226000E+02  0.21762550E-01      0.00000000      0.00000000
  0.06919999 -0.12204229E+02  0.21674119E-01      0.00000000      0.00000000
  0.06940000 -0.12182775E+02  0.21589000E-01      0.00000000      0.00000000
  0.06960000 -0.12161381E+02  0.21505762E-01      0.00000000      0.00000000
  0.06980000 -0.12139898E+02  0.21410063E-01      0.00000000      0.00000000
  0.07000000 -0.12118515E+02  0.21323334E-01      0.00000000      0.00000000
  0.07020000 -0.12097271E+02  0.21231104E-01      0.00000000      0.00000000
  0.07040000 -0.12075877E+02  0.21151971E-01      0.00000000      0.00000000
  0.07060000 -0.12054816E+02  0.21065488E-01      0.00000000      0.00000000
  0.07079999 -0.12033705E+02  0.20969652E-01      0.00000000      0.00000000
  0.07099999 -0.12012932E+02  0.20883501E-01      0.00000000      0.00000000
  0.07120001 -0.11992020E+02  0.20801220E-01      0.00000000      0.00000000
  0.07139999 -0.11971368E+02  0.20724166E-01      0.00000000      0.00000000
  0.07160000 -0.11950727E+02  0.20646386E-01      0.00000000      0.00000000
  0.07180000 -0.11929981E+02  0.20563420E-01      0.00000000      0.00000000
  0.07200000 -0.11909454E+02  0.20474967E-01      0.00000000      0.00000000
  0.07220000 -0.11888857E+02  0.20394534E-01      0.00000000      0.00000000
  0.07239999 -0.11868388E+02  0.20317107E-01      0.00000000      0.00000000
  0.07260000 -0.11848296E+02  0.20227954E-01      0.00000000      0.00000000
  0.07280000 -0.11828232E+02  0.20154111E-01      0.00000000      0.00000000
  0.07299999 -0.11808184E+02  0.20074084E-01      0.00000000      0.00000000
  0.07319999 -0.11788029E+02  0.19994009E-01      0.00000000      0.00000000
  0.07340001 -0.11768013E+02  0.19922327E-01      0.00000000      0.00000000
  0.07359999 -0.11748343E+02  0.19840568E-01      0.00000000      0.00000000
  0.07380000 -0.11728618E+02  0.19763485E-01      0.00000000      0.00000000
  0.07400000 -0.11708839E+02  0.19678339E-01      0.00000000      0.00000000
  0.07420000 -0.11689299E+02  0.19606307E-01      0.00000000      0.00000000
  0.07440000 -0.11669672E+02  0.19527834E-01      0.00000000      0.00000000
  0.07460000 -0.11650141E+02  0.19438870E-01      0.00000000      0.00000000
  0.07480000 -0.11630633E+02  0.19372988E-01      0.00000000      0.00000000
  0.07500000 -0.11611208E+02  0.19294653E-01      0.00000000      0.00000000
  0.07519999 -0.11592154E+02  0.19219577E-01      0.00000000      0.00000000
  0.07539999 -0.11572789E+02  0.19141864E-01      0.00000000      0.00000000
  0.07560000 -0.11553483E+02  0.19068994E-01      0.00000000      0.00000000
  0.07579999 -0.11534394E+02  0.18995173E-01      0.00000000      0.00000000
  0.07600000 -0.11515399E+02  0.18926542E-01      0.00000000      0.00000000
  0.07620000 -0.11496550E+02  0.18843863E-01      0.00000000      0.00000000
  0.07640000 -0.11477820E+02  0.18782739E-01      0.00000000      0.00000000
  0.07660000 -0.11459030E+02  0.18712491E-01      0.00000000      0.00000000
  0.07680000 -0.11440376E+02  0.18637262E-01      0.00000000      0.00000000
  0.07699999 -0.11421794E+02  0.18566620E-01      0.00000000      0.00000000
  0.07720000 -0.11403534E+02  0.18493325E-01      0.00000000      0.00000000
  0.07739999 -0.11385151E+02  0.18414732E-01      0.00000000      0.00000000
  0.07759999 -0.11366795E+02  0.18348217E-01      0.00000000      0.00000000
  0.07780000 -0.11348568E+02  0.18278752E-01      0.00000000      0.00000000
  0.07799999 -0.11330091E+02  0.18210944E-01      0.00000000      0.00000000
  0.07820000 -0.11312010E+02  0.18148791E-01      0.00000000      0.00000000
  0.07840000 -0.11294012E+02  0.18076479E-01      0.00000000      0.00000000
  0.07860000 -0.11276052E+02  0.18009264E-01      0.00000000      0.00000000
  0.07880000 -0.11257833E+02  0.17940447E-01      0.00000000      0.00000000
  0.07900000 -0.11239886E+02  0.17878432E-01      0.00000000      0.00000000
  0.07919999 -0.11222069E+02  0.17801106E-01      0.00000000      0.00000000
  0.07940000 -0.11204073E+02  0.17739203E-01      0.00000000      0.00000000
  0.07960001 -0.11186469E+02  0.17673817E-01      0.00000000      0.00000000
  0.07979999 -0.11168715E+02  0.17604731E-01      0.00000000      0.00000000
