 -0.04000000  0.17844879E+02  0.78776404E-01      0.00000000      0.00000000
 -0.03980000  0.17923920E+02  0.79443835E-01      0.00000000      0.00000000
 -0.03960000  0.18003445E+02  0.80113143E-01      0.00000000      0.00000000
 -0.03940000  0.18083626E+02  0.80822051E-01      0.00000000      0.00000000
 -0.03920000  0.18165155E+02  0.81528559E-01      0.00000000      0.00000000
 -0.03900000  0.18246817E+02  0.82192123E-01      0.00000000      0.00000000
 -0.03880000  0.18330364E+02  0.82956746E-01      0.00000000      0.00000000
 -0.03860000  0.18412998E+02  0.83689183E-01      0.00000000      0.00000000
 -0.03840000  0.18497204E+02  0.84411338E-01      0.00000000      0.00000000
 -0.03820000  0.18583025E+02  0.85175857E-01      0.00000000      0.00000000
 -0.03800000  0.18668980E+02  0.85911788E-01      0.00000000      0.00000000
 -0.03780000  0.18754997E+02  0.86662523E-01      0.00000000      0.00000000
 -0.03760000  0.18840876E+02  0.87432414E-01      0.00000000      0.00000000
 -0.03740000  0.18929760E+02  0.88224739E-01      0.00000000      0.00000000
 -0.03720000  0.19018408E+02  0.89032009E-01      0.00000000      0.00000000
 -0.03700000  0.19107758E+02  0.89838125E-01      0.00000000      0.00000000
 -0.03680000  0.19197176E+02  0.90648666E-01      0.00000000      0.00000000
 -0.03660000  0.19288258E+02  0.91500103E-01      0.00000000      0.00000000
 -0.03640000  0.19380131E+02  0.92335746E-01      0.00000000      0.00000000
 -0.03620000  0.19472771E+02  0.93204550E-01      0.00000000      0.00000000
 -0.03600000  0.19566948E+02  0.94056040E-01      0.00000000      0.00000000
 -0.03580000  0.19661446E+02  0.94879009E-01      0.00000000      0.00000000
 -0.03560000  0.19757774E+02  0.95805682E-01      0.00000000      0.00000000
 -0.03540000  0.19854050E+02  0.96722871E-01      0.00000000      0.00000000
 -0.03520000  0.19950863E+02  0.97639702E-01      0.00000000      0.00000000
 -0.03500000  0.20047882E+02  0.98538861E-01      0.00000000      0.00000000
 -0.03480000  0.20147327E+02  0.99473447E-01      0.00000000      0.00000000
 -0.03460000  0.20246370E+02  0.10042326E+00      0.00000000      0.00000000
 -0.03440000  0.20348553E+02  0.10139065E+00      0.00000000      0.00000000
 -0.03420000  0.20450287E+02  0.10237549E+00      0.00000000      0.00000000
 -0.03400000  0.20553410E+02  0.10336252E+00      0.00000000      0.00000000
 -0.03380000  0.20656284E+02  0.10439162E+00      0.00000000      0.00000000
 -0.03360000  0.20762224E+02  0.10541260E+00      0.00000000      0.00000000
 -0.03340000  0.20867676E+02  0.10644455E+00      0.00000000      0.00000000
 -0.03320000  0.20974987E+02  0.10753822E+00      0.00000000      0.00000000
 -0.03300000  0.21082203E+02  0.10860623E+00      0.00000000      0.00000000
 -0.03280000  0.21190933E+02  0.10968413E+00      0.00000000      0.00000000
 -0.03260000  0.21300682E+02  0.11075267E+00      0.00000000      0.00000000
 -0.03240000  0.21413666E+02  0.11190769E+00      0.00000000      0.00000000
 -0.03220000  0.21526203E+02  0.11303127E+00      0.00000000      0.00000000
 -0.03200000  0.21640076E+02  0.11419775E+00      0.00000000      0.00000000
 -0.03180000  0.21753532E+02  0.11540936E+00      0.00000000      0.00000000
 -0.03160000  0.21869011E+02  0.11657531E+00      0.00000000      0.00000000
 -0.03140000  0.21986347E+02  0.11776520E+00      0.00000000      0.00000000
 -0.03120000  0.22106236E+02  0.11901072E+00      0.00000000      0.00000000
 -0.03100000  0.22225872E+02  0.12026199E+00      0.00000000      0.00000000
 -0.03080000  0.22345398E+02  0.12149333E+00      0.00000000      0.00000000
 -0.03060000  0.22466621E+02  0.12280163E+00      0.00000000      0.00000000
 -0.03040000  0.22588196E+02  0.12412205E+00      0.00000000      0.00000000
 -0.03020000  0.22713482E+02  0.12542182E+00      0.00000000      0.00000000
 -0.03000000  0.22839912E+02  0.12677985E+00      0.00000000      0.00000000
 -0.02980000  0.22969723E+02  0.12815322E+00      0.00000000      0.00000000
 -0.02960000  0.23098507E+02  0.12956922E+00      0.00000000      0.00000000
 -0.02940000  0.23229336E+02  0.13100809E+00      0.00000000      0.00000000
 -0.02920000  0.23359165E+02  0.13240871E+00      0.00000000      0.00000000
 -0.02900000  0.23492414E+02  0.13391361E+00      0.00000000      0.00000000
 -0.02880000  0.23627213E+02  0.13541912E+00      0.00000000      0.00000000
 -0.02860000  0.23764202E+02  0.13695808E+00      0.00000000      0.00000000
 -0.02840000  0.23904240E+02  0.13851900E+00      0.00000000      0.00000000
 -0.02820000  0.24044085E+02  0.14009544E+00      0.00000000      0.00000000
 -0.02800000  0.24183832E+02  0.14164254E+00      0.00000000      0.00000000
 -0.02780000  0.24326263E+02  0.14328024E+00      0.00000000      0.00000000
 -0.02760000  0.24469902E+02  0.14492369E+00      0.00000000      0.00000000
 -0.02740000  0.24615536E+02  0.14669318E+00      0.00000000      0.00000000
 -0.02720000  0.24763866E+02  0.14836457E+00      0.00000000      0.00000000
 -0.02700000  0.24912521E+02  0.15002273E+00      0.00000000      0.00000000
 -0.02680000  0.25061787E+02  0.15182565E+00      0.00000000      0.00000000
 -0.02660000  0.25214121E+02  0.15364096E+00      0.00000000      0.00000000
 -0.02640000  0.25369165E+02  0.15545450E+00      0.00000000      0.00000000
 -0.02620000  0.25525814E+02  0.15734687E+00      0.00000000      0.00000000
 -0.02600000  0.25685959E+02  0.15926659E+00      0.00000000      0.00000000
 -0.02580000  0.25845301E+02  0.16117840E+00      0.00000000      0.00000000
 -0.02560000  0.26007133E+02  0.16323370E+00      0.00000000      0.00000000
 -0.02540000  0.26170313E+02  0.16524544E+00      0.00000000      0.00000000
 -0.02520000  0.26335907E+02  0.16730173E+00      0.00000000      0.00000000
 -0.02500000  0.26502634E+02  0.16932359E+00      0.00000000      0.00000000
 -0.02480000  0.26673647E+02  0.17141001E+00      0.00000000      0.00000000
 -0.02460000  0.26848190E+02  0.17360586E+00      0.00000000      0.00000000
 -0.02440000  0.27025433E+02  0.17586720E+00      0.00000000      0.00000000
 -0.02420000  0.27201946E+02  0.17816421E+00      0.00000000      0.00000000
 -0.02400000  0.27381500E+02  0.18040976E+00      0.00000000      0.00000000
 -0.02380000  0.27562557E+02  0.18278784E+00      0.00000000      0.00000000
 -0.02360000  0.27745544E+02  0.18513945E+00      0.00000000      0.00000000
 -0.02340000  0.27933289E+02  0.18758634E+00      0.00000000      0.00000000
 -0.02320000  0.28121969E+02  0.19002870E+00      0.00000000      0.00000000
 -0.02300000  0.28316072E+02  0.19262749E+00      0.00000000      0.00000000
 -0.02280000  0.28508476E+02  0.19521102E+00      0.00000000      0.00000000
 -0.02260000  0.28704891E+02  0.19790727E+00      0.00000000      0.00000000
 -0.02240000  0.28905569E+02  0.20057657E+00      0.00000000      0.00000000
 -0.02220000  0.29105734E+02  0.20339799E+00      0.00000000      0.00000000
 -0.02200000  0.29310362E+02  0.20615262E+00      0.00000000      0.00000000
 -0.02180000  0.29517357E+02  0.20900184E+00      0.00000000      0.00000000
 -0.02160000  0.29728121E+02  0.21193704E+00      0.00000000      0.00000000
 -0.02140000  0.29941856E+02  0.21494639E+00      0.00000000      0.00000000
 -0.02120000  0.30156384E+02  0.21794611E+00      0.00000000      0.00000000
 -0.02100000  0.30377302E+02  0.22105959E+00      0.00000000      0.00000000
 -0.02080000  0.30601412E+02  0.22426543E+00      0.00000000      0.00000000
 -0.02060000  0.30826195E+02  0.22753799E+00      0.00000000      0.00000000
 -0.02040000  0.31056217E+02  0.23091787E+00      0.00000000      0.00000000
 -0.02020000  0.31287832E+02  0.23433661E+00      0.00000000      0.00000000
 -0.02000000  0.31521212E+02  0.23781103E+00      0.00000000      0.00000000
 -0.01980000  0.31760563E+02  0.24125099E+00      0.00000000      0.00000000
 -0.01960000  0.32005383E+02  0.24495834E+00      0.00000000      0.00000000
 -0.01940000  0.32254005E+02  0.24869472E+00      0.00000000      0.00000000
 -0.01920000  0.32504131E+02  0.25246543E+00      0.00000000      0.00000000
 -0.01900000  0.32754589E+02  0.25633097E+00      0.00000000      0.00000000
 -0.01880000  0.33012478E+02  0.26031023E+00      0.00000000      0.00000000
 -0.01860000  0.33273575E+02  0.26436985E+00      0.00000000      0.00000000
 -0.01840000  0.33542717E+02  0.26862854E+00      0.00000000      0.00000000
 -0.01820000  0.33816711E+02  0.27301204E+00      0.00000000      0.00000000
 -0.01800000  0.34091835E+02  0.27739948E+00      0.00000000      0.00000000
 -0.01780000  0.34370438E+02  0.28192949E+00      0.00000000      0.00000000
 -0.01760000  0.34653099E+02  0.28645766E+00      0.00000000      0.00000000
 -0.01740000  0.34941879E+02  0.29113984E+00      0.00000000      0.00000000
 -0.01720000  0.35232361E+02  0.29590678E+00      0.00000000      0.00000000
 -0.01700000  0.35531399E+02  0.30099726E+00      0.00000000      0.00000000
 -0.01680000  0.35834740E+02  0.30605412E+00      0.00000000      0.00000000
 -0.01660000  0.36145294E+02  0.31127965E+00      0.00000000      0.00000000
 -0.01640000  0.36457943E+02  0.31665170E+00      0.00000000      0.00000000
 -0.01620000  0.36775478E+02  0.32213736E+00      0.00000000      0.00000000
 -0.01600000  0.37103058E+02  0.32791066E+00      0.00000000      0.00000000
 -0.01580000  0.37437889E+02  0.33371711E+00      0.00000000      0.00000000
 -0.01560000  0.37771305E+02  0.33965302E+00      0.00000000      0.00000000
 -0.01540000  0.38115952E+02  0.34586954E+00      0.00000000      0.00000000
 -0.01520000  0.38464226E+02  0.35211611E+00      0.00000000      0.00000000
 -0.01500000  0.38822701E+02  0.35863829E+00      0.00000000      0.00000000
 -0.01480000  0.39180115E+02  0.36526847E+00      0.00000000      0.00000000
 -0.01460000  0.39550766E+02  0.37205529E+00      0.00000000      0.00000000
 -0.01440000  0.39930710E+02  0.37924194E+00      0.00000000      0.00000000
 -0.01420000  0.40314941E+02  0.38660765E+00      0.00000000      0.00000000
 -0.01400000  0.40701103E+02  0.39383030E+00      0.00000000      0.00000000
 -0.01380000  0.41099556E+02  0.40172577E+00      0.00000000      0.00000000
 -0.01360000  0.41507675E+02  0.40955782E+00      0.00000000      0.00000000
 -0.01340000  0.41920296E+02  0.41784573E+00      0.00000000      0.00000000
 -0.01320000  0.42343132E+02  0.42627525E+00      0.00000000      0.00000000
 -0.01300000  0.42774246E+02  0.43506241E+00      0.00000000      0.00000000
 -0.01280000  0.43216324E+02  0.44398022E+00      0.00000000      0.00000000
 -0.01260000  0.43665497E+02  0.45316505E+00      0.00000000      0.00000000
 -0.01240000  0.44122070E+02  0.46273422E+00      0.00000000      0.00000000
 -0.01220000  0.44596024E+02  0.47266769E+00      0.00000000      0.00000000
 -0.01200000  0.45067017E+02  0.48263550E+00      0.00000000      0.00000000
 -0.01180000  0.45546631E+02  0.49298096E+00      0.00000000      0.00000000
 -0.01160000  0.46044250E+02  0.50381470E+00      0.00000000      0.00000000
 -0.01140000  0.46553886E+02  0.51507568E+00      0.00000000      0.00000000
 -0.01120000  0.47071243E+02  0.52656555E+00      0.00000000      0.00000000
 -0.01100000  0.47609032E+02  0.53868103E+00      0.00000000      0.00000000
 -0.01080000  0.48157700E+02  0.55107117E+00      0.00000000      0.00000000
 -0.01060000  0.48706528E+02  0.56391907E+00      0.00000000      0.00000000
 -0.01040000  0.49278351E+02  0.57714081E+00      0.00000000      0.00000000
 -0.01020000  0.49864567E+02  0.59107971E+00      0.00000000      0.00000000
 -0.01000000  0.50466873E+02  0.60553360E+00      0.00000000      0.00000000
 -0.00980000  0.51077980E+02  0.62024307E+00      0.00000000      0.00000000
 -0.00960000  0.51709869E+02  0.63587952E+00      0.00000000      0.00000000
 -0.00940000  0.52349487E+02  0.65188599E+00      0.00000000      0.00000000
 -0.00920000  0.53005875E+02  0.66857910E+00      0.00000000      0.00000000
 -0.00900000  0.53675095E+02  0.68569946E+00      0.00000000      0.00000000
 -0.00880000  0.54375290E+02  0.70385742E+00      0.00000000      0.00000000
 -0.00860000  0.55083755E+02  0.72245789E+00      0.00000000      0.00000000
 -0.00840000  0.55814968E+02  0.74201965E+00      0.00000000      0.00000000
 -0.00820000  0.56573128E+02  0.76249695E+00      0.00000000      0.00000000
 -0.00800000  0.57338364E+02  0.78345490E+00      0.00000000      0.00000000
 -0.00780000  0.58138451E+02  0.80614662E+00      0.00000000      0.00000000
 -0.00760000  0.58954731E+02  0.82926559E+00      0.00000000      0.00000000
 -0.00740000  0.59797649E+02  0.85349274E+00      0.00000000      0.00000000
 -0.00720000  0.60662827E+02  0.87891769E+00      0.00000000      0.00000000
 -0.00700000  0.61547966E+02  0.90522003E+00      0.00000000      0.00000000
 -0.00680000  0.62456970E+02  0.93286133E+00      0.00000000      0.00000000
 -0.00660000  0.63406509E+02  0.96185303E+00      0.00000000      0.00000000
 -0.00640000  0.64384811E+02  0.99224854E+00      0.00000000      0.00000000
 -0.00620000  0.65381821E+02  0.10241394E+01      0.00000000      0.00000000
 -0.00600000  0.66442352E+02  0.10584488E+01      0.00000000      0.00000000
 -0.00580000  0.67518364E+02  0.10938034E+01      0.00000000      0.00000000
 -0.00560000  0.68631622E+02  0.11314201E+01      0.00000000      0.00000000
 -0.00540000  0.69774185E+02  0.11706657E+01      0.00000000      0.00000000
 -0.00520000  0.70977524E+02  0.12122421E+01      0.00000000      0.00000000
 -0.00500000  0.72211349E+02  0.12562828E+01      0.00000000      0.00000000
 -0.00480000  0.73486160E+02  0.13027191E+01      0.00000000      0.00000000
 -0.00460000  0.74814697E+02  0.13517151E+01      0.00000000      0.00000000
 -0.00440000  0.76183929E+02  0.14041443E+01      0.00000000      0.00000000
 -0.00420000  0.77625565E+02  0.14601440E+01      0.00000000      0.00000000
 -0.00400000  0.79114502E+02  0.15189209E+01      0.00000000      0.00000000
 -0.00380000  0.80654968E+02  0.15811462E+01      0.00000000      0.00000000
 -0.00360000  0.82271393E+02  0.16478806E+01      0.00000000      0.00000000
 -0.00340000  0.83951050E+02  0.17187996E+01      0.00000000      0.00000000
 -0.00320000  0.85700882E+02  0.17948990E+01      0.00000000      0.00000000
 -0.00300000  0.87530464E+02  0.18768711E+01      0.00000000      0.00000000
 -0.00280000  0.89434494E+02  0.19646912E+01      0.00000000      0.00000000
 -0.00260000  0.91463676E+02  0.20597076E+01      0.00000000      0.00000000
 -0.00240000  0.93577187E+02  0.21624327E+01      0.00000000      0.00000000
 -0.00220000  0.95784454E+02  0.22721877E+01      0.00000000      0.00000000
 -0.00200000  0.98105301E+02  0.23914466E+01      0.00000000      0.00000000
 -0.00180000  0.10057293E+03  0.25223651E+01      0.00000000      0.00000000
 -0.00160000  0.10318681E+03  0.26650217E+01      0.00000000      0.00000000
 -0.00140000  0.10591293E+03  0.28196235E+01      0.00000000      0.00000000
 -0.00120000  0.10880318E+03  0.29889958E+01      0.00000000      0.00000000
 -0.00100000  0.11187587E+03  0.31759970E+01      0.00000000      0.00000000
 -0.00080000  0.11516199E+03  0.33830156E+01      0.00000000      0.00000000
 -0.00060000  0.11863988E+03  0.36115050E+01      0.00000000      0.00000000
 -0.00040000  0.12230280E+03  0.38623018E+01      0.00000000      0.00000000
 -0.00020000  0.12628512E+03  0.41461854E+01      0.00000000      0.00000000
  0.00000000  0.13060944E+03  0.44688535E+01      0.00000000      0.00000000
  0.00020000  0.13533562E+03  0.48408418E+01      0.00000000      0.00000000
  0.00040000  0.14031447E+03  0.52542815E+01      0.00000000      0.00000000
  0.00060000  0.14577347E+03  0.57296791E+01      0.00000000      0.00000000
  0.00080000  0.15180585E+03  0.62872787E+01      0.00000000      0.00000000
  0.00100000  0.15839325E+03  0.69339113E+01      0.00000000      0.00000000
  0.00120000  0.16556726E+03  0.76886272E+01      0.00000000      0.00000000
  0.00140000  0.17368097E+03  0.86024685E+01      0.00000000      0.00000000
  0.00160000  0.18269551E+03  0.97016678E+01      0.00000000      0.00000000
  0.00180000  0.19288733E+03  0.11050223E+02      0.00000000      0.00000000
  0.00200000  0.20469357E+03  0.12764353E+02      0.00000000      0.00000000
  0.00220000  0.21824460E+03  0.14936449E+02      0.00000000      0.00000000
  0.00240000  0.23438416E+03  0.17834440E+02      0.00000000      0.00000000
  0.00260000  0.25368567E+03  0.21769175E+02      0.00000000      0.00000000
  0.00280000  0.27747104E+03  0.27361393E+02      0.00000000      0.00000000
  0.00300000  0.30741547E+03  0.35681202E+02      0.00000000      0.00000000
  0.00320000  0.34679144E+03  0.48967964E+02      0.00000000      0.00000000
  0.00340000  0.40031763E+03  0.71931549E+02      0.00000000      0.00000000
  0.00360000  0.47993686E+03  0.11863223E+03      0.00000000      0.00000000
  0.00380000  0.59980762E+03  0.23130861E+03      0.00000000      0.00000000
  0.00400000  0.72050934E+03  0.56910632E+03      0.00000000      0.00000000
  0.00420000  0.17508727E+03  0.11237188E+04      0.00000000      0.00000000
  0.00440000 -0.36830939E+03  0.56758270E+03      0.00000000      0.00000000
  0.00460000 -0.24360941E+03  0.24026147E+03      0.00000000      0.00000000
  0.00480000 -0.11507042E+03  0.13246112E+03      0.00000000      0.00000000
  0.00500000 -0.20814028E+02  0.91416397E+02      0.00000000      0.00000000
  0.00520000  0.55480263E+02  0.76400986E+02      0.00000000      0.00000000
  0.00540000  0.12640160E+03  0.76206131E+02      0.00000000      0.00000000
  0.00560000  0.20223404E+03  0.90432724E+02      0.00000000      0.00000000
  0.00580000  0.29536444E+03  0.12867482E+03      0.00000000      0.00000000
  0.00600000  0.42540381E+03  0.23021219E+03      0.00000000      0.00000000
  0.00620000  0.56333038E+03  0.53337714E+03      0.00000000      0.00000000
  0.00640000  0.12441413E+03  0.11241270E+04      0.00000000      0.00000000
  0.00660000 -0.51609491E+03  0.62274542E+03      0.00000000      0.00000000
  0.00680000 -0.40291879E+03  0.25714932E+03      0.00000000      0.00000000
  0.00700000 -0.26857788E+03  0.13423679E+03      0.00000000      0.00000000
  0.00720000 -0.17643604E+03  0.87149986E+02      0.00000000      0.00000000
  0.00740000 -0.10695731E+03  0.65553665E+02      0.00000000      0.00000000
  0.00760000 -0.51625389E+02  0.56093178E+02      0.00000000      0.00000000
  0.00780000  0.84560013E+00  0.53311443E+02      0.00000000      0.00000000
  0.00800000  0.53196972E+02  0.56626011E+02      0.00000000      0.00000000
  0.00820000  0.11144312E+03  0.67243500E+02      0.00000000      0.00000000
  0.00840000  0.18251210E+03  0.90620880E+02      0.00000000      0.00000000
  0.00860000  0.27854587E+03  0.14264005E+03      0.00000000      0.00000000
  0.00880000  0.41463821E+03  0.27668359E+03      0.00000000      0.00000000
  0.00900000  0.50465549E+03  0.69264551E+03      0.00000000      0.00000000
  0.00920000 -0.22905418E+03  0.10964519E+04      0.00000000      0.00000000
  0.00940000 -0.56039661E+03  0.48047943E+03      0.00000000      0.00000000
  0.00960000 -0.41356995E+03  0.21122198E+03      0.00000000      0.00000000
  0.00980000 -0.29116516E+03  0.12177315E+03      0.00000000      0.00000000
  0.01000000 -0.20145441E+03  0.86190376E+02      0.00000000      0.00000000
  0.01020000 -0.12881567E+03  0.72633141E+02      0.00000000      0.00000000
  0.01040000 -0.62380775E+02  0.72046448E+02      0.00000000      0.00000000
  0.01060000  0.99504280E+01  0.84346405E+02      0.00000000      0.00000000
  0.01080000  0.97981606E+02  0.11841389E+03      0.00000000      0.00000000
  0.01100000  0.21811758E+03  0.20564209E+03      0.00000000      0.00000000
  0.01120000  0.36184949E+03  0.46190005E+03      0.00000000      0.00000000
  0.01140000  0.64645782E+02  0.10805645E+04      0.00000000      0.00000000
  0.01160000 -0.70818524E+03  0.71340259E+03      0.00000000      0.00000000
  0.01180000 -0.63497516E+03  0.27756189E+03      0.00000000      0.00000000
  0.01200000 -0.50549338E+03  0.13639801E+03      0.00000000      0.00000000
  0.01220000 -0.41790735E+03  0.80143631E+02      0.00000000      0.00000000
  0.01240000 -0.35915924E+03  0.53233414E+02      0.00000000      0.00000000
  0.01260000 -0.31674109E+03  0.38129784E+02      0.00000000      0.00000000
  0.01280000 -0.28509140E+03  0.28962406E+02      0.00000000      0.00000000
  0.01300000 -0.26057202E+03  0.22962605E+02      0.00000000      0.00000000
  0.01320000 -0.24031717E+03  0.18688990E+02      0.00000000      0.00000000
  0.01340000 -0.22338618E+03  0.15550163E+02      0.00000000      0.00000000
  0.01360000 -0.20922519E+03  0.13217894E+02      0.00000000      0.00000000
  0.01380000 -0.19719006E+03  0.11420945E+02      0.00000000      0.00000000
  0.01400000 -0.18677939E+03  0.10007218E+02      0.00000000      0.00000000
  0.01420000 -0.17735883E+03  0.88364296E+01      0.00000000      0.00000000
  0.01440000 -0.16900870E+03  0.78777046E+01      0.00000000      0.00000000
  0.01460000 -0.16167912E+03  0.70903521E+01      0.00000000      0.00000000
  0.01480000 -0.15496213E+03  0.64207826E+01      0.00000000      0.00000000
  0.01500000 -0.14884314E+03  0.58449459E+01      0.00000000      0.00000000
  0.01520000 -0.14324062E+03  0.53478169E+01      0.00000000      0.00000000
  0.01540000 -0.13805136E+03  0.49141402E+01      0.00000000      0.00000000
  0.01560000 -0.13337932E+03  0.45418124E+01      0.00000000      0.00000000
  0.01580000 -0.12903964E+03  0.42156634E+01      0.00000000      0.00000000
  0.01600000 -0.12498126E+03  0.39216638E+01      0.00000000      0.00000000
  0.01619999 -0.12118583E+03  0.36591110E+01      0.00000000      0.00000000
  0.01640000 -0.11766806E+03  0.34255466E+01      0.00000000      0.00000000
  0.01660000 -0.11434462E+03  0.32124243E+01      0.00000000      0.00000000
  0.01680000 -0.11122980E+03  0.30226583E+01      0.00000000      0.00000000
  0.01700000 -0.10828308E+03  0.28495536E+01      0.00000000      0.00000000
  0.01720000 -0.10554530E+03  0.26919401E+01      0.00000000      0.00000000
  0.01740000 -0.10293795E+03  0.25486870E+01      0.00000000      0.00000000
  0.01760000 -0.10045090E+03  0.24162197E+01      0.00000000      0.00000000
  0.01780000 -0.98122688E+02  0.22958970E+01      0.00000000      0.00000000
  0.01800000 -0.95892479E+02  0.21839430E+01      0.00000000      0.00000000
  0.01820000 -0.93748062E+02  0.20789559E+01      0.00000000      0.00000000
  0.01840000 -0.91719162E+02  0.19830890E+01      0.00000000      0.00000000
  0.01860000 -0.89763596E+02  0.18931700E+01      0.00000000      0.00000000
  0.01880000 -0.87959610E+02  0.18120663E+01      0.00000000      0.00000000
  0.01900000 -0.86197952E+02  0.17347963E+01      0.00000000      0.00000000
  0.01920000 -0.84492508E+02  0.16616750E+01      0.00000000      0.00000000
  0.01940000 -0.82867653E+02  0.15941615E+01      0.00000000      0.00000000
  0.01960000 -0.81312653E+02  0.15310190E+01      0.00000000      0.00000000
  0.01980000 -0.79796005E+02  0.14705596E+01      0.00000000      0.00000000
  0.02000000 -0.78347183E+02  0.14144406E+01      0.00000000      0.00000000
  0.02020000 -0.76968941E+02  0.13615123E+01      0.00000000      0.00000000
  0.02040000 -0.75631454E+02  0.13121326E+01      0.00000000      0.00000000
  0.02060000 -0.74343605E+02  0.12645187E+01      0.00000000      0.00000000
  0.02080000 -0.73099716E+02  0.12204531E+01      0.00000000      0.00000000
  0.02100000 -0.71902725E+02  0.11784847E+01      0.00000000      0.00000000
  0.02120000 -0.70746155E+02  0.11386590E+01      0.00000000      0.00000000
  0.02140000 -0.69633224E+02  0.11011848E+01      0.00000000      0.00000000
  0.02160000 -0.68549683E+02  0.10654211E+01      0.00000000      0.00000000
  0.02180000 -0.67499260E+02  0.10309701E+01      0.00000000      0.00000000
  0.02200000 -0.66471313E+02  0.99824166E+00      0.00000000      0.00000000
  0.02220000 -0.65488113E+02  0.96714056E+00      0.00000000      0.00000000
  0.02240000 -0.64539047E+02  0.93802500E+00      0.00000000      0.00000000
  0.02260000 -0.63615749E+02  0.91016221E+00      0.00000000      0.00000000
  0.02280000 -0.62723110E+02  0.88375711E+00      0.00000000      0.00000000
  0.02300000 -0.61854034E+02  0.85817307E+00      0.00000000      0.00000000
  0.02320000 -0.61012413E+02  0.83366644E+00      0.00000000      0.00000000
  0.02340000 -0.60186302E+02  0.81011242E+00      0.00000000      0.00000000
  0.02360000 -0.59388382E+02  0.78773522E+00      0.00000000      0.00000000
  0.02380000 -0.58611317E+02  0.76621956E+00      0.00000000      0.00000000
  0.02400000 -0.57839951E+02  0.74531245E+00      0.00000000      0.00000000
  0.02420000 -0.57109356E+02  0.72541308E+00      0.00000000      0.00000000
  0.02440000 -0.56394554E+02  0.70686370E+00      0.00000000      0.00000000
  0.02460000 -0.55703590E+02  0.68891382E+00      0.00000000      0.00000000
  0.02480000 -0.55026154E+02  0.67125547E+00      0.00000000      0.00000000
  0.02500000 -0.54363392E+02  0.65457571E+00      0.00000000      0.00000000
  0.02520000 -0.53710831E+02  0.63817906E+00      0.00000000      0.00000000
  0.02540000 -0.53081635E+02  0.62268794E+00      0.00000000      0.00000000
  0.02560000 -0.52468117E+02  0.60775495E+00      0.00000000      0.00000000
  0.02580000 -0.51869286E+02  0.59350008E+00      0.00000000      0.00000000
  0.02600000 -0.51277718E+02  0.57942349E+00      0.00000000      0.00000000
  0.02620000 -0.50706375E+02  0.56592870E+00      0.00000000      0.00000000
  0.02640000 -0.50152515E+02  0.55320209E+00      0.00000000      0.00000000
  0.02660000 -0.49609344E+02  0.54052836E+00      0.00000000      0.00000000
  0.02680000 -0.49080971E+02  0.52880323E+00      0.00000000      0.00000000
  0.02700000 -0.48555660E+02  0.51715207E+00      0.00000000      0.00000000
  0.02720000 -0.48042336E+02  0.50574142E+00      0.00000000      0.00000000
  0.02740000 -0.47541348E+02  0.49495989E+00      0.00000000      0.00000000
  0.02760000 -0.47051956E+02  0.48441160E+00      0.00000000      0.00000000
  0.02780000 -0.46575035E+02  0.47418755E+00      0.00000000      0.00000000
  0.02800000 -0.46103924E+02  0.46424252E+00      0.00000000      0.00000000
  0.02820000 -0.45643406E+02  0.45447394E+00      0.00000000      0.00000000
  0.02840000 -0.45189957E+02  0.44510430E+00      0.00000000      0.00000000
  0.02860000 -0.44755142E+02  0.43625414E+00      0.00000000      0.00000000
  0.02880000 -0.44327522E+02  0.42761663E+00      0.00000000      0.00000000
  0.02900000 -0.43902565E+02  0.41921809E+00      0.00000000      0.00000000
  0.02920000 -0.43483723E+02  0.41088992E+00      0.00000000      0.00000000
  0.02940000 -0.43080471E+02  0.40305811E+00      0.00000000      0.00000000
  0.02959999 -0.42679901E+02  0.39526159E+00      0.00000000      0.00000000
  0.02980000 -0.42287151E+02  0.38779420E+00      0.00000000      0.00000000
  0.03000000 -0.41900356E+02  0.38036877E+00      0.00000000      0.00000000
  0.03020000 -0.41522141E+02  0.37330067E+00      0.00000000      0.00000000
  0.03040000 -0.41155266E+02  0.36626428E+00      0.00000000      0.00000000
  0.03060000 -0.40797333E+02  0.35972267E+00      0.00000000      0.00000000
  0.03080000 -0.40435413E+02  0.35319540E+00      0.00000000      0.00000000
  0.03100000 -0.40088692E+02  0.34682065E+00      0.00000000      0.00000000
  0.03120000 -0.39744362E+02  0.34075552E+00      0.00000000      0.00000000
  0.03140000 -0.39404148E+02  0.33468872E+00      0.00000000      0.00000000
  0.03160000 -0.39073147E+02  0.32891539E+00      0.00000000      0.00000000
  0.03179999 -0.38745510E+02  0.32317680E+00      0.00000000      0.00000000
  0.03200001 -0.38424335E+02  0.31756821E+00      0.00000000      0.00000000
  0.03220000 -0.38109718E+02  0.31218180E+00      0.00000000      0.00000000
  0.03240000 -0.37799648E+02  0.30693710E+00      0.00000000      0.00000000
  0.03260000 -0.37496117E+02  0.30182976E+00      0.00000000      0.00000000
  0.03280000 -0.37194382E+02  0.29675466E+00      0.00000000      0.00000000
  0.03300000 -0.36900078E+02  0.29186237E+00      0.00000000      0.00000000
  0.03320000 -0.36609261E+02  0.28717691E+00      0.00000000      0.00000000
  0.03340000 -0.36323708E+02  0.28250241E+00      0.00000000      0.00000000
  0.03360000 -0.36045567E+02  0.27799457E+00      0.00000000      0.00000000
  0.03380000 -0.35769760E+02  0.27363512E+00      0.00000000      0.00000000
  0.03399999 -0.35500542E+02  0.26937997E+00      0.00000000      0.00000000
  0.03420001 -0.35231529E+02  0.26514602E+00      0.00000000      0.00000000
  0.03440000 -0.34970299E+02  0.26096711E+00      0.00000000      0.00000000
  0.03460000 -0.34714008E+02  0.25702161E+00      0.00000000      0.00000000
  0.03479999 -0.34454067E+02  0.25303894E+00      0.00000000      0.00000000
  0.03500000 -0.34206551E+02  0.24927999E+00      0.00000000      0.00000000
  0.03520000 -0.33957348E+02  0.24545640E+00      0.00000000      0.00000000
  0.03540000 -0.33714794E+02  0.24183521E+00      0.00000000      0.00000000
  0.03560000 -0.33476162E+02  0.23823813E+00      0.00000000      0.00000000
  0.03580000 -0.33237743E+02  0.23479497E+00      0.00000000      0.00000000
  0.03600000 -0.33001778E+02  0.23133540E+00      0.00000000      0.00000000
  0.03619999 -0.32773579E+02  0.22806272E+00      0.00000000      0.00000000
  0.03640000 -0.32545498E+02  0.22475895E+00      0.00000000      0.00000000
  0.03660000 -0.32324924E+02  0.22157171E+00      0.00000000      0.00000000
  0.03680000 -0.32104610E+02  0.21848790E+00      0.00000000      0.00000000
  0.03700000 -0.31888069E+02  0.21539691E+00      0.00000000      0.00000000
  0.03720000 -0.31673866E+02  0.21240920E+00      0.00000000      0.00000000
  0.03740000 -0.31464134E+02  0.20943716E+00      0.00000000      0.00000000
  0.03760000 -0.31255873E+02  0.20652822E+00      0.00000000      0.00000000
  0.03780000 -0.31050991E+02  0.20373042E+00      0.00000000      0.00000000
  0.03800000 -0.30850084E+02  0.20101871E+00      0.00000000      0.00000000
  0.03820000 -0.30648462E+02  0.19832118E+00      0.00000000      0.00000000
  0.03839999 -0.30453566E+02  0.19560429E+00      0.00000000      0.00000000
  0.03860000 -0.30256130E+02  0.19296111E+00      0.00000000      0.00000000
  0.03880000 -0.30065748E+02  0.19044460E+00      0.00000000      0.00000000
  0.03900000 -0.29878740E+02  0.18800372E+00      0.00000000      0.00000000
  0.03920000 -0.29691021E+02  0.18556395E+00      0.00000000      0.00000000
  0.03940000 -0.29508224E+02  0.18316837E+00      0.00000000      0.00000000
  0.03960000 -0.29325743E+02  0.18081877E+00      0.00000000      0.00000000
  0.03980000 -0.29145294E+02  0.17845517E+00      0.00000000      0.00000000
  0.04000000 -0.28967964E+02  0.17620331E+00      0.00000000      0.00000000
  0.04020000 -0.28795143E+02  0.17401329E+00      0.00000000      0.00000000
  0.04040000 -0.28618189E+02  0.17178997E+00      0.00000000      0.00000000
  0.04060000 -0.28448648E+02  0.16960762E+00      0.00000000      0.00000000
  0.04080000 -0.28280939E+02  0.16764805E+00      0.00000000      0.00000000
  0.04100000 -0.28115463E+02  0.16552551E+00      0.00000000      0.00000000
  0.04120000 -0.27953291E+02  0.16351759E+00      0.00000000      0.00000000
  0.04140000 -0.27788628E+02  0.16149132E+00      0.00000000      0.00000000
  0.04160000 -0.27628914E+02  0.15958846E+00      0.00000000      0.00000000
  0.04180000 -0.27469906E+02  0.15770498E+00      0.00000000      0.00000000
  0.04200000 -0.27316322E+02  0.15584067E+00      0.00000000      0.00000000
  0.04220000 -0.27162949E+02  0.15402006E+00      0.00000000      0.00000000
  0.04240000 -0.27008829E+02  0.15216072E+00      0.00000000      0.00000000
  0.04260000 -0.26855583E+02  0.15042217E+00      0.00000000      0.00000000
  0.04280000 -0.26704731E+02  0.14864008E+00      0.00000000      0.00000000
  0.04300000 -0.26557259E+02  0.14688779E+00      0.00000000      0.00000000
  0.04320000 -0.26410778E+02  0.14519082E+00      0.00000000      0.00000000
  0.04340000 -0.26266739E+02  0.14354670E+00      0.00000000      0.00000000
  0.04360000 -0.26123055E+02  0.14191368E+00      0.00000000      0.00000000
  0.04380000 -0.25982592E+02  0.14032876E+00      0.00000000      0.00000000
  0.04400000 -0.25843204E+02  0.13877982E+00      0.00000000      0.00000000
  0.04420000 -0.25705353E+02  0.13715540E+00      0.00000000      0.00000000
  0.04440000 -0.25569252E+02  0.13568684E+00      0.00000000      0.00000000
  0.04460000 -0.25434080E+02  0.13416795E+00      0.00000000      0.00000000
  0.04480000 -0.25300529E+02  0.13268821E+00      0.00000000      0.00000000
  0.04500000 -0.25167641E+02  0.13127083E+00      0.00000000      0.00000000
  0.04520000 -0.25034527E+02  0.12980908E+00      0.00000000      0.00000000
  0.04539999 -0.24906445E+02  0.12844798E+00      0.00000000      0.00000000
  0.04560000 -0.24779781E+02  0.12705310E+00      0.00000000      0.00000000
  0.04580000 -0.24652914E+02  0.12568170E+00      0.00000000      0.00000000
  0.04600000 -0.24527927E+02  0.12432149E+00      0.00000000      0.00000000
  0.04620000 -0.24404255E+02  0.12303700E+00      0.00000000      0.00000000
  0.04640000 -0.24281834E+02  0.12173761E+00      0.00000000      0.00000000
  0.04660000 -0.24161629E+02  0.12043738E+00      0.00000000      0.00000000
  0.04680000 -0.24041655E+02  0.11917742E+00      0.00000000      0.00000000
  0.04700000 -0.23922890E+02  0.11796152E+00      0.00000000      0.00000000
  0.04720000 -0.23804182E+02  0.11671908E+00      0.00000000      0.00000000
  0.04740000 -0.23688395E+02  0.11558749E+00      0.00000000      0.00000000
  0.04759999 -0.23572842E+02  0.11442780E+00      0.00000000      0.00000000
  0.04780000 -0.23459520E+02  0.11324698E+00      0.00000000      0.00000000
  0.04800000 -0.23347198E+02  0.11209197E+00      0.00000000      0.00000000
  0.04820000 -0.23236095E+02  0.11095528E+00      0.00000000      0.00000000
  0.04840000 -0.23125599E+02  0.10981688E+00      0.00000000      0.00000000
  0.04860000 -0.23013996E+02  0.10873967E+00      0.00000000      0.00000000
  0.04880000 -0.22906858E+02  0.10765605E+00      0.00000000      0.00000000
  0.04899999 -0.22799541E+02  0.10661493E+00      0.00000000      0.00000000
  0.04920000 -0.22692240E+02  0.10555018E+00      0.00000000      0.00000000
  0.04940000 -0.22587973E+02  0.10453141E+00      0.00000000      0.00000000
  0.04960000 -0.22484163E+02  0.10352979E+00      0.00000000      0.00000000
  0.04979999 -0.22380701E+02  0.10250952E+00      0.00000000      0.00000000
  0.05000000 -0.22278465E+02  0.10150518E+00      0.00000000      0.00000000
  0.05020000 -0.22178797E+02  0.10055920E+00      0.00000000      0.00000000
  0.05040000 -0.22078827E+02  0.99577628E-01      0.00000000      0.00000000
  0.05060000 -0.21979992E+02  0.98683298E-01      0.00000000      0.00000000
  0.05080000 -0.21881329E+02  0.97753204E-01      0.00000000      0.00000000
  0.05100000 -0.21784203E+02  0.96834645E-01      0.00000000      0.00000000
  0.05119999 -0.21687828E+02  0.95915973E-01      0.00000000      0.00000000
  0.05140000 -0.21592405E+02  0.95011830E-01      0.00000000      0.00000000
  0.05160000 -0.21497591E+02  0.94138183E-01      0.00000000      0.00000000
  0.05180000 -0.21403618E+02  0.93294650E-01      0.00000000      0.00000000
  0.05199999 -0.21311420E+02  0.92439324E-01      0.00000000      0.00000000
  0.05220000 -0.21218222E+02  0.91599427E-01      0.00000000      0.00000000
  0.05240000 -0.21126801E+02  0.90778567E-01      0.00000000      0.00000000
  0.05260000 -0.21036812E+02  0.89919046E-01      0.00000000      0.00000000
  0.05280000 -0.20946617E+02  0.89103349E-01      0.00000000      0.00000000
  0.05300000 -0.20858492E+02  0.88309214E-01      0.00000000      0.00000000
  0.05320000 -0.20771563E+02  0.87517798E-01      0.00000000      0.00000000
  0.05339999 -0.20685230E+02  0.86755320E-01      0.00000000      0.00000000
  0.05360000 -0.20599808E+02  0.86005002E-01      0.00000000      0.00000000
  0.05380000 -0.20513487E+02  0.85263267E-01      0.00000000      0.00000000
  0.05400000 -0.20427994E+02  0.84503964E-01      0.00000000      0.00000000
  0.05420000 -0.20343367E+02  0.83744548E-01      0.00000000      0.00000000
  0.05440000 -0.20259903E+02  0.83008841E-01      0.00000000      0.00000000
  0.05460000 -0.20177212E+02  0.82306862E-01      0.00000000      0.00000000
  0.05480000 -0.20095776E+02  0.81581712E-01      0.00000000      0.00000000
  0.05500000 -0.20013660E+02  0.80895230E-01      0.00000000      0.00000000
  0.05520000 -0.19933304E+02  0.80244020E-01      0.00000000      0.00000000
  0.05540000 -0.19854204E+02  0.79561435E-01      0.00000000      0.00000000
  0.05560000 -0.19774601E+02  0.78867748E-01      0.00000000      0.00000000
  0.05580000 -0.19696377E+02  0.78182869E-01      0.00000000      0.00000000
  0.05600000 -0.19618681E+02  0.77541649E-01      0.00000000      0.00000000
  0.05620000 -0.19541578E+02  0.76908015E-01      0.00000000      0.00000000
  0.05640000 -0.19463989E+02  0.76245189E-01      0.00000000      0.00000000
  0.05660000 -0.19388641E+02  0.75627774E-01      0.00000000      0.00000000
  0.05680000 -0.19313381E+02  0.74993074E-01      0.00000000      0.00000000
  0.05700000 -0.19237909E+02  0.74370250E-01      0.00000000      0.00000000
  0.05720000 -0.19163683E+02  0.73761813E-01      0.00000000      0.00000000
  0.05740000 -0.19090925E+02  0.73154576E-01      0.00000000      0.00000000
  0.05760000 -0.19018091E+02  0.72557092E-01      0.00000000      0.00000000
  0.05780000 -0.18946148E+02  0.71990915E-01      0.00000000      0.00000000
  0.05800000 -0.18873766E+02  0.71415663E-01      0.00000000      0.00000000
  0.05819999 -0.18802904E+02  0.70815787E-01      0.00000000      0.00000000
  0.05840000 -0.18732105E+02  0.70256218E-01      0.00000000      0.00000000
  0.05860000 -0.18662933E+02  0.69724374E-01      0.00000000      0.00000000
  0.05880000 -0.18593304E+02  0.69171324E-01      0.00000000      0.00000000
  0.05900000 -0.18524273E+02  0.68605207E-01      0.00000000      0.00000000
  0.05920000 -0.18455818E+02  0.68056643E-01      0.00000000      0.00000000
  0.05940000 -0.18388597E+02  0.67534052E-01      0.00000000      0.00000000
  0.05960000 -0.18320215E+02  0.66983595E-01      0.00000000      0.00000000
  0.05980000 -0.18254042E+02  0.66517733E-01      0.00000000      0.00000000
  0.06000000 -0.18188305E+02  0.65998107E-01      0.00000000      0.00000000
  0.06020000 -0.18121948E+02  0.65487221E-01      0.00000000      0.00000000
  0.06039999 -0.18055862E+02  0.64955838E-01      0.00000000      0.00000000
  0.06060000 -0.17990908E+02  0.64445339E-01      0.00000000      0.00000000
  0.06080000 -0.17927336E+02  0.63983500E-01      0.00000000      0.00000000
  0.06100000 -0.17864046E+02  0.63518383E-01      0.00000000      0.00000000
  0.06119999 -0.17800480E+02  0.62994622E-01      0.00000000      0.00000000
  0.06140000 -0.17737930E+02  0.62537551E-01      0.00000000      0.00000000
  0.06160000 -0.17675121E+02  0.62065259E-01      0.00000000      0.00000000
  0.06180000 -0.17613585E+02  0.61584625E-01      0.00000000      0.00000000
  0.06200000 -0.17551788E+02  0.61126601E-01      0.00000000      0.00000000
  0.06220000 -0.17491930E+02  0.60688466E-01      0.00000000      0.00000000
  0.06240000 -0.17431351E+02  0.60226507E-01      0.00000000      0.00000000
  0.06259999 -0.17371740E+02  0.59786990E-01      0.00000000      0.00000000
  0.06280001 -0.17312527E+02  0.59364311E-01      0.00000000      0.00000000
  0.06300000 -0.17253296E+02  0.58941532E-01      0.00000000      0.00000000
  0.06320000 -0.17194527E+02  0.58492638E-01      0.00000000      0.00000000
  0.06339999 -0.17135733E+02  0.58076169E-01      0.00000000      0.00000000
  0.06360000 -0.17077864E+02  0.57657443E-01      0.00000000      0.00000000
  0.06380000 -0.17021597E+02  0.57252537E-01      0.00000000      0.00000000
  0.06400000 -0.16964634E+02  0.56837033E-01      0.00000000      0.00000000
  0.06420000 -0.16908636E+02  0.56431245E-01      0.00000000      0.00000000
  0.06440000 -0.16851955E+02  0.56016985E-01      0.00000000      0.00000000
  0.06460000 -0.16796543E+02  0.55624276E-01      0.00000000      0.00000000
  0.06479999 -0.16740887E+02  0.55221543E-01      0.00000000      0.00000000
  0.06500000 -0.16686272E+02  0.54853436E-01      0.00000000      0.00000000
  0.06520000 -0.16631107E+02  0.54437242E-01      0.00000000      0.00000000
  0.06540000 -0.16576725E+02  0.54059744E-01      0.00000000      0.00000000
  0.06559999 -0.16522408E+02  0.53679164E-01      0.00000000      0.00000000
  0.06580000 -0.16468767E+02  0.53297043E-01      0.00000000      0.00000000
  0.06600000 -0.16414848E+02  0.52941401E-01      0.00000000      0.00000000
  0.06620000 -0.16362295E+02  0.52583106E-01      0.00000000      0.00000000
  0.06640000 -0.16309862E+02  0.52226026E-01      0.00000000      0.00000000
  0.06660000 -0.16258747E+02  0.51878825E-01      0.00000000      0.00000000
  0.06680001 -0.16207081E+02  0.51477417E-01      0.00000000      0.00000000
  0.06699999 -0.16154819E+02  0.51144291E-01      0.00000000      0.00000000
  0.06720000 -0.16103525E+02  0.50809234E-01      0.00000000      0.00000000
  0.06739999 -0.16053337E+02  0.50451096E-01      0.00000000      0.00000000
  0.06760000 -0.16003563E+02  0.50104551E-01      0.00000000      0.00000000
  0.06780000 -0.15953579E+02  0.49776461E-01      0.00000000      0.00000000
  0.06800000 -0.15904118E+02  0.49445245E-01      0.00000000      0.00000000
  0.06820000 -0.15854798E+02  0.49112979E-01      0.00000000      0.00000000
  0.06840000 -0.15806019E+02  0.48799790E-01      0.00000000      0.00000000
  0.06859999 -0.15757646E+02  0.48454873E-01      0.00000000      0.00000000
  0.06880000 -0.15709137E+02  0.48165780E-01      0.00000000      0.00000000
  0.06900001 -0.15661184E+02  0.47830775E-01      0.00000000      0.00000000
  0.06919999 -0.15613344E+02  0.47531161E-01      0.00000000      0.00000000
  0.06940000 -0.15565770E+02  0.47215071E-01      0.00000000      0.00000000
  0.06960000 -0.15518414E+02  0.46891250E-01      0.00000000      0.00000000
  0.06980000 -0.15472013E+02  0.46590503E-01      0.00000000      0.00000000
  0.07000000 -0.15424988E+02  0.46275459E-01      0.00000000      0.00000000
  0.07020000 -0.15378455E+02  0.45980938E-01      0.00000000      0.00000000
  0.07040000 -0.15332594E+02  0.45673691E-01      0.00000000      0.00000000
  0.07060000 -0.15287293E+02  0.45386437E-01      0.00000000      0.00000000
  0.07079999 -0.15242335E+02  0.45094617E-01      0.00000000      0.00000000
  0.07099999 -0.15197015E+02  0.44799328E-01      0.00000000      0.00000000
  0.07120001 -0.15152409E+02  0.44521905E-01      0.00000000      0.00000000
  0.07139999 -0.15108509E+02  0.44232816E-01      0.00000000      0.00000000
  0.07160000 -0.15064598E+02  0.43965980E-01      0.00000000      0.00000000
  0.07180000 -0.15020945E+02  0.43700833E-01      0.00000000      0.00000000
  0.07200000 -0.14976650E+02  0.43416757E-01      0.00000000      0.00000000
  0.07220000 -0.14933678E+02  0.43123830E-01      0.00000000      0.00000000
  0.07239999 -0.14890903E+02  0.42862725E-01      0.00000000      0.00000000
  0.07260000 -0.14848224E+02  0.42597219E-01      0.00000000      0.00000000
  0.07280000 -0.14805547E+02  0.42327162E-01      0.00000000      0.00000000
  0.07299999 -0.14763086E+02  0.42060874E-01      0.00000000      0.00000000
  0.07319999 -0.14721035E+02  0.41808292E-01      0.00000000      0.00000000
  0.07340001 -0.14679258E+02  0.41561529E-01      0.00000000      0.00000000
  0.07359999 -0.14638310E+02  0.41300192E-01      0.00000000      0.00000000
  0.07380000 -0.14596905E+02  0.41031107E-01      0.00000000      0.00000000
  0.07400000 -0.14555785E+02  0.40790193E-01      0.00000000      0.00000000
  0.07420000 -0.14515635E+02  0.40553741E-01      0.00000000      0.00000000
  0.07440000 -0.14475313E+02  0.40303875E-01      0.00000000      0.00000000
  0.07460000 -0.14435292E+02  0.40052950E-01      0.00000000      0.00000000
  0.07480000 -0.14395039E+02  0.39824776E-01      0.00000000      0.00000000
  0.07500000 -0.14355474E+02  0.39569184E-01      0.00000000      0.00000000
  0.07519999 -0.14315466E+02  0.39351307E-01      0.00000000      0.00000000
  0.07539999 -0.14276373E+02  0.39104946E-01      0.00000000      0.00000000
  0.07560000 -0.14237292E+02  0.38876608E-01      0.00000000      0.00000000
  0.07579999 -0.14198900E+02  0.38661532E-01      0.00000000      0.00000000
  0.07600000 -0.14160690E+02  0.38413826E-01      0.00000000      0.00000000
  0.07620000 -0.14121847E+02  0.38186606E-01      0.00000000      0.00000000
  0.07640000 -0.14083529E+02  0.37944831E-01      0.00000000      0.00000000
  0.07660000 -0.14046193E+02  0.37747759E-01      0.00000000      0.00000000
  0.07680000 -0.14008553E+02  0.37503056E-01      0.00000000      0.00000000
  0.07699999 -0.13971355E+02  0.37305698E-01      0.00000000      0.00000000
  0.07720000 -0.13934083E+02  0.37087243E-01      0.00000000      0.00000000
  0.07739999 -0.13896909E+02  0.36868762E-01      0.00000000      0.00000000
  0.07759999 -0.13860233E+02  0.36649730E-01      0.00000000      0.00000000
  0.07780000 -0.13823398E+02  0.36447611E-01      0.00000000      0.00000000
  0.07799999 -0.13787474E+02  0.36230803E-01      0.00000000      0.00000000
  0.07820000 -0.13750772E+02  0.36028765E-01      0.00000000      0.00000000
  0.07840000 -0.13714561E+02  0.35813771E-01      0.00000000      0.00000000
  0.07860000 -0.13678717E+02  0.35613481E-01      0.00000000      0.00000000
  0.07880000 -0.13643818E+02  0.35419948E-01      0.00000000      0.00000000
  0.07900000 -0.13608250E+02  0.35217732E-01      0.00000000      0.00000000
  0.07919999 -0.13573548E+02  0.34997784E-01      0.00000000      0.00000000
  0.07940000 -0.13538761E+02  0.34808200E-01      0.00000000      0.00000000
  0.07960001 -0.13503640E+02  0.34628626E-01      0.00000000      0.00000000
  0.07979999 -0.13469710E+02  0.34420829E-01      0.00000000      0.00000000
