 -0.04000000  0.14860775E+02  0.62518440E-01      0.00000000      0.00000000
 -0.03980000  0.14923001E+02  0.62995479E-01      0.00000000      0.00000000
 -0.03960000  0.14986160E+02  0.63517414E-01      0.00000000      0.00000000
 -0.03940000  0.15049244E+02  0.64035669E-01      0.00000000      0.00000000
 -0.03920000  0.15113860E+02  0.64568870E-01      0.00000000      0.00000000
 -0.03900000  0.15179251E+02  0.65095037E-01      0.00000000      0.00000000
 -0.03880000  0.15245298E+02  0.65621734E-01      0.00000000      0.00000000
 -0.03860000  0.15311481E+02  0.66179350E-01      0.00000000      0.00000000
 -0.03840000  0.15377113E+02  0.66736042E-01      0.00000000      0.00000000
 -0.03820000  0.15443540E+02  0.67282535E-01      0.00000000      0.00000000
 -0.03800000  0.15510960E+02  0.67835703E-01      0.00000000      0.00000000
 -0.03780000  0.15579842E+02  0.68407148E-01      0.00000000      0.00000000
 -0.03760000  0.15648152E+02  0.68986863E-01      0.00000000      0.00000000
 -0.03740000  0.15717617E+02  0.69597133E-01      0.00000000      0.00000000
 -0.03720000  0.15788336E+02  0.70208646E-01      0.00000000      0.00000000
 -0.03700000  0.15859276E+02  0.70808031E-01      0.00000000      0.00000000
 -0.03680000  0.15930372E+02  0.71407355E-01      0.00000000      0.00000000
 -0.03660000  0.16002710E+02  0.72039746E-01      0.00000000      0.00000000
 -0.03640000  0.16075167E+02  0.72676539E-01      0.00000000      0.00000000
 -0.03620000  0.16148052E+02  0.73302753E-01      0.00000000      0.00000000
 -0.03600000  0.16221434E+02  0.73934563E-01      0.00000000      0.00000000
 -0.03580000  0.16295015E+02  0.74592508E-01      0.00000000      0.00000000
 -0.03560000  0.16369734E+02  0.75222857E-01      0.00000000      0.00000000
 -0.03540000  0.16445560E+02  0.75886287E-01      0.00000000      0.00000000
 -0.03520000  0.16520964E+02  0.76544784E-01      0.00000000      0.00000000
 -0.03500000  0.16598051E+02  0.77269815E-01      0.00000000      0.00000000
 -0.03480000  0.16675753E+02  0.77965409E-01      0.00000000      0.00000000
 -0.03460000  0.16754391E+02  0.78670852E-01      0.00000000      0.00000000
 -0.03440000  0.16833487E+02  0.79374418E-01      0.00000000      0.00000000
 -0.03420000  0.16912243E+02  0.80079056E-01      0.00000000      0.00000000
 -0.03400000  0.16992418E+02  0.80814324E-01      0.00000000      0.00000000
 -0.03380000  0.17073978E+02  0.81570283E-01      0.00000000      0.00000000
 -0.03360000  0.17154882E+02  0.82319111E-01      0.00000000      0.00000000
 -0.03340000  0.17237297E+02  0.83088197E-01      0.00000000      0.00000000
 -0.03320000  0.17320927E+02  0.83871894E-01      0.00000000      0.00000000
 -0.03300000  0.17405275E+02  0.84667794E-01      0.00000000      0.00000000
 -0.03280000  0.17489706E+02  0.85466854E-01      0.00000000      0.00000000
 -0.03260000  0.17576393E+02  0.86237334E-01      0.00000000      0.00000000
 -0.03240000  0.17662464E+02  0.87064072E-01      0.00000000      0.00000000
 -0.03220000  0.17751047E+02  0.87907128E-01      0.00000000      0.00000000
 -0.03200000  0.17839973E+02  0.88750310E-01      0.00000000      0.00000000
 -0.03180000  0.17928768E+02  0.89594238E-01      0.00000000      0.00000000
 -0.03160000  0.18019409E+02  0.90486526E-01      0.00000000      0.00000000
 -0.03140000  0.18109829E+02  0.91372624E-01      0.00000000      0.00000000
 -0.03120000  0.18201578E+02  0.92278183E-01      0.00000000      0.00000000
 -0.03100000  0.18293785E+02  0.93158379E-01      0.00000000      0.00000000
 -0.03080000  0.18386108E+02  0.94078898E-01      0.00000000      0.00000000
 -0.03060000  0.18481289E+02  0.95011011E-01      0.00000000      0.00000000
 -0.03040000  0.18576443E+02  0.95974639E-01      0.00000000      0.00000000
 -0.03020000  0.18674061E+02  0.96929461E-01      0.00000000      0.00000000
 -0.03000000  0.18771538E+02  0.97940207E-01      0.00000000      0.00000000
 -0.02980000  0.18869621E+02  0.98932743E-01      0.00000000      0.00000000
 -0.02960000  0.18969011E+02  0.99909455E-01      0.00000000      0.00000000
 -0.02940000  0.19070463E+02  0.10093828E+00      0.00000000      0.00000000
 -0.02920000  0.19173632E+02  0.10199499E+00      0.00000000      0.00000000
 -0.02900000  0.19277151E+02  0.10305683E+00      0.00000000      0.00000000
 -0.02880000  0.19380985E+02  0.10413744E+00      0.00000000      0.00000000
 -0.02860000  0.19484650E+02  0.10519154E+00      0.00000000      0.00000000
 -0.02840000  0.19589573E+02  0.10632353E+00      0.00000000      0.00000000
 -0.02820000  0.19695595E+02  0.10744503E+00      0.00000000      0.00000000
 -0.02800000  0.19804331E+02  0.10860248E+00      0.00000000      0.00000000
 -0.02780000  0.19911957E+02  0.10972261E+00      0.00000000      0.00000000
 -0.02760000  0.20021656E+02  0.11091627E+00      0.00000000      0.00000000
 -0.02740000  0.20133722E+02  0.11209415E+00      0.00000000      0.00000000
 -0.02720000  0.20247246E+02  0.11335112E+00      0.00000000      0.00000000
 -0.02700000  0.20360001E+02  0.11456107E+00      0.00000000      0.00000000
 -0.02680000  0.20475559E+02  0.11583835E+00      0.00000000      0.00000000
 -0.02660000  0.20592186E+02  0.11712730E+00      0.00000000      0.00000000
 -0.02640000  0.20710648E+02  0.11841874E+00      0.00000000      0.00000000
 -0.02620000  0.20830360E+02  0.11973360E+00      0.00000000      0.00000000
 -0.02600000  0.20950466E+02  0.12110436E+00      0.00000000      0.00000000
 -0.02580000  0.21072716E+02  0.12247613E+00      0.00000000      0.00000000
 -0.02560000  0.21195797E+02  0.12383676E+00      0.00000000      0.00000000
 -0.02540000  0.21318863E+02  0.12524268E+00      0.00000000      0.00000000
 -0.02520000  0.21445225E+02  0.12669143E+00      0.00000000      0.00000000
 -0.02500000  0.21572227E+02  0.12814975E+00      0.00000000      0.00000000
 -0.02480000  0.21700047E+02  0.12963450E+00      0.00000000      0.00000000
 -0.02460000  0.21832834E+02  0.13119781E+00      0.00000000      0.00000000
 -0.02440000  0.21966436E+02  0.13274446E+00      0.00000000      0.00000000
 -0.02420000  0.22101044E+02  0.13431206E+00      0.00000000      0.00000000
 -0.02400000  0.22234064E+02  0.13592300E+00      0.00000000      0.00000000
 -0.02380000  0.22371195E+02  0.13755766E+00      0.00000000      0.00000000
 -0.02360000  0.22510719E+02  0.13919809E+00      0.00000000      0.00000000
 -0.02340000  0.22652691E+02  0.14089400E+00      0.00000000      0.00000000
 -0.02320000  0.22793964E+02  0.14260522E+00      0.00000000      0.00000000
 -0.02300000  0.22937090E+02  0.14435983E+00      0.00000000      0.00000000
 -0.02280000  0.23081680E+02  0.14613748E+00      0.00000000      0.00000000
 -0.02260000  0.23228884E+02  0.14795414E+00      0.00000000      0.00000000
 -0.02240000  0.23377296E+02  0.14979428E+00      0.00000000      0.00000000
 -0.02220000  0.23525181E+02  0.15168273E+00      0.00000000      0.00000000
 -0.02200000  0.23677597E+02  0.15361327E+00      0.00000000      0.00000000
 -0.02180000  0.23833055E+02  0.15556216E+00      0.00000000      0.00000000
 -0.02160000  0.23989265E+02  0.15754294E+00      0.00000000      0.00000000
 -0.02140000  0.24148441E+02  0.15956867E+00      0.00000000      0.00000000
 -0.02120000  0.24309238E+02  0.16161418E+00      0.00000000      0.00000000
 -0.02100000  0.24472260E+02  0.16373849E+00      0.00000000      0.00000000
 -0.02080000  0.24637863E+02  0.16585094E+00      0.00000000      0.00000000
 -0.02060000  0.24805956E+02  0.16813940E+00      0.00000000      0.00000000
 -0.02040000  0.24974165E+02  0.17036331E+00      0.00000000      0.00000000
 -0.02020000  0.25147215E+02  0.17271566E+00      0.00000000      0.00000000
 -0.02000000  0.25318838E+02  0.17498451E+00      0.00000000      0.00000000
 -0.01980000  0.25495171E+02  0.17742544E+00      0.00000000      0.00000000
 -0.01960000  0.25673315E+02  0.17988670E+00      0.00000000      0.00000000
 -0.01940000  0.25852823E+02  0.18233776E+00      0.00000000      0.00000000
 -0.01920000  0.26037251E+02  0.18489784E+00      0.00000000      0.00000000
 -0.01900000  0.26225033E+02  0.18749332E+00      0.00000000      0.00000000
 -0.01880000  0.26413872E+02  0.19012570E+00      0.00000000      0.00000000
 -0.01860000  0.26608398E+02  0.19289422E+00      0.00000000      0.00000000
 -0.01840000  0.26801445E+02  0.19559038E+00      0.00000000      0.00000000
 -0.01820000  0.26996319E+02  0.19841588E+00      0.00000000      0.00000000
 -0.01800000  0.27193737E+02  0.20124078E+00      0.00000000      0.00000000
 -0.01780000  0.27399273E+02  0.20417047E+00      0.00000000      0.00000000
 -0.01760000  0.27603104E+02  0.20715690E+00      0.00000000      0.00000000
 -0.01740000  0.27811634E+02  0.21021748E+00      0.00000000      0.00000000
 -0.01720000  0.28025204E+02  0.21338713E+00      0.00000000      0.00000000
 -0.01700000  0.28241127E+02  0.21663737E+00      0.00000000      0.00000000
 -0.01680000  0.28459686E+02  0.21998167E+00      0.00000000      0.00000000
 -0.01660000  0.28680935E+02  0.22331572E+00      0.00000000      0.00000000
 -0.01640000  0.28905853E+02  0.22670102E+00      0.00000000      0.00000000
 -0.01620000  0.29131905E+02  0.23018932E+00      0.00000000      0.00000000
 -0.01600000  0.29366608E+02  0.23391151E+00      0.00000000      0.00000000
 -0.01580000  0.29600845E+02  0.23758912E+00      0.00000000      0.00000000
 -0.01560000  0.29837067E+02  0.24129391E+00      0.00000000      0.00000000
 -0.01540000  0.30078819E+02  0.24513054E+00      0.00000000      0.00000000
 -0.01520000  0.30329910E+02  0.24918604E+00      0.00000000      0.00000000
 -0.01500000  0.30583603E+02  0.25332737E+00      0.00000000      0.00000000
 -0.01480000  0.30841232E+02  0.25750113E+00      0.00000000      0.00000000
 -0.01460000  0.31099297E+02  0.26175404E+00      0.00000000      0.00000000
 -0.01440000  0.31361954E+02  0.26605177E+00      0.00000000      0.00000000
 -0.01420000  0.31631462E+02  0.27068806E+00      0.00000000      0.00000000
 -0.01400000  0.31902328E+02  0.27522755E+00      0.00000000      0.00000000
 -0.01380000  0.32180328E+02  0.27997494E+00      0.00000000      0.00000000
 -0.01360000  0.32461975E+02  0.28478813E+00      0.00000000      0.00000000
 -0.01340000  0.32749786E+02  0.28974724E+00      0.00000000      0.00000000
 -0.01320000  0.33040375E+02  0.29480743E+00      0.00000000      0.00000000
 -0.01300000  0.33338776E+02  0.30011749E+00      0.00000000      0.00000000
 -0.01280000  0.33645599E+02  0.30552673E+00      0.00000000      0.00000000
 -0.01260000  0.33953583E+02  0.31112671E+00      0.00000000      0.00000000
 -0.01240000  0.34269196E+02  0.31677246E+00      0.00000000      0.00000000
 -0.01220000  0.34593384E+02  0.32269287E+00      0.00000000      0.00000000
 -0.01200000  0.34912544E+02  0.32867432E+00      0.00000000      0.00000000
 -0.01180000  0.35250397E+02  0.33486938E+00      0.00000000      0.00000000
 -0.01160000  0.35583862E+02  0.34123230E+00      0.00000000      0.00000000
 -0.01140000  0.35926758E+02  0.34773254E+00      0.00000000      0.00000000
 -0.01120000  0.36278549E+02  0.35448837E+00      0.00000000      0.00000000
 -0.01100000  0.36635109E+02  0.36148834E+00      0.00000000      0.00000000
 -0.01080000  0.36999527E+02  0.36868668E+00      0.00000000      0.00000000
 -0.01060000  0.37372395E+02  0.37597084E+00      0.00000000      0.00000000
 -0.01040000  0.37756569E+02  0.38363838E+00      0.00000000      0.00000000
 -0.01020000  0.38143585E+02  0.39141846E+00      0.00000000      0.00000000
 -0.01000000  0.38534904E+02  0.39934540E+00      0.00000000      0.00000000
 -0.00980000  0.38937141E+02  0.40768242E+00      0.00000000      0.00000000
 -0.00960000  0.39348804E+02  0.41632843E+00      0.00000000      0.00000000
 -0.00940000  0.39765442E+02  0.42504692E+00      0.00000000      0.00000000
 -0.00920000  0.40199768E+02  0.43445206E+00      0.00000000      0.00000000
 -0.00900000  0.40637894E+02  0.44374084E+00      0.00000000      0.00000000
 -0.00880000  0.41084534E+02  0.45349121E+00      0.00000000      0.00000000
 -0.00860000  0.41541351E+02  0.46357727E+00      0.00000000      0.00000000
 -0.00840000  0.42002014E+02  0.47393799E+00      0.00000000      0.00000000
 -0.00820000  0.42482300E+02  0.48468018E+00      0.00000000      0.00000000
 -0.00800000  0.42973755E+02  0.49597168E+00      0.00000000      0.00000000
 -0.00780000  0.43481476E+02  0.50775146E+00      0.00000000      0.00000000
 -0.00760000  0.43993256E+02  0.51966858E+00      0.00000000      0.00000000
 -0.00740000  0.44522675E+02  0.53208160E+00      0.00000000      0.00000000
 -0.00720000  0.45059738E+02  0.54484558E+00      0.00000000      0.00000000
 -0.00700000  0.45613358E+02  0.55838394E+00      0.00000000      0.00000000
 -0.00680000  0.46170761E+02  0.57189941E+00      0.00000000      0.00000000
 -0.00660000  0.46749344E+02  0.58629990E+00      0.00000000      0.00000000
 -0.00640000  0.47346794E+02  0.60134506E+00      0.00000000      0.00000000
 -0.00620000  0.47949493E+02  0.61675835E+00      0.00000000      0.00000000
 -0.00600000  0.48570908E+02  0.63281631E+00      0.00000000      0.00000000
 -0.00580000  0.49215866E+02  0.64954758E+00      0.00000000      0.00000000
 -0.00560000  0.49871971E+02  0.66707659E+00      0.00000000      0.00000000
 -0.00540000  0.50546608E+02  0.68533039E+00      0.00000000      0.00000000
 -0.00520000  0.51238251E+02  0.70439243E+00      0.00000000      0.00000000
 -0.00500000  0.51960686E+02  0.72432995E+00      0.00000000      0.00000000
 -0.00480000  0.52703621E+02  0.74529362E+00      0.00000000      0.00000000
 -0.00460000  0.53457588E+02  0.76678967E+00      0.00000000      0.00000000
 -0.00440000  0.54236198E+02  0.78921294E+00      0.00000000      0.00000000
 -0.00420000  0.55029430E+02  0.81250620E+00      0.00000000      0.00000000
 -0.00400000  0.55851898E+02  0.83692789E+00      0.00000000      0.00000000
 -0.00380000  0.56708866E+02  0.86298609E+00      0.00000000      0.00000000
 -0.00360000  0.57591789E+02  0.89032054E+00      0.00000000      0.00000000
 -0.00340000  0.58498756E+02  0.91871810E+00      0.00000000      0.00000000
 -0.00320000  0.59424236E+02  0.94832385E+00      0.00000000      0.00000000
 -0.00300000  0.60389069E+02  0.97960448E+00      0.00000000      0.00000000
 -0.00280000  0.61379951E+02  0.10125151E+01      0.00000000      0.00000000
 -0.00260000  0.62404617E+02  0.10468616E+01      0.00000000      0.00000000
 -0.00240000  0.63472599E+02  0.10831236E+01      0.00000000      0.00000000
 -0.00220000  0.64577942E+02  0.11216722E+01      0.00000000      0.00000000
 -0.00200000  0.65715805E+02  0.11621821E+01      0.00000000      0.00000000
 -0.00180000  0.66900314E+02  0.12047925E+01      0.00000000      0.00000000
 -0.00160000  0.68130898E+02  0.12504040E+01      0.00000000      0.00000000
 -0.00140000  0.69405174E+02  0.12982020E+01      0.00000000      0.00000000
 -0.00120000  0.70729958E+02  0.13491663E+01      0.00000000      0.00000000
 -0.00100000  0.72095612E+02  0.14028405E+01      0.00000000      0.00000000
 -0.00080000  0.73513855E+02  0.14594445E+01      0.00000000      0.00000000
 -0.00060000  0.75015594E+02  0.15209132E+01      0.00000000      0.00000000
 -0.00040000  0.76566010E+02  0.15858310E+01      0.00000000      0.00000000
 -0.00020000  0.78175941E+02  0.16547492E+01      0.00000000      0.00000000
  0.00000000  0.79865715E+02  0.17288706E+01      0.00000000      0.00000000
  0.00020000  0.81640572E+02  0.18089051E+01      0.00000000      0.00000000
  0.00040000  0.83471367E+02  0.18932981E+01      0.00000000      0.00000000
  0.00060000  0.85381081E+02  0.19834055E+01      0.00000000      0.00000000
  0.00080000  0.87391350E+02  0.20810564E+01      0.00000000      0.00000000
  0.00100000  0.89540672E+02  0.21876750E+01      0.00000000      0.00000000
  0.00120000  0.91767075E+02  0.23013783E+01      0.00000000      0.00000000
  0.00140000  0.94155441E+02  0.24266593E+01      0.00000000      0.00000000
  0.00160000  0.96637718E+02  0.25612469E+01      0.00000000      0.00000000
  0.00180000  0.99255127E+02  0.27081409E+01      0.00000000      0.00000000
  0.00200000  0.10205325E+03  0.28694453E+01      0.00000000      0.00000000
  0.00220000  0.10500227E+03  0.30450613E+01      0.00000000      0.00000000
  0.00240000  0.10820180E+03  0.32429528E+01      0.00000000      0.00000000
  0.00260000  0.11151623E+03  0.34535232E+01      0.00000000      0.00000000
  0.00280000  0.11505051E+03  0.36893139E+01      0.00000000      0.00000000
  0.00300000  0.11884303E+03  0.39497521E+01      0.00000000      0.00000000
  0.00320000  0.12300154E+03  0.42473183E+01      0.00000000      0.00000000
  0.00340000  0.12737667E+03  0.45745134E+01      0.00000000      0.00000000
  0.00360000  0.13211798E+03  0.49456606E+01      0.00000000      0.00000000
  0.00380000  0.13719167E+03  0.53602333E+01      0.00000000      0.00000000
  0.00400000  0.14273058E+03  0.58359728E+01      0.00000000      0.00000000
  0.00420000  0.14879463E+03  0.63794765E+01      0.00000000      0.00000000
  0.00440000  0.15537894E+03  0.70072598E+01      0.00000000      0.00000000
  0.00460000  0.16271509E+03  0.77443800E+01      0.00000000      0.00000000
  0.00480000  0.17085391E+03  0.86125069E+01      0.00000000      0.00000000
  0.00500000  0.17993207E+03  0.96457424E+01      0.00000000      0.00000000
  0.00520000  0.19019685E+03  0.10895422E+02      0.00000000      0.00000000
  0.00540000  0.20167569E+03  0.12400298E+02      0.00000000      0.00000000
  0.00560000  0.21476254E+03  0.14260159E+02      0.00000000      0.00000000
  0.00580000  0.22999001E+03  0.16615654E+02      0.00000000      0.00000000
  0.00600000  0.24787532E+03  0.19659584E+02      0.00000000      0.00000000
  0.00620000  0.26918927E+03  0.23681721E+02      0.00000000      0.00000000
  0.00640000  0.29488684E+03  0.29126987E+02      0.00000000      0.00000000
  0.00660000  0.32679675E+03  0.36822411E+02      0.00000000      0.00000000
  0.00680000  0.36711740E+03  0.48116699E+02      0.00000000      0.00000000
  0.00700000  0.42075800E+03  0.65989700E+02      0.00000000      0.00000000
  0.00720000  0.49390631E+03  0.96107605E+02      0.00000000      0.00000000
  0.00740000  0.60263965E+03  0.15497025E+03      0.00000000      0.00000000
  0.00760000  0.76658398E+03  0.28617700E+03      0.00000000      0.00000000
  0.00780000  0.98219763E+03  0.64755713E+03      0.00000000      0.00000000
  0.00800000  0.70669904E+03  0.15272640E+04      0.00000000      0.00000000
  0.00820000 -0.51296893E+03  0.15252544E+04      0.00000000      0.00000000
  0.00840000 -0.78317456E+03  0.64714197E+03      0.00000000      0.00000000
  0.00860000 -0.56762842E+03  0.29026105E+03      0.00000000      0.00000000
  0.00880000 -0.40054724E+03  0.15960167E+03      0.00000000      0.00000000
  0.00900000 -0.28892755E+03  0.10252642E+03      0.00000000      0.00000000
  0.00920000 -0.20825710E+03  0.73029495E+02      0.00000000      0.00000000
  0.00940000 -0.14721519E+03  0.56796276E+02      0.00000000      0.00000000
  0.00960000 -0.97287125E+02  0.47465900E+02      0.00000000      0.00000000
  0.00980000 -0.53685013E+02  0.42343361E+02      0.00000000      0.00000000
  0.01000000 -0.13203239E+02  0.40255745E+02      0.00000000      0.00000000
  0.01020000  0.26484011E+02  0.40653397E+02      0.00000000      0.00000000
  0.01040000  0.66996964E+02  0.43605087E+02      0.00000000      0.00000000
  0.01060000  0.11188569E+03  0.49814983E+02      0.00000000      0.00000000
  0.01080000  0.16483614E+03  0.60900787E+02      0.00000000      0.00000000
  0.01100000  0.23067319E+03  0.80139191E+02      0.00000000      0.00000000
  0.01120000  0.31802216E+03  0.11507236E+03      0.00000000      0.00000000
  0.01140000  0.44554703E+03  0.18738736E+03      0.00000000      0.00000000
  0.01160000  0.63391907E+03  0.35804816E+03      0.00000000      0.00000000
  0.01180000  0.83801978E+03  0.85141821E+03      0.00000000      0.00000000
  0.01200000  0.18068571E+03  0.17869053E+04      0.00000000      0.00000000
  0.01220000 -0.99243823E+03  0.12137012E+04      0.00000000      0.00000000
  0.01240000 -0.92079199E+03  0.47787921E+03      0.00000000      0.00000000
  0.01260000 -0.70834186E+03  0.22811325E+03      0.00000000      0.00000000
  0.01280000 -0.56758771E+03  0.13204990E+03      0.00000000      0.00000000
  0.01300000 -0.47300818E+03  0.85622040E+02      0.00000000      0.00000000
  0.01320000 -0.40590961E+03  0.59897621E+02      0.00000000      0.00000000
  0.01340000 -0.35601398E+03  0.44210644E+02      0.00000000      0.00000000
  0.01360000 -0.31868048E+03  0.34250603E+02      0.00000000      0.00000000
  0.01380000 -0.28864288E+03  0.27315968E+02      0.00000000      0.00000000
  0.01400000 -0.26451913E+03  0.22397026E+02      0.00000000      0.00000000
  0.01420000 -0.24464864E+03  0.18759951E+02      0.00000000      0.00000000
  0.01440000 -0.22750830E+03  0.15929602E+02      0.00000000      0.00000000
  0.01460000 -0.21290070E+03  0.13728363E+02      0.00000000      0.00000000
  0.01480000 -0.20021254E+03  0.11968549E+02      0.00000000      0.00000000
  0.01500000 -0.18911267E+03  0.10542549E+02      0.00000000      0.00000000
  0.01520000 -0.17940962E+03  0.93818207E+01      0.00000000      0.00000000
  0.01540000 -0.17055435E+03  0.83912067E+01      0.00000000      0.00000000
  0.01560000 -0.16260156E+03  0.75563788E+01      0.00000000      0.00000000
  0.01580000 -0.15542152E+03  0.68474197E+01      0.00000000      0.00000000
  0.01600000 -0.14894408E+03  0.62391577E+01      0.00000000      0.00000000
  0.01619999 -0.14297331E+03  0.57086020E+01      0.00000000      0.00000000
  0.01640000 -0.13749384E+03  0.52458076E+01      0.00000000      0.00000000
  0.01660000 -0.13245184E+03  0.48398323E+01      0.00000000      0.00000000
  0.01680000 -0.12786314E+03  0.44850950E+01      0.00000000      0.00000000
  0.01700000 -0.12354376E+03  0.41669478E+01      0.00000000      0.00000000
  0.01720000 -0.11950179E+03  0.38814960E+01      0.00000000      0.00000000
  0.01740000 -0.11581761E+03  0.36290069E+01      0.00000000      0.00000000
  0.01760000 -0.11232999E+03  0.34000559E+01      0.00000000      0.00000000
  0.01780000 -0.10901679E+03  0.31894524E+01      0.00000000      0.00000000
  0.01800000 -0.10592439E+03  0.30004988E+01      0.00000000      0.00000000
  0.01820000 -0.10302951E+03  0.28302302E+01      0.00000000      0.00000000
  0.01840000 -0.10030963E+03  0.26744409E+01      0.00000000      0.00000000
  0.01860000 -0.97695282E+02  0.25294604E+01      0.00000000      0.00000000
  0.01880000 -0.95225403E+02  0.23965340E+01      0.00000000      0.00000000
  0.01900000 -0.92868256E+02  0.22728767E+01      0.00000000      0.00000000
  0.01920000 -0.90647339E+02  0.21602650E+01      0.00000000      0.00000000
  0.01940000 -0.88527908E+02  0.20556774E+01      0.00000000      0.00000000
  0.01960000 -0.86522125E+02  0.19591024E+01      0.00000000      0.00000000
  0.01980000 -0.84619049E+02  0.18699520E+01      0.00000000      0.00000000
  0.02000000 -0.82818466E+02  0.17879415E+01      0.00000000      0.00000000
  0.02020000 -0.81081726E+02  0.17101591E+01      0.00000000      0.00000000
  0.02040000 -0.79419464E+02  0.16373365E+01      0.00000000      0.00000000
  0.02060000 -0.77804138E+02  0.15689366E+01      0.00000000      0.00000000
  0.02080000 -0.76281769E+02  0.15056577E+01      0.00000000      0.00000000
  0.02100000 -0.74794510E+02  0.14451280E+01      0.00000000      0.00000000
  0.02120000 -0.73383591E+02  0.13886141E+01      0.00000000      0.00000000
  0.02140000 -0.72027618E+02  0.13358872E+01      0.00000000      0.00000000
  0.02160000 -0.70713531E+02  0.12857614E+01      0.00000000      0.00000000
  0.02180000 -0.69450272E+02  0.12385142E+01      0.00000000      0.00000000
  0.02200000 -0.68246284E+02  0.11942112E+01      0.00000000      0.00000000
  0.02220000 -0.67049828E+02  0.11511548E+01      0.00000000      0.00000000
  0.02240000 -0.65918167E+02  0.11113100E+01      0.00000000      0.00000000
  0.02260000 -0.64816872E+02  0.10729606E+01      0.00000000      0.00000000
  0.02280000 -0.63754593E+02  0.10367793E+01      0.00000000      0.00000000
  0.02300000 -0.62732128E+02  0.10026649E+01      0.00000000      0.00000000
  0.02320000 -0.61759735E+02  0.97072136E+00      0.00000000      0.00000000
  0.02340000 -0.60800369E+02  0.93976712E+00      0.00000000      0.00000000
  0.02360000 -0.59887978E+02  0.91087615E+00      0.00000000      0.00000000
  0.02380000 -0.58990204E+02  0.88282001E+00      0.00000000      0.00000000
  0.02400000 -0.58118286E+02  0.85600281E+00      0.00000000      0.00000000
  0.02420000 -0.57276539E+02  0.83066565E+00      0.00000000      0.00000000
  0.02440000 -0.56455963E+02  0.80629855E+00      0.00000000      0.00000000
  0.02460000 -0.55665169E+02  0.78322148E+00      0.00000000      0.00000000
  0.02480000 -0.54900211E+02  0.76104045E+00      0.00000000      0.00000000
  0.02500000 -0.54157902E+02  0.73988879E+00      0.00000000      0.00000000
  0.02520000 -0.53418312E+02  0.71905732E+00      0.00000000      0.00000000
  0.02540000 -0.52705566E+02  0.69932777E+00      0.00000000      0.00000000
  0.02560000 -0.52021511E+02  0.68079960E+00      0.00000000      0.00000000
  0.02580000 -0.51344223E+02  0.66248828E+00      0.00000000      0.00000000
  0.02600000 -0.50690987E+02  0.64532715E+00      0.00000000      0.00000000
  0.02620000 -0.50051506E+02  0.62853903E+00      0.00000000      0.00000000
  0.02640000 -0.49436169E+02  0.61271381E+00      0.00000000      0.00000000
  0.02660000 -0.48834862E+02  0.59740698E+00      0.00000000      0.00000000
  0.02680000 -0.48247246E+02  0.58272719E+00      0.00000000      0.00000000
  0.02700000 -0.47671562E+02  0.56860703E+00      0.00000000      0.00000000
  0.02720000 -0.47115116E+02  0.55498177E+00      0.00000000      0.00000000
  0.02740000 -0.46570354E+02  0.54165316E+00      0.00000000      0.00000000
  0.02760000 -0.46033459E+02  0.52892691E+00      0.00000000      0.00000000
  0.02780000 -0.45495903E+02  0.51633370E+00      0.00000000      0.00000000
  0.02800000 -0.44982937E+02  0.50436574E+00      0.00000000      0.00000000
  0.02820000 -0.44485893E+02  0.49286306E+00      0.00000000      0.00000000
  0.02840000 -0.43996338E+02  0.48182872E+00      0.00000000      0.00000000
  0.02860000 -0.43521347E+02  0.47116107E+00      0.00000000      0.00000000
  0.02880000 -0.43056179E+02  0.46086323E+00      0.00000000      0.00000000
  0.02900000 -0.42597557E+02  0.45084113E+00      0.00000000      0.00000000
  0.02920000 -0.42156811E+02  0.44119892E+00      0.00000000      0.00000000
  0.02940000 -0.41723240E+02  0.43184403E+00      0.00000000      0.00000000
  0.02959999 -0.41293381E+02  0.42272806E+00      0.00000000      0.00000000
  0.02980000 -0.40876247E+02  0.41395164E+00      0.00000000      0.00000000
  0.03000000 -0.40465782E+02  0.40541667E+00      0.00000000      0.00000000
  0.03020000 -0.40062653E+02  0.39704049E+00      0.00000000      0.00000000
  0.03040000 -0.39670837E+02  0.38914847E+00      0.00000000      0.00000000
  0.03060000 -0.39290546E+02  0.38159746E+00      0.00000000      0.00000000
  0.03080000 -0.38911316E+02  0.37394512E+00      0.00000000      0.00000000
  0.03100000 -0.38542992E+02  0.36669517E+00      0.00000000      0.00000000
  0.03120000 -0.38186256E+02  0.35966474E+00      0.00000000      0.00000000
  0.03140000 -0.37826740E+02  0.35266697E+00      0.00000000      0.00000000
  0.03160000 -0.37476055E+02  0.34600952E+00      0.00000000      0.00000000
  0.03179999 -0.37130459E+02  0.33946502E+00      0.00000000      0.00000000
  0.03200001 -0.36796036E+02  0.33317986E+00      0.00000000      0.00000000
  0.03220000 -0.36459309E+02  0.32686138E+00      0.00000000      0.00000000
  0.03240000 -0.36138016E+02  0.32098824E+00      0.00000000      0.00000000
  0.03260000 -0.35820152E+02  0.31520984E+00      0.00000000      0.00000000
  0.03280000 -0.35506569E+02  0.30954260E+00      0.00000000      0.00000000
  0.03300000 -0.35199593E+02  0.30405387E+00      0.00000000      0.00000000
  0.03320000 -0.34898823E+02  0.29861581E+00      0.00000000      0.00000000
  0.03340000 -0.34603943E+02  0.29344994E+00      0.00000000      0.00000000
  0.03360000 -0.34314072E+02  0.28845191E+00      0.00000000      0.00000000
  0.03380000 -0.34025749E+02  0.28337499E+00      0.00000000      0.00000000
  0.03399999 -0.33744442E+02  0.27856725E+00      0.00000000      0.00000000
  0.03420001 -0.33467834E+02  0.27379233E+00      0.00000000      0.00000000
  0.03440000 -0.33201214E+02  0.26936376E+00      0.00000000      0.00000000
  0.03460000 -0.32936253E+02  0.26495373E+00      0.00000000      0.00000000
  0.03479999 -0.32671341E+02  0.26059052E+00      0.00000000      0.00000000
  0.03500000 -0.32408890E+02  0.25628212E+00      0.00000000      0.00000000
  0.03520000 -0.32154236E+02  0.25212350E+00      0.00000000      0.00000000
  0.03540000 -0.31905453E+02  0.24809116E+00      0.00000000      0.00000000
  0.03560000 -0.31658550E+02  0.24416891E+00      0.00000000      0.00000000
  0.03580000 -0.31415838E+02  0.24030137E+00      0.00000000      0.00000000
  0.03600000 -0.31176426E+02  0.23653460E+00      0.00000000      0.00000000
  0.03619999 -0.30944267E+02  0.23290803E+00      0.00000000      0.00000000
  0.03640000 -0.30715508E+02  0.22935006E+00      0.00000000      0.00000000
  0.03660000 -0.30487209E+02  0.22577989E+00      0.00000000      0.00000000
  0.03680000 -0.30261457E+02  0.22238491E+00      0.00000000      0.00000000
  0.03700000 -0.30040836E+02  0.21903859E+00      0.00000000      0.00000000
  0.03720000 -0.29822277E+02  0.21570344E+00      0.00000000      0.00000000
  0.03740000 -0.29606884E+02  0.21248198E+00      0.00000000      0.00000000
  0.03760000 -0.29398144E+02  0.20943895E+00      0.00000000      0.00000000
  0.03780000 -0.29188377E+02  0.20640242E+00      0.00000000      0.00000000
  0.03800000 -0.28983139E+02  0.20338105E+00      0.00000000      0.00000000
  0.03820000 -0.28782904E+02  0.20042302E+00      0.00000000      0.00000000
  0.03839999 -0.28582308E+02  0.19752356E+00      0.00000000      0.00000000
  0.03860000 -0.28387398E+02  0.19468912E+00      0.00000000      0.00000000
  0.03880000 -0.28193474E+02  0.19194633E+00      0.00000000      0.00000000
  0.03900000 -0.28002724E+02  0.18925086E+00      0.00000000      0.00000000
  0.03920000 -0.27816032E+02  0.18668057E+00      0.00000000      0.00000000
  0.03940000 -0.27632870E+02  0.18418534E+00      0.00000000      0.00000000
  0.03960000 -0.27449589E+02  0.18161687E+00      0.00000000      0.00000000
  0.03980000 -0.27269197E+02  0.17916547E+00      0.00000000      0.00000000
  0.04000000 -0.27089146E+02  0.17671964E+00      0.00000000      0.00000000
  0.04020000 -0.26912979E+02  0.17434229E+00      0.00000000      0.00000000
  0.04040000 -0.26739767E+02  0.17201112E+00      0.00000000      0.00000000
  0.04060000 -0.26569057E+02  0.16974026E+00      0.00000000      0.00000000
  0.04080000 -0.26400417E+02  0.16747724E+00      0.00000000      0.00000000
  0.04100000 -0.26233326E+02  0.16532837E+00      0.00000000      0.00000000
  0.04120000 -0.26068762E+02  0.16314574E+00      0.00000000      0.00000000
  0.04140000 -0.25906918E+02  0.16103430E+00      0.00000000      0.00000000
  0.04160000 -0.25747145E+02  0.15897401E+00      0.00000000      0.00000000
  0.04180000 -0.25590002E+02  0.15698850E+00      0.00000000      0.00000000
  0.04200000 -0.25434553E+02  0.15499428E+00      0.00000000      0.00000000
  0.04220000 -0.25280382E+02  0.15303367E+00      0.00000000      0.00000000
  0.04240000 -0.25128181E+02  0.15110981E+00      0.00000000      0.00000000
  0.04260000 -0.24978951E+02  0.14928420E+00      0.00000000      0.00000000
  0.04280000 -0.24830891E+02  0.14748019E+00      0.00000000      0.00000000
  0.04300000 -0.24684334E+02  0.14568773E+00      0.00000000      0.00000000
  0.04320000 -0.24539021E+02  0.14388989E+00      0.00000000      0.00000000
  0.04340000 -0.24395081E+02  0.14216100E+00      0.00000000      0.00000000
  0.04360000 -0.24252724E+02  0.14041975E+00      0.00000000      0.00000000
  0.04380000 -0.24114536E+02  0.13878085E+00      0.00000000      0.00000000
  0.04400000 -0.23976631E+02  0.13710475E+00      0.00000000      0.00000000
  0.04420000 -0.23840309E+02  0.13542205E+00      0.00000000      0.00000000
  0.04440000 -0.23704830E+02  0.13380130E+00      0.00000000      0.00000000
  0.04460000 -0.23571117E+02  0.13226514E+00      0.00000000      0.00000000
  0.04480000 -0.23440239E+02  0.13076954E+00      0.00000000      0.00000000
  0.04500000 -0.23310938E+02  0.12929374E+00      0.00000000      0.00000000
  0.04520000 -0.23183756E+02  0.12781695E+00      0.00000000      0.00000000
  0.04539999 -0.23058243E+02  0.12631023E+00      0.00000000      0.00000000
  0.04560000 -0.22932535E+02  0.12485518E+00      0.00000000      0.00000000
  0.04580000 -0.22807716E+02  0.12349804E+00      0.00000000      0.00000000
  0.04600000 -0.22683514E+02  0.12210572E+00      0.00000000      0.00000000
  0.04620000 -0.22563305E+02  0.12074967E+00      0.00000000      0.00000000
  0.04640000 -0.22442513E+02  0.11939328E+00      0.00000000      0.00000000
  0.04660000 -0.22322773E+02  0.11804867E+00      0.00000000      0.00000000
  0.04680000 -0.22206778E+02  0.11675873E+00      0.00000000      0.00000000
  0.04700000 -0.22090860E+02  0.11547169E+00      0.00000000      0.00000000
  0.04720000 -0.21976444E+02  0.11426858E+00      0.00000000      0.00000000
  0.04740000 -0.21863430E+02  0.11303413E+00      0.00000000      0.00000000
  0.04759999 -0.21749584E+02  0.11179571E+00      0.00000000      0.00000000
  0.04780000 -0.21637552E+02  0.11059745E+00      0.00000000      0.00000000
  0.04800000 -0.21526749E+02  0.10943548E+00      0.00000000      0.00000000
  0.04820000 -0.21419146E+02  0.10827096E+00      0.00000000      0.00000000
  0.04840000 -0.21311441E+02  0.10711445E+00      0.00000000      0.00000000
  0.04860000 -0.21204674E+02  0.10598049E+00      0.00000000      0.00000000
  0.04880000 -0.21099607E+02  0.10488546E+00      0.00000000      0.00000000
  0.04899999 -0.20996387E+02  0.10385834E+00      0.00000000      0.00000000
  0.04920000 -0.20892342E+02  0.10276429E+00      0.00000000      0.00000000
  0.04940000 -0.20790415E+02  0.10170051E+00      0.00000000      0.00000000
  0.04960000 -0.20689922E+02  0.10068781E+00      0.00000000      0.00000000
  0.04979999 -0.20589769E+02  0.99652000E-01      0.00000000      0.00000000
  0.05000000 -0.20490704E+02  0.98643735E-01      0.00000000      0.00000000
  0.05020000 -0.20392855E+02  0.97719237E-01      0.00000000      0.00000000
  0.05040000 -0.20295708E+02  0.96727625E-01      0.00000000      0.00000000
  0.05060000 -0.20198700E+02  0.95709637E-01      0.00000000      0.00000000
  0.05080000 -0.20103962E+02  0.94765879E-01      0.00000000      0.00000000
  0.05100000 -0.20010366E+02  0.93884170E-01      0.00000000      0.00000000
  0.05119999 -0.19916212E+02  0.92924871E-01      0.00000000      0.00000000
  0.05140000 -0.19825193E+02  0.92053145E-01      0.00000000      0.00000000
  0.05160000 -0.19733416E+02  0.91146365E-01      0.00000000      0.00000000
  0.05180000 -0.19642242E+02  0.90263851E-01      0.00000000      0.00000000
  0.05199999 -0.19552591E+02  0.89397371E-01      0.00000000      0.00000000
  0.05220000 -0.19462183E+02  0.88540748E-01      0.00000000      0.00000000
  0.05240000 -0.19374018E+02  0.87677605E-01      0.00000000      0.00000000
  0.05260000 -0.19285736E+02  0.86848773E-01      0.00000000      0.00000000
  0.05280000 -0.19199398E+02  0.86037710E-01      0.00000000      0.00000000
  0.05300000 -0.19114485E+02  0.85233063E-01      0.00000000      0.00000000
  0.05320000 -0.19030462E+02  0.84426627E-01      0.00000000      0.00000000
  0.05339999 -0.18947676E+02  0.83637141E-01      0.00000000      0.00000000
  0.05360000 -0.18864552E+02  0.82877554E-01      0.00000000      0.00000000
  0.05380000 -0.18782297E+02  0.82127646E-01      0.00000000      0.00000000
  0.05400000 -0.18700258E+02  0.81412725E-01      0.00000000      0.00000000
  0.05420000 -0.18617851E+02  0.80664553E-01      0.00000000      0.00000000
  0.05440000 -0.18537588E+02  0.79909176E-01      0.00000000      0.00000000
  0.05460000 -0.18457777E+02  0.79163961E-01      0.00000000      0.00000000
  0.05480000 -0.18380133E+02  0.78457773E-01      0.00000000      0.00000000
  0.05500000 -0.18302708E+02  0.77791214E-01      0.00000000      0.00000000
  0.05520000 -0.18224972E+02  0.77069387E-01      0.00000000      0.00000000
  0.05540000 -0.18148520E+02  0.76377898E-01      0.00000000      0.00000000
  0.05560000 -0.18072220E+02  0.75717367E-01      0.00000000      0.00000000
  0.05580000 -0.17997089E+02  0.75067014E-01      0.00000000      0.00000000
  0.05600000 -0.17922993E+02  0.74403241E-01      0.00000000      0.00000000
  0.05620000 -0.17848648E+02  0.73765896E-01      0.00000000      0.00000000
  0.05640000 -0.17775223E+02  0.73143624E-01      0.00000000      0.00000000
  0.05660000 -0.17701481E+02  0.72480425E-01      0.00000000      0.00000000
  0.05680000 -0.17630159E+02  0.71855716E-01      0.00000000      0.00000000
  0.05700000 -0.17558041E+02  0.71225077E-01      0.00000000      0.00000000
  0.05720000 -0.17487066E+02  0.70596278E-01      0.00000000      0.00000000
  0.05740000 -0.17417492E+02  0.70032537E-01      0.00000000      0.00000000
  0.05760000 -0.17346966E+02  0.69429129E-01      0.00000000      0.00000000
  0.05780000 -0.17277191E+02  0.68875618E-01      0.00000000      0.00000000
  0.05800000 -0.17208040E+02  0.68268701E-01      0.00000000      0.00000000
  0.05819999 -0.17138723E+02  0.67690156E-01      0.00000000      0.00000000
  0.05840000 -0.17071903E+02  0.67130663E-01      0.00000000      0.00000000
  0.05860000 -0.17004784E+02  0.66555932E-01      0.00000000      0.00000000
  0.05880000 -0.16938717E+02  0.66004604E-01      0.00000000      0.00000000
  0.05900000 -0.16873493E+02  0.65471888E-01      0.00000000      0.00000000
  0.05920000 -0.16808754E+02  0.64929895E-01      0.00000000      0.00000000
  0.05940000 -0.16743855E+02  0.64399749E-01      0.00000000      0.00000000
  0.05960000 -0.16679878E+02  0.63871801E-01      0.00000000      0.00000000
  0.05980000 -0.16615593E+02  0.63357547E-01      0.00000000      0.00000000
  0.06000000 -0.16552349E+02  0.62842593E-01      0.00000000      0.00000000
  0.06020000 -0.16489594E+02  0.62347062E-01      0.00000000      0.00000000
  0.06039999 -0.16427952E+02  0.61879165E-01      0.00000000      0.00000000
  0.06060000 -0.16366270E+02  0.61376713E-01      0.00000000      0.00000000
  0.06080000 -0.16304533E+02  0.60878634E-01      0.00000000      0.00000000
  0.06100000 -0.16243828E+02  0.60386717E-01      0.00000000      0.00000000
  0.06119999 -0.16183939E+02  0.59898093E-01      0.00000000      0.00000000
  0.06140000 -0.16124645E+02  0.59438128E-01      0.00000000      0.00000000
  0.06160000 -0.16066196E+02  0.58973514E-01      0.00000000      0.00000000
  0.06180000 -0.16007401E+02  0.58511950E-01      0.00000000      0.00000000
  0.06200000 -0.15949203E+02  0.58062859E-01      0.00000000      0.00000000
  0.06220000 -0.15891586E+02  0.57631128E-01      0.00000000      0.00000000
  0.06240000 -0.15834315E+02  0.57172008E-01      0.00000000      0.00000000
  0.06259999 -0.15777509E+02  0.56728683E-01      0.00000000      0.00000000
  0.06280001 -0.15721750E+02  0.56304798E-01      0.00000000      0.00000000
  0.06300000 -0.15664888E+02  0.55885360E-01      0.00000000      0.00000000
  0.06320000 -0.15608778E+02  0.55453021E-01      0.00000000      0.00000000
  0.06339999 -0.15553015E+02  0.55045485E-01      0.00000000      0.00000000
  0.06360000 -0.15497992E+02  0.54626122E-01      0.00000000      0.00000000
  0.06380000 -0.15443841E+02  0.54219872E-01      0.00000000      0.00000000
  0.06400000 -0.15389805E+02  0.53806089E-01      0.00000000      0.00000000
  0.06420000 -0.15336095E+02  0.53416587E-01      0.00000000      0.00000000
  0.06440000 -0.15283352E+02  0.53033371E-01      0.00000000      0.00000000
  0.06460000 -0.15230522E+02  0.52639548E-01      0.00000000      0.00000000
  0.06479999 -0.15177503E+02  0.52243993E-01      0.00000000      0.00000000
  0.06500000 -0.15125418E+02  0.51857341E-01      0.00000000      0.00000000
  0.06520000 -0.15073693E+02  0.51473383E-01      0.00000000      0.00000000
  0.06540000 -0.15022818E+02  0.51113628E-01      0.00000000      0.00000000
  0.06559999 -0.14971556E+02  0.50733015E-01      0.00000000      0.00000000
  0.06580000 -0.14921318E+02  0.50342064E-01      0.00000000      0.00000000
  0.06600000 -0.14871383E+02  0.49983203E-01      0.00000000      0.00000000
  0.06620000 -0.14822205E+02  0.49624234E-01      0.00000000      0.00000000
  0.06640000 -0.14772089E+02  0.49281128E-01      0.00000000      0.00000000
  0.06660000 -0.14722585E+02  0.48947476E-01      0.00000000      0.00000000
  0.06680001 -0.14674340E+02  0.48604347E-01      0.00000000      0.00000000
  0.06699999 -0.14626002E+02  0.48257049E-01      0.00000000      0.00000000
  0.06720000 -0.14577280E+02  0.47925957E-01      0.00000000      0.00000000
  0.06739999 -0.14529790E+02  0.47575563E-01      0.00000000      0.00000000
  0.06760000 -0.14481832E+02  0.47226310E-01      0.00000000      0.00000000
  0.06780000 -0.14434680E+02  0.46900224E-01      0.00000000      0.00000000
  0.06800000 -0.14387928E+02  0.46574686E-01      0.00000000      0.00000000
  0.06820000 -0.14341599E+02  0.46249613E-01      0.00000000      0.00000000
  0.06840000 -0.14295722E+02  0.45934074E-01      0.00000000      0.00000000
  0.06859999 -0.14250153E+02  0.45630474E-01      0.00000000      0.00000000
  0.06880000 -0.14204321E+02  0.45296095E-01      0.00000000      0.00000000
  0.06900001 -0.14159315E+02  0.44997152E-01      0.00000000      0.00000000
  0.06919999 -0.14114705E+02  0.44684574E-01      0.00000000      0.00000000
  0.06940000 -0.14069643E+02  0.44371121E-01      0.00000000      0.00000000
  0.06960000 -0.14024994E+02  0.44082116E-01      0.00000000      0.00000000
  0.06980000 -0.13981144E+02  0.43802232E-01      0.00000000      0.00000000
  0.07000000 -0.13937441E+02  0.43511052E-01      0.00000000      0.00000000
  0.07020000 -0.13894607E+02  0.43225579E-01      0.00000000      0.00000000
  0.07040000 -0.13851617E+02  0.42909469E-01      0.00000000      0.00000000
  0.07060000 -0.13808978E+02  0.42642228E-01      0.00000000      0.00000000
  0.07079999 -0.13766449E+02  0.42355865E-01      0.00000000      0.00000000
  0.07099999 -0.13724717E+02  0.42067014E-01      0.00000000      0.00000000
  0.07120001 -0.13681988E+02  0.41801829E-01      0.00000000      0.00000000
  0.07139999 -0.13640258E+02  0.41508690E-01      0.00000000      0.00000000
  0.07160000 -0.13598328E+02  0.41248009E-01      0.00000000      0.00000000
  0.07180000 -0.13557543E+02  0.40983301E-01      0.00000000      0.00000000
  0.07200000 -0.13517035E+02  0.40702868E-01      0.00000000      0.00000000
  0.07220000 -0.13475977E+02  0.40431842E-01      0.00000000      0.00000000
  0.07239999 -0.13435352E+02  0.40170759E-01      0.00000000      0.00000000
  0.07260000 -0.13395512E+02  0.39920531E-01      0.00000000      0.00000000
  0.07280000 -0.13355455E+02  0.39672989E-01      0.00000000      0.00000000
  0.07299999 -0.13316246E+02  0.39414696E-01      0.00000000      0.00000000
  0.07319999 -0.13276650E+02  0.39153144E-01      0.00000000      0.00000000
  0.07340001 -0.13237997E+02  0.38911320E-01      0.00000000      0.00000000
  0.07359999 -0.13199068E+02  0.38672924E-01      0.00000000      0.00000000
  0.07380000 -0.13160141E+02  0.38423024E-01      0.00000000      0.00000000
  0.07400000 -0.13121393E+02  0.38182192E-01      0.00000000      0.00000000
  0.07420000 -0.13083540E+02  0.37933532E-01      0.00000000      0.00000000
  0.07440000 -0.13045533E+02  0.37696496E-01      0.00000000      0.00000000
  0.07460000 -0.13008451E+02  0.37458494E-01      0.00000000      0.00000000
  0.07480000 -0.12971211E+02  0.37231319E-01      0.00000000      0.00000000
  0.07500000 -0.12934323E+02  0.37015837E-01      0.00000000      0.00000000
  0.07519999 -0.12897020E+02  0.36792938E-01      0.00000000      0.00000000
  0.07539999 -0.12859902E+02  0.36542855E-01      0.00000000      0.00000000
  0.07560000 -0.12823879E+02  0.36327589E-01      0.00000000      0.00000000
  0.07579999 -0.12787764E+02  0.36112249E-01      0.00000000      0.00000000
  0.07600000 -0.12751845E+02  0.35876941E-01      0.00000000      0.00000000
  0.07620000 -0.12715765E+02  0.35661604E-01      0.00000000      0.00000000
  0.07640000 -0.12680407E+02  0.35455924E-01      0.00000000      0.00000000
  0.07660000 -0.12645514E+02  0.35232507E-01      0.00000000      0.00000000
  0.07680000 -0.12610628E+02  0.35011433E-01      0.00000000      0.00000000
  0.07699999 -0.12575567E+02  0.34805346E-01      0.00000000      0.00000000
  0.07720000 -0.12541011E+02  0.34597609E-01      0.00000000      0.00000000
  0.07739999 -0.12506233E+02  0.34390364E-01      0.00000000      0.00000000
  0.07759999 -0.12472092E+02  0.34183200E-01      0.00000000      0.00000000
  0.07780000 -0.12437974E+02  0.33980988E-01      0.00000000      0.00000000
  0.07799999 -0.12404074E+02  0.33790123E-01      0.00000000      0.00000000
  0.07820000 -0.12370125E+02  0.33588924E-01      0.00000000      0.00000000
  0.07840000 -0.12336930E+02  0.33381131E-01      0.00000000      0.00000000
  0.07860000 -0.12303562E+02  0.33187270E-01      0.00000000      0.00000000
  0.07880000 -0.12270442E+02  0.32989994E-01      0.00000000      0.00000000
  0.07900000 -0.12237560E+02  0.32794178E-01      0.00000000      0.00000000
  0.07919999 -0.12204828E+02  0.32604437E-01      0.00000000      0.00000000
  0.07940000 -0.12172629E+02  0.32434337E-01      0.00000000      0.00000000
  0.07960001 -0.12140226E+02  0.32247156E-01      0.00000000      0.00000000
  0.07979999 -0.12108379E+02  0.32049391E-01      0.00000000      0.00000000
