 -0.04000000  0.11913791E+02  0.41906834E-01      0.00000000      0.00000000
 -0.03980000  0.11955783E+02  0.42179450E-01      0.00000000      0.00000000
 -0.03960000  0.11997462E+02  0.42461023E-01      0.00000000      0.00000000
 -0.03940000  0.12040114E+02  0.42745084E-01      0.00000000      0.00000000
 -0.03920000  0.12082952E+02  0.43033883E-01      0.00000000      0.00000000
 -0.03900000  0.12126952E+02  0.43347493E-01      0.00000000      0.00000000
 -0.03880000  0.12170156E+02  0.43639153E-01      0.00000000      0.00000000
 -0.03860000  0.12213789E+02  0.43925092E-01      0.00000000      0.00000000
 -0.03840000  0.12257424E+02  0.44229567E-01      0.00000000      0.00000000
 -0.03820000  0.12301991E+02  0.44528335E-01      0.00000000      0.00000000
 -0.03800000  0.12346992E+02  0.44840917E-01      0.00000000      0.00000000
 -0.03780000  0.12392080E+02  0.45160100E-01      0.00000000      0.00000000
 -0.03760000  0.12437134E+02  0.45462355E-01      0.00000000      0.00000000
 -0.03740000  0.12482752E+02  0.45787171E-01      0.00000000      0.00000000
 -0.03720000  0.12528805E+02  0.46107024E-01      0.00000000      0.00000000
 -0.03700000  0.12574659E+02  0.46432942E-01      0.00000000      0.00000000
 -0.03680000  0.12621447E+02  0.46763033E-01      0.00000000      0.00000000
 -0.03660000  0.12668606E+02  0.47093064E-01      0.00000000      0.00000000
 -0.03640000  0.12715879E+02  0.47429770E-01      0.00000000      0.00000000
 -0.03620000  0.12762712E+02  0.47758400E-01      0.00000000      0.00000000
 -0.03600000  0.12810541E+02  0.48098564E-01      0.00000000      0.00000000
 -0.03580000  0.12858931E+02  0.48430592E-01      0.00000000      0.00000000
 -0.03560000  0.12906931E+02  0.48790604E-01      0.00000000      0.00000000
 -0.03540000  0.12956331E+02  0.49147993E-01      0.00000000      0.00000000
 -0.03520000  0.13005791E+02  0.49504876E-01      0.00000000      0.00000000
 -0.03500000  0.13055859E+02  0.49867779E-01      0.00000000      0.00000000
 -0.03480000  0.13105738E+02  0.50223738E-01      0.00000000      0.00000000
 -0.03460000  0.13156494E+02  0.50604641E-01      0.00000000      0.00000000
 -0.03440000  0.13206558E+02  0.50958216E-01      0.00000000      0.00000000
 -0.03420000  0.13258232E+02  0.51348418E-01      0.00000000      0.00000000
 -0.03400000  0.13309486E+02  0.51724136E-01      0.00000000      0.00000000
 -0.03380000  0.13361555E+02  0.52120090E-01      0.00000000      0.00000000
 -0.03360000  0.13414211E+02  0.52510917E-01      0.00000000      0.00000000
 -0.03340000  0.13466557E+02  0.52896857E-01      0.00000000      0.00000000
 -0.03320000  0.13519428E+02  0.53292871E-01      0.00000000      0.00000000
 -0.03300000  0.13573158E+02  0.53687632E-01      0.00000000      0.00000000
 -0.03280000  0.13626255E+02  0.54097176E-01      0.00000000      0.00000000
 -0.03260000  0.13681128E+02  0.54503262E-01      0.00000000      0.00000000
 -0.03240000  0.13735636E+02  0.54916322E-01      0.00000000      0.00000000
 -0.03220000  0.13790632E+02  0.55336058E-01      0.00000000      0.00000000
 -0.03200000  0.13846828E+02  0.55768549E-01      0.00000000      0.00000000
 -0.03180000  0.13902788E+02  0.56191385E-01      0.00000000      0.00000000
 -0.03160000  0.13959835E+02  0.56642950E-01      0.00000000      0.00000000
 -0.03140000  0.14016048E+02  0.57080567E-01      0.00000000      0.00000000
 -0.03120000  0.14073277E+02  0.57532847E-01      0.00000000      0.00000000
 -0.03100000  0.14130035E+02  0.57976842E-01      0.00000000      0.00000000
 -0.03080000  0.14188456E+02  0.58447540E-01      0.00000000      0.00000000
 -0.03060000  0.14247068E+02  0.58909118E-01      0.00000000      0.00000000
 -0.03040000  0.14306690E+02  0.59390962E-01      0.00000000      0.00000000
 -0.03020000  0.14366234E+02  0.59842408E-01      0.00000000      0.00000000
 -0.03000000  0.14426434E+02  0.60311913E-01      0.00000000      0.00000000
 -0.02980000  0.14487503E+02  0.60798645E-01      0.00000000      0.00000000
 -0.02960000  0.14548584E+02  0.61297894E-01      0.00000000      0.00000000
 -0.02940000  0.14610092E+02  0.61807990E-01      0.00000000      0.00000000
 -0.02920000  0.14671738E+02  0.62303305E-01      0.00000000      0.00000000
 -0.02900000  0.14734093E+02  0.62812686E-01      0.00000000      0.00000000
 -0.02880000  0.14797886E+02  0.63334703E-01      0.00000000      0.00000000
 -0.02860000  0.14861057E+02  0.63844204E-01      0.00000000      0.00000000
 -0.02840000  0.14925236E+02  0.64378977E-01      0.00000000      0.00000000
 -0.02820000  0.14989944E+02  0.64908981E-01      0.00000000      0.00000000
 -0.02800000  0.15055367E+02  0.65449595E-01      0.00000000      0.00000000
 -0.02780000  0.15121014E+02  0.65993190E-01      0.00000000      0.00000000
 -0.02760000  0.15187393E+02  0.66557765E-01      0.00000000      0.00000000
 -0.02740000  0.15254044E+02  0.67123294E-01      0.00000000      0.00000000
 -0.02720000  0.15320641E+02  0.67708969E-01      0.00000000      0.00000000
 -0.02700000  0.15388336E+02  0.68262815E-01      0.00000000      0.00000000
 -0.02680000  0.15456879E+02  0.68864822E-01      0.00000000      0.00000000
 -0.02660000  0.15526802E+02  0.69441557E-01      0.00000000      0.00000000
 -0.02640000  0.15597145E+02  0.70046186E-01      0.00000000      0.00000000
 -0.02620000  0.15666821E+02  0.70640326E-01      0.00000000      0.00000000
 -0.02600000  0.15736549E+02  0.71227312E-01      0.00000000      0.00000000
 -0.02580000  0.15808128E+02  0.71863174E-01      0.00000000      0.00000000
 -0.02560000  0.15879448E+02  0.72500944E-01      0.00000000      0.00000000
 -0.02540000  0.15952164E+02  0.73136806E-01      0.00000000      0.00000000
 -0.02520000  0.16025658E+02  0.73788643E-01      0.00000000      0.00000000
 -0.02500000  0.16099602E+02  0.74453354E-01      0.00000000      0.00000000
 -0.02480000  0.16175827E+02  0.75134277E-01      0.00000000      0.00000000
 -0.02460000  0.16252289E+02  0.75800419E-01      0.00000000      0.00000000
 -0.02440000  0.16328247E+02  0.76457024E-01      0.00000000      0.00000000
 -0.02420000  0.16406113E+02  0.77183723E-01      0.00000000      0.00000000
 -0.02400000  0.16482910E+02  0.77868462E-01      0.00000000      0.00000000
 -0.02380000  0.16559921E+02  0.78577995E-01      0.00000000      0.00000000
 -0.02360000  0.16638153E+02  0.79282761E-01      0.00000000      0.00000000
 -0.02340000  0.16719009E+02  0.80036163E-01      0.00000000      0.00000000
 -0.02320000  0.16799118E+02  0.80768585E-01      0.00000000      0.00000000
 -0.02300000  0.16879822E+02  0.81504822E-01      0.00000000      0.00000000
 -0.02280000  0.16962219E+02  0.82267761E-01      0.00000000      0.00000000
 -0.02260000  0.17045197E+02  0.83061218E-01      0.00000000      0.00000000
 -0.02240000  0.17127808E+02  0.83816528E-01      0.00000000      0.00000000
 -0.02220000  0.17212891E+02  0.84564209E-01      0.00000000      0.00000000
 -0.02200000  0.17298317E+02  0.85510254E-01      0.00000000      0.00000000
 -0.02180000  0.17383881E+02  0.86303711E-01      0.00000000      0.00000000
 -0.02160000  0.17471100E+02  0.87081909E-01      0.00000000      0.00000000
 -0.02140000  0.17558517E+02  0.87936401E-01      0.00000000      0.00000000
 -0.02120000  0.17646667E+02  0.88798523E-01      0.00000000      0.00000000
 -0.02100000  0.17735107E+02  0.89668274E-01      0.00000000      0.00000000
 -0.02080000  0.17824364E+02  0.90545654E-01      0.00000000      0.00000000
 -0.02060000  0.17915895E+02  0.91426849E-01      0.00000000      0.00000000
 -0.02040000  0.18006893E+02  0.92330933E-01      0.00000000      0.00000000
 -0.02020000  0.18099728E+02  0.93227386E-01      0.00000000      0.00000000
 -0.02000000  0.18194893E+02  0.94188690E-01      0.00000000      0.00000000
 -0.01980000  0.18289574E+02  0.95153809E-01      0.00000000      0.00000000
 -0.01960000  0.18385101E+02  0.96111298E-01      0.00000000      0.00000000
 -0.01940000  0.18481232E+02  0.97076416E-01      0.00000000      0.00000000
 -0.01920000  0.18579102E+02  0.98060608E-01      0.00000000      0.00000000
 -0.01900000  0.18678009E+02  0.99060059E-01      0.00000000      0.00000000
 -0.01880000  0.18777496E+02  0.10015869E+00      0.00000000      0.00000000
 -0.01860000  0.18876678E+02  0.10113525E+00      0.00000000      0.00000000
 -0.01840000  0.18978424E+02  0.10220337E+00      0.00000000      0.00000000
 -0.01820000  0.19081390E+02  0.10325623E+00      0.00000000      0.00000000
 -0.01800000  0.19185822E+02  0.10434723E+00      0.00000000      0.00000000
 -0.01780000  0.19289658E+02  0.10543060E+00      0.00000000      0.00000000
 -0.01760000  0.19395996E+02  0.10656738E+00      0.00000000      0.00000000
 -0.01740000  0.19502228E+02  0.10768890E+00      0.00000000      0.00000000
 -0.01720000  0.19611588E+02  0.10884285E+00      0.00000000      0.00000000
 -0.01700000  0.19721756E+02  0.11004257E+00      0.00000000      0.00000000
 -0.01680000  0.19832993E+02  0.11126328E+00      0.00000000      0.00000000
 -0.01660000  0.19945450E+02  0.11249065E+00      0.00000000      0.00000000
 -0.01640000  0.20059532E+02  0.11370754E+00      0.00000000      0.00000000
 -0.01620000  0.20173889E+02  0.11497974E+00      0.00000000      0.00000000
 -0.01600000  0.20290543E+02  0.11623287E+00      0.00000000      0.00000000
 -0.01580000  0.20406143E+02  0.11757135E+00      0.00000000      0.00000000
 -0.01560000  0.20524940E+02  0.11890173E+00      0.00000000      0.00000000
 -0.01540000  0.20643120E+02  0.12023163E+00      0.00000000      0.00000000
 -0.01520000  0.20764023E+02  0.12159991E+00      0.00000000      0.00000000
 -0.01500000  0.20885468E+02  0.12297535E+00      0.00000000      0.00000000
 -0.01480000  0.21010628E+02  0.12440562E+00      0.00000000      0.00000000
 -0.01460000  0.21134949E+02  0.12583375E+00      0.00000000      0.00000000
 -0.01440000  0.21261600E+02  0.12731242E+00      0.00000000      0.00000000
 -0.01420000  0.21390858E+02  0.12880445E+00      0.00000000      0.00000000
 -0.01400000  0.21519268E+02  0.13028836E+00      0.00000000      0.00000000
 -0.01380000  0.21650402E+02  0.13183284E+00      0.00000000      0.00000000
 -0.01360000  0.21782558E+02  0.13341820E+00      0.00000000      0.00000000
 -0.01340000  0.21917122E+02  0.13501608E+00      0.00000000      0.00000000
 -0.01320000  0.22053303E+02  0.13666666E+00      0.00000000      0.00000000
 -0.01300000  0.22190147E+02  0.13830900E+00      0.00000000      0.00000000
 -0.01280000  0.22329334E+02  0.13999212E+00      0.00000000      0.00000000
 -0.01260000  0.22470749E+02  0.14171195E+00      0.00000000      0.00000000
 -0.01240000  0.22612812E+02  0.14347255E+00      0.00000000      0.00000000
 -0.01220000  0.22756359E+02  0.14526832E+00      0.00000000      0.00000000
 -0.01200000  0.22901588E+02  0.14706731E+00      0.00000000      0.00000000
 -0.01180000  0.23050278E+02  0.14891231E+00      0.00000000      0.00000000
 -0.01160000  0.23201160E+02  0.15081227E+00      0.00000000      0.00000000
 -0.01140000  0.23353916E+02  0.15274769E+00      0.00000000      0.00000000
 -0.01120000  0.23507256E+02  0.15472853E+00      0.00000000      0.00000000
 -0.01100000  0.23664642E+02  0.15676701E+00      0.00000000      0.00000000
 -0.01080000  0.23821142E+02  0.15878087E+00      0.00000000      0.00000000
 -0.01060000  0.23980719E+02  0.16085386E+00      0.00000000      0.00000000
 -0.01040000  0.24143242E+02  0.16298413E+00      0.00000000      0.00000000
 -0.01020000  0.24306124E+02  0.16513228E+00      0.00000000      0.00000000
 -0.01000000  0.24471636E+02  0.16731375E+00      0.00000000      0.00000000
 -0.00980000  0.24641073E+02  0.16954482E+00      0.00000000      0.00000000
 -0.00960000  0.24811773E+02  0.17182684E+00      0.00000000      0.00000000
 -0.00940000  0.24985821E+02  0.17421931E+00      0.00000000      0.00000000
 -0.00920000  0.25160091E+02  0.17665005E+00      0.00000000      0.00000000
 -0.00900000  0.25338268E+02  0.17904764E+00      0.00000000      0.00000000
 -0.00880000  0.25516495E+02  0.18150991E+00      0.00000000      0.00000000
 -0.00860000  0.25698172E+02  0.18403941E+00      0.00000000      0.00000000
 -0.00840000  0.25883961E+02  0.18668330E+00      0.00000000      0.00000000
 -0.00820000  0.26073601E+02  0.18935576E+00      0.00000000      0.00000000
 -0.00800000  0.26263309E+02  0.19202438E+00      0.00000000      0.00000000
 -0.00780000  0.26457153E+02  0.19476846E+00      0.00000000      0.00000000
 -0.00760000  0.26652397E+02  0.19762528E+00      0.00000000      0.00000000
 -0.00740000  0.26851810E+02  0.20053855E+00      0.00000000      0.00000000
 -0.00720000  0.27055927E+02  0.20349738E+00      0.00000000      0.00000000
 -0.00700000  0.27260128E+02  0.20654213E+00      0.00000000      0.00000000
 -0.00680000  0.27465788E+02  0.20959231E+00      0.00000000      0.00000000
 -0.00660000  0.27675295E+02  0.21274787E+00      0.00000000      0.00000000
 -0.00640000  0.27889427E+02  0.21595740E+00      0.00000000      0.00000000
 -0.00620000  0.28108372E+02  0.21928436E+00      0.00000000      0.00000000
 -0.00600000  0.28330921E+02  0.22275883E+00      0.00000000      0.00000000
 -0.00580000  0.28555002E+02  0.22618219E+00      0.00000000      0.00000000
 -0.00560000  0.28782707E+02  0.22975448E+00      0.00000000      0.00000000
 -0.00540000  0.29014772E+02  0.23337181E+00      0.00000000      0.00000000
 -0.00520000  0.29250248E+02  0.23707923E+00      0.00000000      0.00000000
 -0.00500000  0.29489159E+02  0.24086976E+00      0.00000000      0.00000000
 -0.00480000  0.29729671E+02  0.24476829E+00      0.00000000      0.00000000
 -0.00460000  0.29977234E+02  0.24876285E+00      0.00000000      0.00000000
 -0.00440000  0.30225441E+02  0.25281096E+00      0.00000000      0.00000000
 -0.00420000  0.30479141E+02  0.25693035E+00      0.00000000      0.00000000
 -0.00400000  0.30737431E+02  0.26118872E+00      0.00000000      0.00000000
 -0.00380000  0.31005392E+02  0.26575258E+00      0.00000000      0.00000000
 -0.00360000  0.31274200E+02  0.27031508E+00      0.00000000      0.00000000
 -0.00340000  0.31547579E+02  0.27501434E+00      0.00000000      0.00000000
 -0.00320000  0.31823799E+02  0.27969393E+00      0.00000000      0.00000000
 -0.00300000  0.32105118E+02  0.28459299E+00      0.00000000      0.00000000
 -0.00280000  0.32391422E+02  0.28957543E+00      0.00000000      0.00000000
 -0.00260000  0.32681183E+02  0.29470712E+00      0.00000000      0.00000000
 -0.00240000  0.32978691E+02  0.30003178E+00      0.00000000      0.00000000
 -0.00220000  0.33283352E+02  0.30552357E+00      0.00000000      0.00000000
 -0.00200000  0.33589977E+02  0.31105709E+00      0.00000000      0.00000000
 -0.00180000  0.33903904E+02  0.31679177E+00      0.00000000      0.00000000
 -0.00160000  0.34224140E+02  0.32272583E+00      0.00000000      0.00000000
 -0.00140000  0.34550194E+02  0.32870722E+00      0.00000000      0.00000000
 -0.00120000  0.34881935E+02  0.33499461E+00      0.00000000      0.00000000
 -0.00100000  0.35219898E+02  0.34144026E+00      0.00000000      0.00000000
 -0.00080000  0.35565189E+02  0.34803244E+00      0.00000000      0.00000000
 -0.00060000  0.35916824E+02  0.35485700E+00      0.00000000      0.00000000
 -0.00040000  0.36274559E+02  0.36194819E+00      0.00000000      0.00000000
 -0.00020000  0.36642601E+02  0.36919385E+00      0.00000000      0.00000000
  0.00000000  0.37018513E+02  0.37664893E+00      0.00000000      0.00000000
  0.00020000  0.37397511E+02  0.38427186E+00      0.00000000      0.00000000
  0.00040000  0.37784138E+02  0.39221275E+00      0.00000000      0.00000000
  0.00060000  0.38183250E+02  0.40050694E+00      0.00000000      0.00000000
  0.00080000  0.38584633E+02  0.40884638E+00      0.00000000      0.00000000
  0.00100000  0.39004551E+02  0.41770008E+00      0.00000000      0.00000000
  0.00120000  0.39424129E+02  0.42671597E+00      0.00000000      0.00000000
  0.00140000  0.39855232E+02  0.43583524E+00      0.00000000      0.00000000
  0.00160000  0.40297588E+02  0.44548497E+00      0.00000000      0.00000000
  0.00180000  0.40743130E+02  0.45535162E+00      0.00000000      0.00000000
  0.00200000  0.41208893E+02  0.46562585E+00      0.00000000      0.00000000
  0.00220000  0.41677261E+02  0.47625661E+00      0.00000000      0.00000000
  0.00240000  0.42157307E+02  0.48716810E+00      0.00000000      0.00000000
  0.00260000  0.42653748E+02  0.49862289E+00      0.00000000      0.00000000
  0.00280000  0.43151604E+02  0.51014316E+00      0.00000000      0.00000000
  0.00300000  0.43670803E+02  0.52238387E+00      0.00000000      0.00000000
  0.00320000  0.44201057E+02  0.53508103E+00      0.00000000      0.00000000
  0.00340000  0.44739124E+02  0.54806727E+00      0.00000000      0.00000000
  0.00360000  0.45297626E+02  0.56184143E+00      0.00000000      0.00000000
  0.00380000  0.45860180E+02  0.57574362E+00      0.00000000      0.00000000
  0.00400000  0.46437752E+02  0.59012097E+00      0.00000000      0.00000000
  0.00420000  0.47044281E+02  0.60556746E+00      0.00000000      0.00000000
  0.00440000  0.47659042E+02  0.62144291E+00      0.00000000      0.00000000
  0.00460000  0.48285824E+02  0.63781488E+00      0.00000000      0.00000000
  0.00480000  0.48924858E+02  0.65475386E+00      0.00000000      0.00000000
  0.00500000  0.49590511E+02  0.67264986E+00      0.00000000      0.00000000
  0.00520000  0.50283726E+02  0.69142282E+00      0.00000000      0.00000000
  0.00540000  0.50987186E+02  0.71093684E+00      0.00000000      0.00000000
  0.00560000  0.51706654E+02  0.73112744E+00      0.00000000      0.00000000
  0.00580000  0.52438812E+02  0.75204825E+00      0.00000000      0.00000000
  0.00600000  0.53199783E+02  0.77392626E+00      0.00000000      0.00000000
  0.00620000  0.53984299E+02  0.79686773E+00      0.00000000      0.00000000
  0.00640000  0.54790733E+02  0.82069778E+00      0.00000000      0.00000000
  0.00660000  0.55617382E+02  0.84575367E+00      0.00000000      0.00000000
  0.00680000  0.56482712E+02  0.87221777E+00      0.00000000      0.00000000
  0.00700000  0.57362061E+02  0.89959294E+00      0.00000000      0.00000000
  0.00720000  0.58271957E+02  0.92835677E+00      0.00000000      0.00000000
  0.00740000  0.59222515E+02  0.95907211E+00      0.00000000      0.00000000
  0.00760000  0.60197620E+02  0.99101961E+00      0.00000000      0.00000000
  0.00780000  0.61191544E+02  0.10243865E+01      0.00000000      0.00000000
  0.00800000  0.62238808E+02  0.10597792E+01      0.00000000      0.00000000
  0.00820000  0.63319675E+02  0.10971835E+01      0.00000000      0.00000000
  0.00840000  0.64442154E+02  0.11367145E+01      0.00000000      0.00000000
  0.00860000  0.65594467E+02  0.11780038E+01      0.00000000      0.00000000
  0.00880000  0.66776291E+02  0.12212613E+01      0.00000000      0.00000000
  0.00900000  0.68025200E+02  0.12676175E+01      0.00000000      0.00000000
  0.00920000  0.69333237E+02  0.13172046E+01      0.00000000      0.00000000
  0.00940000  0.70663979E+02  0.13686897E+01      0.00000000      0.00000000
  0.00960000  0.72069061E+02  0.14242401E+01      0.00000000      0.00000000
  0.00980000  0.73526169E+02  0.14833090E+01      0.00000000      0.00000000
  0.01000000  0.75023689E+02  0.15452051E+01      0.00000000      0.00000000
  0.01020000  0.76602806E+02  0.16122034E+01      0.00000000      0.00000000
  0.01040000  0.78251434E+02  0.16831009E+01      0.00000000      0.00000000
  0.01060000  0.79957741E+02  0.17589269E+01      0.00000000      0.00000000
  0.01080000  0.81760300E+02  0.18409302E+01      0.00000000      0.00000000
  0.01100000  0.83662300E+02  0.19290490E+01      0.00000000      0.00000000
  0.01120000  0.85672089E+02  0.20243564E+01      0.00000000      0.00000000
  0.01140000  0.87741760E+02  0.21259570E+01      0.00000000      0.00000000
  0.01160000  0.89926437E+02  0.22359738E+01      0.00000000      0.00000000
  0.01180000  0.92213440E+02  0.23539958E+01      0.00000000      0.00000000
  0.01200000  0.94627319E+02  0.24826231E+01      0.00000000      0.00000000
  0.01220000  0.97139999E+02  0.26198287E+01      0.00000000      0.00000000
  0.01240000  0.99792648E+02  0.27692401E+01      0.00000000      0.00000000
  0.01260000  0.10265958E+03  0.29366708E+01      0.00000000      0.00000000
  0.01280000  0.10567659E+03  0.31179643E+01      0.00000000      0.00000000
  0.01300000  0.10888547E+03  0.33173232E+01      0.00000000      0.00000000
  0.01320000  0.11228244E+03  0.35356064E+01      0.00000000      0.00000000
  0.01340000  0.11598036E+03  0.37826290E+01      0.00000000      0.00000000
  0.01360000  0.11988173E+03  0.40538936E+01      0.00000000      0.00000000
  0.01380000  0.12411399E+03  0.43592892E+01      0.00000000      0.00000000
  0.01400000  0.12861455E+03  0.46970735E+01      0.00000000      0.00000000
  0.01420000  0.13345079E+03  0.50776653E+01      0.00000000      0.00000000
  0.01440000  0.13870390E+03  0.55089445E+01      0.00000000      0.00000000
  0.01460000  0.14441763E+03  0.60022779E+01      0.00000000      0.00000000
  0.01480000  0.15063939E+03  0.65650711E+01      0.00000000      0.00000000
  0.01500000  0.15745544E+03  0.72167377E+01      0.00000000      0.00000000
  0.01520000  0.16496768E+03  0.79773731E+01      0.00000000      0.00000000
  0.01540000  0.17348648E+03  0.88912840E+01      0.00000000      0.00000000
  0.01560000  0.18287970E+03  0.99702654E+01      0.00000000      0.00000000
  0.01580000  0.19340582E+03  0.11260518E+02      0.00000000      0.00000000
  0.01600000  0.20537671E+03  0.12842609E+02      0.00000000      0.00000000
  0.01619999  0.21911273E+03  0.14809147E+02      0.00000000      0.00000000
  0.01640000  0.23485248E+03  0.17271446E+02      0.00000000      0.00000000
  0.01660000  0.25331470E+03  0.20450003E+02      0.00000000      0.00000000
  0.01680000  0.27530960E+03  0.24650759E+02      0.00000000      0.00000000
  0.01700000  0.30182318E+03  0.30351473E+02      0.00000000      0.00000000
  0.01720000  0.33491205E+03  0.38471840E+02      0.00000000      0.00000000
  0.01740000  0.37693909E+03  0.50494812E+02      0.00000000      0.00000000
  0.01760000  0.43307211E+03  0.69748474E+02      0.00000000      0.00000000
  0.01780000  0.51137323E+03  0.10328677E+03      0.00000000      0.00000000
  0.01800000  0.62555206E+03  0.16879434E+03      0.00000000      0.00000000
  0.01820000  0.79559192E+03  0.31771527E+03      0.00000000      0.00000000
  0.01840000  0.99663385E+03  0.75937567E+03      0.00000000      0.00000000
  0.01860000  0.49564923E+03  0.15928274E+04      0.00000000      0.00000000
  0.01880000 -0.62008453E+03  0.13239077E+04      0.00000000      0.00000000
  0.01900000 -0.70745312E+03  0.54390039E+03      0.00000000      0.00000000
  0.01920000 -0.49454486E+03  0.25385509E+03      0.00000000      0.00000000
  0.01940000 -0.33823755E+03  0.14526453E+03      0.00000000      0.00000000
  0.01960000 -0.23226988E+03  0.97689957E+02      0.00000000      0.00000000
  0.01980000 -0.15388904E+03  0.73822891E+02      0.00000000      0.00000000
  0.02000000 -0.90000259E+02  0.61336887E+02      0.00000000      0.00000000
  0.02020000 -0.33984421E+02  0.55659248E+02      0.00000000      0.00000000
  0.02040000  0.20112782E+02  0.55048386E+02      0.00000000      0.00000000
  0.02060000  0.74751358E+02  0.59320427E+02      0.00000000      0.00000000
  0.02080000  0.13621628E+03  0.69753410E+02      0.00000000      0.00000000
  0.02100000  0.20992020E+03  0.89866608E+02      0.00000000      0.00000000
  0.02120000  0.30826877E+03  0.12961514E+03      0.00000000      0.00000000
  0.02140000  0.44771576E+03  0.21402982E+03      0.00000000      0.00000000
  0.02160000  0.65370764E+03  0.43163428E+03      0.00000000      0.00000000
  0.02180000  0.77508575E+03  0.10762245E+04      0.00000000      0.00000000
  0.02200000 -0.20225882E+03  0.17528098E+04      0.00000000      0.00000000
  0.02220000 -0.10243191E+04  0.94540710E+03      0.00000000      0.00000000
  0.02240000 -0.85482568E+03  0.38222931E+03      0.00000000      0.00000000
  0.02260000 -0.66491748E+03  0.19361191E+03      0.00000000      0.00000000
  0.02280000 -0.53805603E+03  0.11515376E+03      0.00000000      0.00000000
  0.02300000 -0.45368311E+03  0.76794556E+02      0.00000000      0.00000000
  0.02320000 -0.39303265E+03  0.54922989E+02      0.00000000      0.00000000
  0.02340000 -0.34752225E+03  0.41328449E+02      0.00000000      0.00000000
  0.02360000 -0.31187177E+03  0.32244122E+02      0.00000000      0.00000000
  0.02380000 -0.28370569E+03  0.25997458E+02      0.00000000      0.00000000
  0.02400000 -0.26063010E+03  0.21462721E+02      0.00000000      0.00000000
  0.02420000 -0.24113992E+03  0.18021387E+02      0.00000000      0.00000000
  0.02440000 -0.22465378E+03  0.15389679E+02      0.00000000      0.00000000
  0.02460000 -0.21063489E+03  0.13338093E+02      0.00000000      0.00000000
  0.02480000 -0.19825500E+03  0.11666652E+02      0.00000000      0.00000000
  0.02500000 -0.18738971E+03  0.10310431E+02      0.00000000      0.00000000
  0.02520000 -0.17763885E+03  0.91724567E+01      0.00000000      0.00000000
  0.02540000 -0.16902985E+03  0.82318115E+01      0.00000000      0.00000000
  0.02560000 -0.16130411E+03  0.74375958E+01      0.00000000      0.00000000
  0.02580000 -0.15424036E+03  0.67522979E+01      0.00000000      0.00000000
  0.02600000 -0.14773109E+03  0.61524715E+01      0.00000000      0.00000000
  0.02620000 -0.14188504E+03  0.56409235E+01      0.00000000      0.00000000
  0.02640000 -0.13649899E+03  0.51930637E+01      0.00000000      0.00000000
  0.02660000 -0.13158949E+03  0.48033609E+01      0.00000000      0.00000000
  0.02680000 -0.12695174E+03  0.44495859E+01      0.00000000      0.00000000
  0.02700000 -0.12269592E+03  0.41386662E+01      0.00000000      0.00000000
  0.02720000 -0.11871095E+03  0.38597012E+01      0.00000000      0.00000000
  0.02740000 -0.11497771E+03  0.36075056E+01      0.00000000      0.00000000
  0.02760000 -0.11147716E+03  0.33802686E+01      0.00000000      0.00000000
  0.02780000 -0.10822492E+03  0.31754534E+01      0.00000000      0.00000000
  0.02800000 -0.10513695E+03  0.29881310E+01      0.00000000      0.00000000
  0.02820000 -0.10226794E+03  0.28200507E+01      0.00000000      0.00000000
  0.02840000 -0.99516052E+02  0.26634438E+01      0.00000000      0.00000000
  0.02860000 -0.96926933E+02  0.25201817E+01      0.00000000      0.00000000
  0.02880000 -0.94459946E+02  0.23882940E+01      0.00000000      0.00000000
  0.02900000 -0.92116890E+02  0.22660542E+01      0.00000000      0.00000000
  0.02920000 -0.89912933E+02  0.21542692E+01      0.00000000      0.00000000
  0.02940000 -0.87823944E+02  0.20512600E+01      0.00000000      0.00000000
  0.02959999 -0.85813782E+02  0.19549042E+01      0.00000000      0.00000000
  0.02980000 -0.83912102E+02  0.18657959E+01      0.00000000      0.00000000
  0.03000000 -0.82079132E+02  0.17822782E+01      0.00000000      0.00000000
  0.03020000 -0.80343872E+02  0.17052747E+01      0.00000000      0.00000000
  0.03040000 -0.78672028E+02  0.16322849E+01      0.00000000      0.00000000
  0.03060000 -0.77069420E+02  0.15642601E+01      0.00000000      0.00000000
  0.03080000 -0.75536270E+02  0.15005460E+01      0.00000000      0.00000000
  0.03100000 -0.74087006E+02  0.14414985E+01      0.00000000      0.00000000
  0.03120000 -0.72653610E+02  0.13846557E+01      0.00000000      0.00000000
  0.03140000 -0.71298409E+02  0.13317637E+01      0.00000000      0.00000000
  0.03160000 -0.69978416E+02  0.12812748E+01      0.00000000      0.00000000
  0.03179999 -0.68744965E+02  0.12350070E+01      0.00000000      0.00000000
  0.03200001 -0.67545654E+02  0.11908846E+01      0.00000000      0.00000000
  0.03220000 -0.66367035E+02  0.11483992E+01      0.00000000      0.00000000
  0.03240000 -0.65239326E+02  0.11086481E+01      0.00000000      0.00000000
  0.03260000 -0.64151291E+02  0.10706530E+01      0.00000000      0.00000000
  0.03280000 -0.63085403E+02  0.10344198E+01      0.00000000      0.00000000
  0.03300000 -0.62070389E+02  0.10002614E+01      0.00000000      0.00000000
  0.03320000 -0.61094955E+02  0.96814704E+00      0.00000000      0.00000000
  0.03340000 -0.60152100E+02  0.93785107E+00      0.00000000      0.00000000
  0.03360000 -0.59227531E+02  0.90826893E+00      0.00000000      0.00000000
  0.03380000 -0.58329090E+02  0.88007414E+00      0.00000000      0.00000000
  0.03399999 -0.57463654E+02  0.85350305E+00      0.00000000      0.00000000
  0.03420001 -0.56632557E+02  0.82834089E+00      0.00000000      0.00000000
  0.03440000 -0.55819077E+02  0.80406713E+00      0.00000000      0.00000000
  0.03460000 -0.55020287E+02  0.78054392E+00      0.00000000      0.00000000
  0.03479999 -0.54248165E+02  0.75805223E+00      0.00000000      0.00000000
  0.03500000 -0.53501198E+02  0.73669773E+00      0.00000000      0.00000000
  0.03520000 -0.52775230E+02  0.71640205E+00      0.00000000      0.00000000
  0.03540000 -0.52070438E+02  0.69672549E+00      0.00000000      0.00000000
  0.03560000 -0.51372871E+02  0.67775053E+00      0.00000000      0.00000000
  0.03580000 -0.50704124E+02  0.65969467E+00      0.00000000      0.00000000
  0.03600000 -0.50057693E+02  0.64247704E+00      0.00000000      0.00000000
  0.03619999 -0.49431149E+02  0.62603283E+00      0.00000000      0.00000000
  0.03640000 -0.48812031E+02  0.60990727E+00      0.00000000      0.00000000
  0.03660000 -0.48213192E+02  0.59481537E+00      0.00000000      0.00000000
  0.03680000 -0.47627079E+02  0.58010697E+00      0.00000000      0.00000000
  0.03700000 -0.47051933E+02  0.56572437E+00      0.00000000      0.00000000
  0.03720000 -0.46491104E+02  0.55190784E+00      0.00000000      0.00000000
  0.03740000 -0.45952560E+02  0.53889287E+00      0.00000000      0.00000000
  0.03760000 -0.45421047E+02  0.52618551E+00      0.00000000      0.00000000
  0.03780000 -0.44893806E+02  0.51365358E+00      0.00000000      0.00000000
  0.03800000 -0.44385559E+02  0.50179303E+00      0.00000000      0.00000000
  0.03820000 -0.43882851E+02  0.49032736E+00      0.00000000      0.00000000
  0.03839999 -0.43403538E+02  0.47926271E+00      0.00000000      0.00000000
  0.03860000 -0.42928741E+02  0.46855539E+00      0.00000000      0.00000000
  0.03880000 -0.42464237E+02  0.45819497E+00      0.00000000      0.00000000
  0.03900000 -0.42013195E+02  0.44824839E+00      0.00000000      0.00000000
  0.03920000 -0.41571129E+02  0.43844432E+00      0.00000000      0.00000000
  0.03940000 -0.41134544E+02  0.42911083E+00      0.00000000      0.00000000
  0.03960000 -0.40711960E+02  0.42010289E+00      0.00000000      0.00000000
  0.03980000 -0.40288357E+02  0.41103381E+00      0.00000000      0.00000000
  0.04000000 -0.39885757E+02  0.40268713E+00      0.00000000      0.00000000
  0.04020000 -0.39492874E+02  0.39459211E+00      0.00000000      0.00000000
  0.04040000 -0.39097267E+02  0.38652748E+00      0.00000000      0.00000000
  0.04060000 -0.38717972E+02  0.37888151E+00      0.00000000      0.00000000
  0.04080000 -0.38342274E+02  0.37123808E+00      0.00000000      0.00000000
  0.04100000 -0.37977318E+02  0.36396611E+00      0.00000000      0.00000000
  0.04120000 -0.37617878E+02  0.35692990E+00      0.00000000      0.00000000
  0.04140000 -0.37264694E+02  0.35015166E+00      0.00000000      0.00000000
  0.04160000 -0.36917469E+02  0.34345984E+00      0.00000000      0.00000000
  0.04180000 -0.36577496E+02  0.33691809E+00      0.00000000      0.00000000
  0.04200000 -0.36243095E+02  0.33058894E+00      0.00000000      0.00000000
  0.04220000 -0.35919601E+02  0.32457206E+00      0.00000000      0.00000000
  0.04240000 -0.35596771E+02  0.31859106E+00      0.00000000      0.00000000
  0.04260000 -0.35281933E+02  0.31280792E+00      0.00000000      0.00000000
  0.04280000 -0.34967316E+02  0.30709809E+00      0.00000000      0.00000000
  0.04300000 -0.34664635E+02  0.30164295E+00      0.00000000      0.00000000
  0.04320000 -0.34362335E+02  0.29626390E+00      0.00000000      0.00000000
  0.04340000 -0.34068344E+02  0.29111743E+00      0.00000000      0.00000000
  0.04360000 -0.33784950E+02  0.28613546E+00      0.00000000      0.00000000
  0.04380000 -0.33501293E+02  0.28121471E+00      0.00000000      0.00000000
  0.04400000 -0.33221085E+02  0.27633232E+00      0.00000000      0.00000000
  0.04420000 -0.32944935E+02  0.27157071E+00      0.00000000      0.00000000
  0.04440000 -0.32676674E+02  0.26705790E+00      0.00000000      0.00000000
  0.04460000 -0.32409603E+02  0.26253805E+00      0.00000000      0.00000000
  0.04480000 -0.32149345E+02  0.25826487E+00      0.00000000      0.00000000
  0.04500000 -0.31896479E+02  0.25409564E+00      0.00000000      0.00000000
  0.04520000 -0.31641500E+02  0.24990192E+00      0.00000000      0.00000000
  0.04539999 -0.31394812E+02  0.24587578E+00      0.00000000      0.00000000
  0.04560000 -0.31148781E+02  0.24189579E+00      0.00000000      0.00000000
  0.04580000 -0.30910929E+02  0.23811144E+00      0.00000000      0.00000000
  0.04600000 -0.30672886E+02  0.23432645E+00      0.00000000      0.00000000
  0.04620000 -0.30443056E+02  0.23070642E+00      0.00000000      0.00000000
  0.04640000 -0.30215313E+02  0.22714227E+00      0.00000000      0.00000000
  0.04660000 -0.29990391E+02  0.22366485E+00      0.00000000      0.00000000
  0.04680000 -0.29767338E+02  0.22026569E+00      0.00000000      0.00000000
  0.04700000 -0.29549572E+02  0.21693066E+00      0.00000000      0.00000000
  0.04720000 -0.29332767E+02  0.21362600E+00      0.00000000      0.00000000
  0.04740000 -0.29121147E+02  0.21049777E+00      0.00000000      0.00000000
  0.04759999 -0.28908182E+02  0.20730957E+00      0.00000000      0.00000000
  0.04780000 -0.28702618E+02  0.20427185E+00      0.00000000      0.00000000
  0.04800000 -0.28501705E+02  0.20135163E+00      0.00000000      0.00000000
  0.04820000 -0.28298872E+02  0.19843446E+00      0.00000000      0.00000000
  0.04840000 -0.28103842E+02  0.19557115E+00      0.00000000      0.00000000
  0.04860000 -0.27909277E+02  0.19276986E+00      0.00000000      0.00000000
  0.04880000 -0.27720039E+02  0.19008890E+00      0.00000000      0.00000000
  0.04899999 -0.27532463E+02  0.18739703E+00      0.00000000      0.00000000
  0.04920000 -0.27345238E+02  0.18474919E+00      0.00000000      0.00000000
  0.04940000 -0.27161306E+02  0.18222669E+00      0.00000000      0.00000000
  0.04960000 -0.26980030E+02  0.17973140E+00      0.00000000      0.00000000
  0.04979999 -0.26801865E+02  0.17727120E+00      0.00000000      0.00000000
  0.05000000 -0.26625320E+02  0.17482385E+00      0.00000000      0.00000000
  0.05020000 -0.26452635E+02  0.17249155E+00      0.00000000      0.00000000
  0.05040000 -0.26280115E+02  0.17018175E+00      0.00000000      0.00000000
  0.05060000 -0.26110451E+02  0.16789693E+00      0.00000000      0.00000000
  0.05080000 -0.25943695E+02  0.16566709E+00      0.00000000      0.00000000
  0.05100000 -0.25780880E+02  0.16354866E+00      0.00000000      0.00000000
  0.05119999 -0.25619097E+02  0.16139609E+00      0.00000000      0.00000000
  0.05140000 -0.25458147E+02  0.15931597E+00      0.00000000      0.00000000
  0.05160000 -0.25299948E+02  0.15724882E+00      0.00000000      0.00000000
  0.05180000 -0.25145809E+02  0.15527466E+00      0.00000000      0.00000000
  0.05199999 -0.24990927E+02  0.15328406E+00      0.00000000      0.00000000
  0.05220000 -0.24836315E+02  0.15131819E+00      0.00000000      0.00000000
  0.05240000 -0.24686480E+02  0.14943497E+00      0.00000000      0.00000000
  0.05260000 -0.24537029E+02  0.14756960E+00      0.00000000      0.00000000
  0.05280000 -0.24390232E+02  0.14572929E+00      0.00000000      0.00000000
  0.05300000 -0.24246649E+02  0.14396982E+00      0.00000000      0.00000000
  0.05320000 -0.24103037E+02  0.14216010E+00      0.00000000      0.00000000
  0.05339999 -0.23962803E+02  0.14048830E+00      0.00000000      0.00000000
  0.05360000 -0.23823648E+02  0.13874473E+00      0.00000000      0.00000000
  0.05380000 -0.23683945E+02  0.13707618E+00      0.00000000      0.00000000
  0.05400000 -0.23546690E+02  0.13544604E+00      0.00000000      0.00000000
  0.05420000 -0.23410812E+02  0.13378978E+00      0.00000000      0.00000000
  0.05440000 -0.23277637E+02  0.13222280E+00      0.00000000      0.00000000
  0.05460000 -0.23146172E+02  0.13064355E+00      0.00000000      0.00000000
  0.05480000 -0.23017708E+02  0.12916687E+00      0.00000000      0.00000000
  0.05500000 -0.22890444E+02  0.12766448E+00      0.00000000      0.00000000
  0.05520000 -0.22764648E+02  0.12620482E+00      0.00000000      0.00000000
  0.05540000 -0.22638363E+02  0.12475727E+00      0.00000000      0.00000000
  0.05560000 -0.22514071E+02  0.12332880E+00      0.00000000      0.00000000
  0.05580000 -0.22392321E+02  0.12196608E+00      0.00000000      0.00000000
  0.05600000 -0.22271839E+02  0.12059101E+00      0.00000000      0.00000000
  0.05620000 -0.22154369E+02  0.11925644E+00      0.00000000      0.00000000
  0.05640000 -0.22035776E+02  0.11792111E+00      0.00000000      0.00000000
  0.05660000 -0.21917173E+02  0.11659797E+00      0.00000000      0.00000000
  0.05680000 -0.21801586E+02  0.11535005E+00      0.00000000      0.00000000
  0.05700000 -0.21686520E+02  0.11406265E+00      0.00000000      0.00000000
  0.05720000 -0.21572935E+02  0.11281503E+00      0.00000000      0.00000000
  0.05740000 -0.21460049E+02  0.11161393E+00      0.00000000      0.00000000
  0.05760000 -0.21348476E+02  0.11036663E+00      0.00000000      0.00000000
  0.05780000 -0.21239817E+02  0.10918359E+00      0.00000000      0.00000000
  0.05800000 -0.21132378E+02  0.10804780E+00      0.00000000      0.00000000
  0.05819999 -0.21023678E+02  0.10689187E+00      0.00000000      0.00000000
  0.05840000 -0.20917154E+02  0.10574649E+00      0.00000000      0.00000000
  0.05860000 -0.20810816E+02  0.10459548E+00      0.00000000      0.00000000
  0.05880000 -0.20706593E+02  0.10350781E+00      0.00000000      0.00000000
  0.05900000 -0.20603844E+02  0.10244870E+00      0.00000000      0.00000000
  0.05920000 -0.20503075E+02  0.10141598E+00      0.00000000      0.00000000
  0.05940000 -0.20401615E+02  0.10037273E+00      0.00000000      0.00000000
  0.05960000 -0.20302200E+02  0.99357963E-01      0.00000000      0.00000000
  0.05980000 -0.20203278E+02  0.98342061E-01      0.00000000      0.00000000
  0.06000000 -0.20104916E+02  0.97341910E-01      0.00000000      0.00000000
  0.06020000 -0.20008579E+02  0.96388757E-01      0.00000000      0.00000000
  0.06039999 -0.19912230E+02  0.95422298E-01      0.00000000      0.00000000
  0.06060000 -0.19817322E+02  0.94451733E-01      0.00000000      0.00000000
  0.06080000 -0.19723257E+02  0.93501270E-01      0.00000000      0.00000000
  0.06100000 -0.19629139E+02  0.92557713E-01      0.00000000      0.00000000
  0.06119999 -0.19537954E+02  0.91656610E-01      0.00000000      0.00000000
  0.06140000 -0.19446955E+02  0.90758726E-01      0.00000000      0.00000000
  0.06160000 -0.19358307E+02  0.89900255E-01      0.00000000      0.00000000
  0.06180000 -0.19268591E+02  0.89038834E-01      0.00000000      0.00000000
  0.06200000 -0.19179823E+02  0.88152349E-01      0.00000000      0.00000000
  0.06220000 -0.19091684E+02  0.87309584E-01      0.00000000      0.00000000
  0.06240000 -0.19005203E+02  0.86496279E-01      0.00000000      0.00000000
  0.06259999 -0.18919500E+02  0.85675105E-01      0.00000000      0.00000000
  0.06280001 -0.18833935E+02  0.84845945E-01      0.00000000      0.00000000
  0.06300000 -0.18749500E+02  0.84033258E-01      0.00000000      0.00000000
  0.06320000 -0.18666035E+02  0.83257169E-01      0.00000000      0.00000000
  0.06339999 -0.18582872E+02  0.82468577E-01      0.00000000      0.00000000
  0.06360000 -0.18501173E+02  0.81710532E-01      0.00000000      0.00000000
  0.06380000 -0.18418953E+02  0.80959201E-01      0.00000000      0.00000000
  0.06400000 -0.18339247E+02  0.80221593E-01      0.00000000      0.00000000
  0.06420000 -0.18258942E+02  0.79483278E-01      0.00000000      0.00000000
  0.06440000 -0.18179874E+02  0.78740217E-01      0.00000000      0.00000000
  0.06460000 -0.18101562E+02  0.78048036E-01      0.00000000      0.00000000
  0.06479999 -0.18024628E+02  0.77369802E-01      0.00000000      0.00000000
  0.06500000 -0.17946951E+02  0.76654561E-01      0.00000000      0.00000000
  0.06520000 -0.17870485E+02  0.75963788E-01      0.00000000      0.00000000
  0.06540000 -0.17794598E+02  0.75275235E-01      0.00000000      0.00000000
  0.06559999 -0.17719488E+02  0.74595541E-01      0.00000000      0.00000000
  0.06580000 -0.17644531E+02  0.73942423E-01      0.00000000      0.00000000
  0.06600000 -0.17570593E+02  0.73303565E-01      0.00000000      0.00000000
  0.06620000 -0.17497629E+02  0.72652400E-01      0.00000000      0.00000000
  0.06640000 -0.17426300E+02  0.72014228E-01      0.00000000      0.00000000
  0.06660000 -0.17354553E+02  0.71384102E-01      0.00000000      0.00000000
  0.06680001 -0.17283806E+02  0.70782587E-01      0.00000000      0.00000000
  0.06699999 -0.17213314E+02  0.70186689E-01      0.00000000      0.00000000
  0.06720000 -0.17143318E+02  0.69585636E-01      0.00000000      0.00000000
  0.06739999 -0.17073736E+02  0.68982922E-01      0.00000000      0.00000000
  0.06760000 -0.17004936E+02  0.68401806E-01      0.00000000      0.00000000
  0.06780000 -0.16936762E+02  0.67799941E-01      0.00000000      0.00000000
  0.06800000 -0.16868748E+02  0.67246884E-01      0.00000000      0.00000000
  0.06820000 -0.16802843E+02  0.66685110E-01      0.00000000      0.00000000
  0.06840000 -0.16736221E+02  0.66129871E-01      0.00000000      0.00000000
  0.06859999 -0.16670179E+02  0.65590665E-01      0.00000000      0.00000000
  0.06880000 -0.16604687E+02  0.65013990E-01      0.00000000      0.00000000
  0.06900001 -0.16539598E+02  0.64473383E-01      0.00000000      0.00000000
  0.06919999 -0.16475691E+02  0.63944571E-01      0.00000000      0.00000000
  0.06940000 -0.16412340E+02  0.63438512E-01      0.00000000      0.00000000
  0.06960000 -0.16349089E+02  0.62927090E-01      0.00000000      0.00000000
  0.06980000 -0.16285583E+02  0.62407479E-01      0.00000000      0.00000000
  0.07000000 -0.16223297E+02  0.61903924E-01      0.00000000      0.00000000
  0.07020000 -0.16161648E+02  0.61407477E-01      0.00000000      0.00000000
  0.07040000 -0.16100914E+02  0.60893990E-01      0.00000000      0.00000000
  0.07060000 -0.16040520E+02  0.60411103E-01      0.00000000      0.00000000
  0.07079999 -0.15979919E+02  0.59922185E-01      0.00000000      0.00000000
  0.07099999 -0.15919527E+02  0.59463792E-01      0.00000000      0.00000000
  0.07120001 -0.15860342E+02  0.58991522E-01      0.00000000      0.00000000
  0.07139999 -0.15801950E+02  0.58539733E-01      0.00000000      0.00000000
  0.07160000 -0.15743318E+02  0.58083147E-01      0.00000000      0.00000000
  0.07180000 -0.15686329E+02  0.57627596E-01      0.00000000      0.00000000
  0.07200000 -0.15628941E+02  0.57178888E-01      0.00000000      0.00000000
  0.07220000 -0.15571922E+02  0.56723855E-01      0.00000000      0.00000000
  0.07239999 -0.15514996E+02  0.56286976E-01      0.00000000      0.00000000
  0.07260000 -0.15458662E+02  0.55848256E-01      0.00000000      0.00000000
  0.07280000 -0.15402767E+02  0.55433903E-01      0.00000000      0.00000000
  0.07299999 -0.15347567E+02  0.54999731E-01      0.00000000      0.00000000
  0.07319999 -0.15293079E+02  0.54583944E-01      0.00000000      0.00000000
  0.07340001 -0.15239117E+02  0.54183185E-01      0.00000000      0.00000000
  0.07359999 -0.15185168E+02  0.53771712E-01      0.00000000      0.00000000
  0.07380000 -0.15131987E+02  0.53367279E-01      0.00000000      0.00000000
  0.07400000 -0.15078632E+02  0.52973613E-01      0.00000000      0.00000000
  0.07420000 -0.15026014E+02  0.52574567E-01      0.00000000      0.00000000
  0.07440000 -0.14972949E+02  0.52167162E-01      0.00000000      0.00000000
  0.07460000 -0.14921996E+02  0.51799379E-01      0.00000000      0.00000000
  0.07480000 -0.14870224E+02  0.51392727E-01      0.00000000      0.00000000
  0.07500000 -0.14818813E+02  0.51010020E-01      0.00000000      0.00000000
  0.07519999 -0.14767612E+02  0.50649133E-01      0.00000000      0.00000000
  0.07539999 -0.14717182E+02  0.50284386E-01      0.00000000      0.00000000
  0.07560000 -0.14667145E+02  0.49920823E-01      0.00000000      0.00000000
  0.07579999 -0.14617644E+02  0.49571555E-01      0.00000000      0.00000000
  0.07600000 -0.14568653E+02  0.49204357E-01      0.00000000      0.00000000
  0.07620000 -0.14520025E+02  0.48857823E-01      0.00000000      0.00000000
  0.07640000 -0.14471272E+02  0.48497587E-01      0.00000000      0.00000000
  0.07660000 -0.14422615E+02  0.48159618E-01      0.00000000      0.00000000
  0.07680000 -0.14374604E+02  0.47815673E-01      0.00000000      0.00000000
  0.07699999 -0.14326542E+02  0.47460698E-01      0.00000000      0.00000000
  0.07720000 -0.14279543E+02  0.47138344E-01      0.00000000      0.00000000
  0.07739999 -0.14232796E+02  0.46814010E-01      0.00000000      0.00000000
  0.07759999 -0.14185979E+02  0.46466529E-01      0.00000000      0.00000000
  0.07780000 -0.14139845E+02  0.46136148E-01      0.00000000      0.00000000
  0.07799999 -0.14094330E+02  0.45816943E-01      0.00000000      0.00000000
  0.07820000 -0.14048633E+02  0.45511376E-01      0.00000000      0.00000000
  0.07840000 -0.14002665E+02  0.45193907E-01      0.00000000      0.00000000
  0.07860000 -0.13957632E+02  0.44883918E-01      0.00000000      0.00000000
  0.07880000 -0.13912868E+02  0.44597600E-01      0.00000000      0.00000000
  0.07900000 -0.13868247E+02  0.44296391E-01      0.00000000      0.00000000
  0.07919999 -0.13824669E+02  0.43970637E-01      0.00000000      0.00000000
  0.07940000 -0.13780583E+02  0.43662600E-01      0.00000000      0.00000000
  0.07960001 -0.13737061E+02  0.43374889E-01      0.00000000      0.00000000
  0.07979999 -0.13693573E+02  0.43083195E-01      0.00000000      0.00000000
