 -0.04000000  0.76375561E+01  0.17947614E-01      0.00000000      0.00000000
 -0.03980000  0.76555901E+01  0.18031001E-01      0.00000000      0.00000000
 -0.03960000  0.76738777E+01  0.18114984E-01      0.00000000      0.00000000
 -0.03940000  0.76919842E+01  0.18185019E-01      0.00000000      0.00000000
 -0.03920000  0.77101746E+01  0.18272758E-01      0.00000000      0.00000000
 -0.03900000  0.77284203E+01  0.18352956E-01      0.00000000      0.00000000
 -0.03880000  0.77471428E+01  0.18437892E-01      0.00000000      0.00000000
 -0.03860000  0.77654018E+01  0.18523872E-01      0.00000000      0.00000000
 -0.03840000  0.77840023E+01  0.18598706E-01      0.00000000      0.00000000
 -0.03820000  0.78024387E+01  0.18672943E-01      0.00000000      0.00000000
 -0.03800000  0.78210526E+01  0.18767774E-01      0.00000000      0.00000000
 -0.03780000  0.78398685E+01  0.18859088E-01      0.00000000      0.00000000
 -0.03760000  0.78588333E+01  0.18934369E-01      0.00000000      0.00000000
 -0.03740000  0.78780327E+01  0.19018233E-01      0.00000000      0.00000000
 -0.03720000  0.78970032E+01  0.19107282E-01      0.00000000      0.00000000
 -0.03700000  0.79161682E+01  0.19188315E-01      0.00000000      0.00000000
 -0.03680000  0.79353294E+01  0.19278198E-01      0.00000000      0.00000000
 -0.03660000  0.79545765E+01  0.19369960E-01      0.00000000      0.00000000
 -0.03640000  0.79740372E+01  0.19453406E-01      0.00000000      0.00000000
 -0.03620000  0.79935932E+01  0.19540846E-01      0.00000000      0.00000000
 -0.03600000  0.80132942E+01  0.19635022E-01      0.00000000      0.00000000
 -0.03580000  0.80328598E+01  0.19716173E-01      0.00000000      0.00000000
 -0.03560000  0.80525074E+01  0.19803941E-01      0.00000000      0.00000000
 -0.03540000  0.80723782E+01  0.19887775E-01      0.00000000      0.00000000
 -0.03520000  0.80924950E+01  0.19988537E-01      0.00000000      0.00000000
 -0.03500000  0.81126919E+01  0.20086765E-01      0.00000000      0.00000000
 -0.03480000  0.81329689E+01  0.20192564E-01      0.00000000      0.00000000
 -0.03460000  0.81530533E+01  0.20278573E-01      0.00000000      0.00000000
 -0.03440000  0.81736298E+01  0.20387337E-01      0.00000000      0.00000000
 -0.03420000  0.81942902E+01  0.20474955E-01      0.00000000      0.00000000
 -0.03400000  0.82145710E+01  0.20556927E-01      0.00000000      0.00000000
 -0.03380000  0.82349739E+01  0.20643368E-01      0.00000000      0.00000000
 -0.03360000  0.82559013E+01  0.20752102E-01      0.00000000      0.00000000
 -0.03340000  0.82768822E+01  0.20847961E-01      0.00000000      0.00000000
 -0.03320000  0.82977390E+01  0.20947337E-01      0.00000000      0.00000000
 -0.03300000  0.83187160E+01  0.21035731E-01      0.00000000      0.00000000
 -0.03280000  0.83397722E+01  0.21135643E-01      0.00000000      0.00000000
 -0.03260000  0.83609600E+01  0.21246791E-01      0.00000000      0.00000000
 -0.03240000  0.83823147E+01  0.21347925E-01      0.00000000      0.00000000
 -0.03220000  0.84034967E+01  0.21447152E-01      0.00000000      0.00000000
 -0.03200000  0.84247570E+01  0.21545842E-01      0.00000000      0.00000000
 -0.03180000  0.84464035E+01  0.21644384E-01      0.00000000      0.00000000
 -0.03160000  0.84682198E+01  0.21756813E-01      0.00000000      0.00000000
 -0.03140000  0.84898529E+01  0.21865562E-01      0.00000000      0.00000000
 -0.03120000  0.85117712E+01  0.21969065E-01      0.00000000      0.00000000
 -0.03100000  0.85337496E+01  0.22066802E-01      0.00000000      0.00000000
 -0.03080000  0.85561152E+01  0.22189215E-01      0.00000000      0.00000000
 -0.03060000  0.85784588E+01  0.22304013E-01      0.00000000      0.00000000
 -0.03040000  0.86008024E+01  0.22399038E-01      0.00000000      0.00000000
 -0.03020000  0.86232986E+01  0.22504970E-01      0.00000000      0.00000000
 -0.03000000  0.86460018E+01  0.22605106E-01      0.00000000      0.00000000
 -0.02980000  0.86685724E+01  0.22722974E-01      0.00000000      0.00000000
 -0.02960000  0.86913319E+01  0.22845462E-01      0.00000000      0.00000000
 -0.02940000  0.87139730E+01  0.22961646E-01      0.00000000      0.00000000
 -0.02920000  0.87367239E+01  0.23058355E-01      0.00000000      0.00000000
 -0.02900000  0.87598391E+01  0.23161963E-01      0.00000000      0.00000000
 -0.02880000  0.87830963E+01  0.23276061E-01      0.00000000      0.00000000
 -0.02860000  0.88064756E+01  0.23408473E-01      0.00000000      0.00000000
 -0.02840000  0.88297634E+01  0.23527801E-01      0.00000000      0.00000000
 -0.02820000  0.88536673E+01  0.23660362E-01      0.00000000      0.00000000
 -0.02800000  0.88773537E+01  0.23765102E-01      0.00000000      0.00000000
 -0.02780000  0.89014854E+01  0.23873277E-01      0.00000000      0.00000000
 -0.02760000  0.89251108E+01  0.23989782E-01      0.00000000      0.00000000
 -0.02740000  0.89488945E+01  0.24121001E-01      0.00000000      0.00000000
 -0.02720000  0.89732332E+01  0.24248049E-01      0.00000000      0.00000000
 -0.02700000  0.89977856E+01  0.24365984E-01      0.00000000      0.00000000
 -0.02680000  0.90221672E+01  0.24485022E-01      0.00000000      0.00000000
 -0.02660000  0.90464888E+01  0.24607748E-01      0.00000000      0.00000000
 -0.02640000  0.90710869E+01  0.24734348E-01      0.00000000      0.00000000
 -0.02620000  0.90958261E+01  0.24861135E-01      0.00000000      0.00000000
 -0.02600000  0.91206884E+01  0.24997599E-01      0.00000000      0.00000000
 -0.02580000  0.91456022E+01  0.25121383E-01      0.00000000      0.00000000
 -0.02560000  0.91710300E+01  0.25246978E-01      0.00000000      0.00000000
 -0.02540000  0.91965008E+01  0.25382072E-01      0.00000000      0.00000000
 -0.02520000  0.92223415E+01  0.25524646E-01      0.00000000      0.00000000
 -0.02500000  0.92478800E+01  0.25653191E-01      0.00000000      0.00000000
 -0.02480000  0.92737045E+01  0.25784336E-01      0.00000000      0.00000000
 -0.02460000  0.92996540E+01  0.25918350E-01      0.00000000      0.00000000
 -0.02440000  0.93255291E+01  0.26052549E-01      0.00000000      0.00000000
 -0.02420000  0.93515072E+01  0.26184000E-01      0.00000000      0.00000000
 -0.02400000  0.93776312E+01  0.26315413E-01      0.00000000      0.00000000
 -0.02380000  0.94044571E+01  0.26468195E-01      0.00000000      0.00000000
 -0.02360000  0.94308567E+01  0.26606992E-01      0.00000000      0.00000000
 -0.02340000  0.94572153E+01  0.26751302E-01      0.00000000      0.00000000
 -0.02320000  0.94840250E+01  0.26877992E-01      0.00000000      0.00000000
 -0.02300000  0.95105410E+01  0.27037077E-01      0.00000000      0.00000000
 -0.02280000  0.95380268E+01  0.27203821E-01      0.00000000      0.00000000
 -0.02260000  0.95655727E+01  0.27334958E-01      0.00000000      0.00000000
 -0.02240000  0.95930624E+01  0.27462728E-01      0.00000000      0.00000000
 -0.02220000  0.96202354E+01  0.27611800E-01      0.00000000      0.00000000
 -0.02200000  0.96480865E+01  0.27752429E-01      0.00000000      0.00000000
 -0.02180000  0.96755466E+01  0.27900733E-01      0.00000000      0.00000000
 -0.02160000  0.97035789E+01  0.28072566E-01      0.00000000      0.00000000
 -0.02140000  0.97318001E+01  0.28243110E-01      0.00000000      0.00000000
 -0.02120000  0.97602692E+01  0.28399311E-01      0.00000000      0.00000000
 -0.02100000  0.97882671E+01  0.28536640E-01      0.00000000      0.00000000
 -0.02080000  0.98170738E+01  0.28690681E-01      0.00000000      0.00000000
 -0.02060000  0.98460979E+01  0.28843746E-01      0.00000000      0.00000000
 -0.02040000  0.98751125E+01  0.29015668E-01      0.00000000      0.00000000
 -0.02020000  0.99041595E+01  0.29157225E-01      0.00000000      0.00000000
 -0.02000000  0.99333696E+01  0.29305678E-01      0.00000000      0.00000000
 -0.01980000  0.99630108E+01  0.29480826E-01      0.00000000      0.00000000
 -0.01960000  0.99927330E+01  0.29658619E-01      0.00000000      0.00000000
 -0.01940000  0.10022485E+02  0.29831264E-01      0.00000000      0.00000000
 -0.01920000  0.10051832E+02  0.29999435E-01      0.00000000      0.00000000
 -0.01900000  0.10082088E+02  0.30164573E-01      0.00000000      0.00000000
 -0.01880000  0.10112499E+02  0.30331753E-01      0.00000000      0.00000000
 -0.01860000  0.10142544E+02  0.30507114E-01      0.00000000      0.00000000
 -0.01840000  0.10173196E+02  0.30690908E-01      0.00000000      0.00000000
 -0.01820000  0.10203964E+02  0.30864589E-01      0.00000000      0.00000000
 -0.01800000  0.10234747E+02  0.31015746E-01      0.00000000      0.00000000
 -0.01780000  0.10265893E+02  0.31194650E-01      0.00000000      0.00000000
 -0.01760000  0.10297134E+02  0.31387132E-01      0.00000000      0.00000000
 -0.01740000  0.10328361E+02  0.31581298E-01      0.00000000      0.00000000
 -0.01720000  0.10359541E+02  0.31741943E-01      0.00000000      0.00000000
 -0.01700000  0.10392103E+02  0.31917870E-01      0.00000000      0.00000000
 -0.01680000  0.10424011E+02  0.32123026E-01      0.00000000      0.00000000
 -0.01660000  0.10456127E+02  0.32309707E-01      0.00000000      0.00000000
 -0.01640000  0.10488764E+02  0.32496527E-01      0.00000000      0.00000000
 -0.01620000  0.10521017E+02  0.32681536E-01      0.00000000      0.00000000
 -0.01600000  0.10553801E+02  0.32879259E-01      0.00000000      0.00000000
 -0.01580000  0.10586885E+02  0.33066347E-01      0.00000000      0.00000000
 -0.01560000  0.10620218E+02  0.33280421E-01      0.00000000      0.00000000
 -0.01540000  0.10653527E+02  0.33463828E-01      0.00000000      0.00000000
 -0.01520000  0.10686928E+02  0.33659924E-01      0.00000000      0.00000000
 -0.01500000  0.10721422E+02  0.33889543E-01      0.00000000      0.00000000
 -0.01480000  0.10755383E+02  0.34081697E-01      0.00000000      0.00000000
 -0.01460000  0.10789557E+02  0.34265477E-01      0.00000000      0.00000000
 -0.01440000  0.10823922E+02  0.34496110E-01      0.00000000      0.00000000
 -0.01420000  0.10858479E+02  0.34701753E-01      0.00000000      0.00000000
 -0.01400000  0.10893237E+02  0.34904614E-01      0.00000000      0.00000000
 -0.01380000  0.10928215E+02  0.35110101E-01      0.00000000      0.00000000
 -0.01360000  0.10963392E+02  0.35332050E-01      0.00000000      0.00000000
 -0.01340000  0.10998727E+02  0.35547778E-01      0.00000000      0.00000000
 -0.01320000  0.11033947E+02  0.35757728E-01      0.00000000      0.00000000
 -0.01300000  0.11069624E+02  0.35967633E-01      0.00000000      0.00000000
 -0.01280000  0.11106119E+02  0.36192123E-01      0.00000000      0.00000000
 -0.01260000  0.11142408E+02  0.36426567E-01      0.00000000      0.00000000
 -0.01240000  0.11178696E+02  0.36644951E-01      0.00000000      0.00000000
 -0.01220000  0.11215490E+02  0.36866590E-01      0.00000000      0.00000000
 -0.01200000  0.11252396E+02  0.37096389E-01      0.00000000      0.00000000
 -0.01180000  0.11289437E+02  0.37344173E-01      0.00000000      0.00000000
 -0.01160000  0.11327065E+02  0.37597977E-01      0.00000000      0.00000000
 -0.01140000  0.11364916E+02  0.37816823E-01      0.00000000      0.00000000
 -0.01120000  0.11402765E+02  0.38054459E-01      0.00000000      0.00000000
 -0.01100000  0.11440885E+02  0.38305126E-01      0.00000000      0.00000000
 -0.01080000  0.11479420E+02  0.38533598E-01      0.00000000      0.00000000
 -0.01060000  0.11517534E+02  0.38770624E-01      0.00000000      0.00000000
 -0.01040000  0.11556413E+02  0.39026584E-01      0.00000000      0.00000000
 -0.01020000  0.11595206E+02  0.39286479E-01      0.00000000      0.00000000
 -0.01000000  0.11634789E+02  0.39552547E-01      0.00000000      0.00000000
 -0.00980000  0.11674736E+02  0.39807677E-01      0.00000000      0.00000000
 -0.00960000  0.11715048E+02  0.40049203E-01      0.00000000      0.00000000
 -0.00940000  0.11755648E+02  0.40325399E-01      0.00000000      0.00000000
 -0.00920000  0.11796071E+02  0.40587306E-01      0.00000000      0.00000000
 -0.00900000  0.11837429E+02  0.40857218E-01      0.00000000      0.00000000
 -0.00880000  0.11878640E+02  0.41131154E-01      0.00000000      0.00000000
 -0.00860000  0.11920004E+02  0.41393362E-01      0.00000000      0.00000000
 -0.00840000  0.11961716E+02  0.41679665E-01      0.00000000      0.00000000
 -0.00820000  0.12003451E+02  0.41946158E-01      0.00000000      0.00000000
 -0.00800000  0.12045521E+02  0.42213243E-01      0.00000000      0.00000000
 -0.00780000  0.12087994E+02  0.42516351E-01      0.00000000      0.00000000
 -0.00760000  0.12130692E+02  0.42804245E-01      0.00000000      0.00000000
 -0.00740000  0.12173210E+02  0.43075092E-01      0.00000000      0.00000000
 -0.00720000  0.12216577E+02  0.43369249E-01      0.00000000      0.00000000
 -0.00700000  0.12259618E+02  0.43674316E-01      0.00000000      0.00000000
 -0.00680000  0.12303287E+02  0.43951787E-01      0.00000000      0.00000000
 -0.00660000  0.12347587E+02  0.44256121E-01      0.00000000      0.00000000
 -0.00640000  0.12392585E+02  0.44590402E-01      0.00000000      0.00000000
 -0.00620000  0.12437058E+02  0.44886302E-01      0.00000000      0.00000000
 -0.00600000  0.12481689E+02  0.45194417E-01      0.00000000      0.00000000
 -0.00580000  0.12527062E+02  0.45490313E-01      0.00000000      0.00000000
 -0.00560000  0.12573517E+02  0.45812551E-01      0.00000000      0.00000000
 -0.00540000  0.12618816E+02  0.46127681E-01      0.00000000      0.00000000
 -0.00520000  0.12665104E+02  0.46467096E-01      0.00000000      0.00000000
 -0.00500000  0.12711413E+02  0.46797760E-01      0.00000000      0.00000000
 -0.00480000  0.12758156E+02  0.47120102E-01      0.00000000      0.00000000
 -0.00460000  0.12805646E+02  0.47435328E-01      0.00000000      0.00000000
 -0.00440000  0.12853163E+02  0.47764607E-01      0.00000000      0.00000000
 -0.00420000  0.12901229E+02  0.48108965E-01      0.00000000      0.00000000
 -0.00400000  0.12949183E+02  0.48463874E-01      0.00000000      0.00000000
 -0.00380000  0.12997388E+02  0.48800439E-01      0.00000000      0.00000000
 -0.00360000  0.13046673E+02  0.49169842E-01      0.00000000      0.00000000
 -0.00340000  0.13096354E+02  0.49510635E-01      0.00000000      0.00000000
 -0.00320000  0.13146153E+02  0.49879499E-01      0.00000000      0.00000000
 -0.00300000  0.13196640E+02  0.50245993E-01      0.00000000      0.00000000
 -0.00280000  0.13246767E+02  0.50597686E-01      0.00000000      0.00000000
 -0.00260000  0.13297647E+02  0.50960563E-01      0.00000000      0.00000000
 -0.00240000  0.13348549E+02  0.51334329E-01      0.00000000      0.00000000
 -0.00220000  0.13399475E+02  0.51718023E-01      0.00000000      0.00000000
 -0.00200000  0.13451511E+02  0.52120991E-01      0.00000000      0.00000000
 -0.00180000  0.13504576E+02  0.52503824E-01      0.00000000      0.00000000
 -0.00160000  0.13556878E+02  0.52874740E-01      0.00000000      0.00000000
 -0.00140000  0.13610191E+02  0.53269908E-01      0.00000000      0.00000000
 -0.00120000  0.13663441E+02  0.53672064E-01      0.00000000      0.00000000
 -0.00100000  0.13717274E+02  0.54097436E-01      0.00000000      0.00000000
 -0.00080000  0.13771377E+02  0.54530993E-01      0.00000000      0.00000000
 -0.00060000  0.13827049E+02  0.54949217E-01      0.00000000      0.00000000
 -0.00040000  0.13881872E+02  0.55340812E-01      0.00000000      0.00000000
 -0.00020000  0.13937261E+02  0.55770710E-01      0.00000000      0.00000000
  0.00000000  0.13993153E+02  0.56190811E-01      0.00000000      0.00000000
  0.00020000  0.14048535E+02  0.56633189E-01      0.00000000      0.00000000
  0.00040000  0.14105844E+02  0.57065412E-01      0.00000000      0.00000000
  0.00060000  0.14163404E+02  0.57516631E-01      0.00000000      0.00000000
  0.00080000  0.14221236E+02  0.57954952E-01      0.00000000      0.00000000
  0.00100000  0.14279171E+02  0.58404211E-01      0.00000000      0.00000000
  0.00120000  0.14337581E+02  0.58876660E-01      0.00000000      0.00000000
  0.00140000  0.14396824E+02  0.59358776E-01      0.00000000      0.00000000
  0.00160000  0.14456513E+02  0.59820820E-01      0.00000000      0.00000000
  0.00180000  0.14516510E+02  0.60282338E-01      0.00000000      0.00000000
  0.00200000  0.14577783E+02  0.60779024E-01      0.00000000      0.00000000
  0.00220000  0.14638851E+02  0.61256856E-01      0.00000000      0.00000000
  0.00240000  0.14700148E+02  0.61762977E-01      0.00000000      0.00000000
  0.00260000  0.14761816E+02  0.62295731E-01      0.00000000      0.00000000
  0.00280000  0.14823823E+02  0.62781848E-01      0.00000000      0.00000000
  0.00300000  0.14887343E+02  0.63282013E-01      0.00000000      0.00000000
  0.00320000  0.14950974E+02  0.63796833E-01      0.00000000      0.00000000
  0.00340000  0.15014395E+02  0.64331040E-01      0.00000000      0.00000000
  0.00360000  0.15078907E+02  0.64867236E-01      0.00000000      0.00000000
  0.00380000  0.15143681E+02  0.65391563E-01      0.00000000      0.00000000
  0.00400000  0.15209687E+02  0.65926008E-01      0.00000000      0.00000000
  0.00420000  0.15275163E+02  0.66470474E-01      0.00000000      0.00000000
  0.00440000  0.15342395E+02  0.67049332E-01      0.00000000      0.00000000
  0.00460000  0.15410414E+02  0.67617923E-01      0.00000000      0.00000000
  0.00480000  0.15477719E+02  0.68196841E-01      0.00000000      0.00000000
  0.00500000  0.15546494E+02  0.68776578E-01      0.00000000      0.00000000
  0.00520000  0.15615740E+02  0.69340914E-01      0.00000000      0.00000000
  0.00540000  0.15684723E+02  0.69932029E-01      0.00000000      0.00000000
  0.00560000  0.15755558E+02  0.70547201E-01      0.00000000      0.00000000
  0.00580000  0.15826886E+02  0.71174659E-01      0.00000000      0.00000000
  0.00600000  0.15898580E+02  0.71794026E-01      0.00000000      0.00000000
  0.00620000  0.15970478E+02  0.72424881E-01      0.00000000      0.00000000
  0.00640000  0.16042847E+02  0.73043741E-01      0.00000000      0.00000000
  0.00660000  0.16116701E+02  0.73703878E-01      0.00000000      0.00000000
  0.00680000  0.16190708E+02  0.74359074E-01      0.00000000      0.00000000
  0.00700000  0.16266068E+02  0.75019337E-01      0.00000000      0.00000000
  0.00720000  0.16342379E+02  0.75715050E-01      0.00000000      0.00000000
  0.00740000  0.16417837E+02  0.76388419E-01      0.00000000      0.00000000
  0.00760000  0.16493849E+02  0.77061206E-01      0.00000000      0.00000000
  0.00780000  0.16571741E+02  0.77756137E-01      0.00000000      0.00000000
  0.00800000  0.16649246E+02  0.78467429E-01      0.00000000      0.00000000
  0.00820000  0.16728724E+02  0.79216689E-01      0.00000000      0.00000000
  0.00840000  0.16807901E+02  0.79917565E-01      0.00000000      0.00000000
  0.00860000  0.16888676E+02  0.80666356E-01      0.00000000      0.00000000
  0.00880000  0.16968822E+02  0.81415333E-01      0.00000000      0.00000000
  0.00900000  0.17051567E+02  0.82170352E-01      0.00000000      0.00000000
  0.00920000  0.17133436E+02  0.82954951E-01      0.00000000      0.00000000
  0.00940000  0.17215836E+02  0.83704717E-01      0.00000000      0.00000000
  0.00960000  0.17299669E+02  0.84500045E-01      0.00000000      0.00000000
  0.00980000  0.17385147E+02  0.85301407E-01      0.00000000      0.00000000
  0.01000000  0.17471359E+02  0.86119153E-01      0.00000000      0.00000000
  0.01020000  0.17557791E+02  0.86917095E-01      0.00000000      0.00000000
  0.01040000  0.17644333E+02  0.87778874E-01      0.00000000      0.00000000
  0.01060000  0.17732370E+02  0.88616289E-01      0.00000000      0.00000000
  0.01080000  0.17820011E+02  0.89477904E-01      0.00000000      0.00000000
  0.01100000  0.17910727E+02  0.90359062E-01      0.00000000      0.00000000
  0.01120000  0.18001587E+02  0.91254316E-01      0.00000000      0.00000000
  0.01140000  0.18093330E+02  0.92172876E-01      0.00000000      0.00000000
  0.01160000  0.18186190E+02  0.93070038E-01      0.00000000      0.00000000
  0.01180000  0.18279320E+02  0.94002865E-01      0.00000000      0.00000000
  0.01200000  0.18374676E+02  0.94950706E-01      0.00000000      0.00000000
  0.01220000  0.18469292E+02  0.95917501E-01      0.00000000      0.00000000
  0.01240000  0.18565670E+02  0.96878514E-01      0.00000000      0.00000000
  0.01260000  0.18662277E+02  0.97842842E-01      0.00000000      0.00000000
  0.01280000  0.18761295E+02  0.98850012E-01      0.00000000      0.00000000
  0.01300000  0.18860985E+02  0.99892110E-01      0.00000000      0.00000000
  0.01320000  0.18960554E+02  0.10092835E+00      0.00000000      0.00000000
  0.01340000  0.19063011E+02  0.10197808E+00      0.00000000      0.00000000
  0.01360000  0.19166222E+02  0.10303838E+00      0.00000000      0.00000000
  0.01380000  0.19269175E+02  0.10412024E+00      0.00000000      0.00000000
  0.01400000  0.19373362E+02  0.10520205E+00      0.00000000      0.00000000
  0.01420000  0.19478060E+02  0.10631143E+00      0.00000000      0.00000000
  0.01440000  0.19585884E+02  0.10747899E+00      0.00000000      0.00000000
  0.01460000  0.19694714E+02  0.10863258E+00      0.00000000      0.00000000
  0.01480000  0.19803288E+02  0.10979018E+00      0.00000000      0.00000000
  0.01500000  0.19913385E+02  0.11100531E+00      0.00000000      0.00000000
  0.01520000  0.20024179E+02  0.11219692E+00      0.00000000      0.00000000
  0.01540000  0.20137310E+02  0.11343414E+00      0.00000000      0.00000000
  0.01560000  0.20250887E+02  0.11469691E+00      0.00000000      0.00000000
  0.01580000  0.20365902E+02  0.11596441E+00      0.00000000      0.00000000
  0.01600000  0.20482349E+02  0.11721291E+00      0.00000000      0.00000000
  0.01619999  0.20600895E+02  0.11856256E+00      0.00000000      0.00000000
  0.01640000  0.20720577E+02  0.11990163E+00      0.00000000      0.00000000
  0.01660000  0.20841011E+02  0.12127788E+00      0.00000000      0.00000000
  0.01680000  0.20962637E+02  0.12270086E+00      0.00000000      0.00000000
  0.01700000  0.21086521E+02  0.12410693E+00      0.00000000      0.00000000
  0.01720000  0.21210293E+02  0.12550476E+00      0.00000000      0.00000000
  0.01740000  0.21336681E+02  0.12696274E+00      0.00000000      0.00000000
  0.01760000  0.21463917E+02  0.12847339E+00      0.00000000      0.00000000
  0.01780000  0.21592724E+02  0.13000587E+00      0.00000000      0.00000000
  0.01800000  0.21723457E+02  0.13150968E+00      0.00000000      0.00000000
  0.01820000  0.21856777E+02  0.13307609E+00      0.00000000      0.00000000
  0.01840000  0.21990412E+02  0.13467559E+00      0.00000000      0.00000000
  0.01860000  0.22127039E+02  0.13631278E+00      0.00000000      0.00000000
  0.01880000  0.22262417E+02  0.13795191E+00      0.00000000      0.00000000
  0.01900000  0.22402515E+02  0.13964041E+00      0.00000000      0.00000000
  0.01920000  0.22543592E+02  0.14133120E+00      0.00000000      0.00000000
  0.01940000  0.22685648E+02  0.14309005E+00      0.00000000      0.00000000
  0.01960000  0.22830196E+02  0.14490624E+00      0.00000000      0.00000000
  0.01980000  0.22975433E+02  0.14673181E+00      0.00000000      0.00000000
  0.02000000  0.23125103E+02  0.14861965E+00      0.00000000      0.00000000
  0.02020000  0.23274338E+02  0.15049650E+00      0.00000000      0.00000000
  0.02040000  0.23425695E+02  0.15242904E+00      0.00000000      0.00000000
  0.02060000  0.23578695E+02  0.15436715E+00      0.00000000      0.00000000
  0.02080000  0.23734829E+02  0.15640113E+00      0.00000000      0.00000000
  0.02100000  0.23892912E+02  0.15844357E+00      0.00000000      0.00000000
  0.02120000  0.24051285E+02  0.16049787E+00      0.00000000      0.00000000
  0.02140000  0.24214775E+02  0.16264802E+00      0.00000000      0.00000000
  0.02160000  0.24377037E+02  0.16479132E+00      0.00000000      0.00000000
  0.02180000  0.24542042E+02  0.16696675E+00      0.00000000      0.00000000
  0.02200000  0.24708902E+02  0.16917785E+00      0.00000000      0.00000000
  0.02220000  0.24880175E+02  0.17149588E+00      0.00000000      0.00000000
  0.02240000  0.25055183E+02  0.17391954E+00      0.00000000      0.00000000
  0.02260000  0.25232019E+02  0.17632297E+00      0.00000000      0.00000000
  0.02280000  0.25410309E+02  0.17880481E+00      0.00000000      0.00000000
  0.02300000  0.25588531E+02  0.18130006E+00      0.00000000      0.00000000
  0.02320000  0.25770607E+02  0.18383524E+00      0.00000000      0.00000000
  0.02340000  0.25955257E+02  0.18642676E+00      0.00000000      0.00000000
  0.02360000  0.26143347E+02  0.18906620E+00      0.00000000      0.00000000
  0.02380000  0.26331520E+02  0.19176909E+00      0.00000000      0.00000000
  0.02400000  0.26525946E+02  0.19462776E+00      0.00000000      0.00000000
  0.02420000  0.26723658E+02  0.19745931E+00      0.00000000      0.00000000
  0.02440000  0.26920731E+02  0.20036773E+00      0.00000000      0.00000000
  0.02460000  0.27119890E+02  0.20331681E+00      0.00000000      0.00000000
  0.02480000  0.27325220E+02  0.20637169E+00      0.00000000      0.00000000
  0.02500000  0.27533659E+02  0.20947427E+00      0.00000000      0.00000000
  0.02520000  0.27742439E+02  0.21259797E+00      0.00000000      0.00000000
  0.02540000  0.27955837E+02  0.21583718E+00      0.00000000      0.00000000
  0.02560000  0.28174881E+02  0.21918362E+00      0.00000000      0.00000000
  0.02580000  0.28398392E+02  0.22267221E+00      0.00000000      0.00000000
  0.02600000  0.28624809E+02  0.22618394E+00      0.00000000      0.00000000
  0.02620000  0.28852032E+02  0.22972527E+00      0.00000000      0.00000000
  0.02640000  0.29082378E+02  0.23337634E+00      0.00000000      0.00000000
  0.02660000  0.29318604E+02  0.23713788E+00      0.00000000      0.00000000
  0.02680000  0.29558502E+02  0.24105993E+00      0.00000000      0.00000000
  0.02700000  0.29803795E+02  0.24505493E+00      0.00000000      0.00000000
  0.02720000  0.30050821E+02  0.24905834E+00      0.00000000      0.00000000
  0.02740000  0.30303173E+02  0.25319830E+00      0.00000000      0.00000000
  0.02760000  0.30555676E+02  0.25738680E+00      0.00000000      0.00000000
  0.02780000  0.30812346E+02  0.26163903E+00      0.00000000      0.00000000
  0.02800000  0.31074501E+02  0.26608413E+00      0.00000000      0.00000000
  0.02820000  0.31341858E+02  0.27074850E+00      0.00000000      0.00000000
  0.02840000  0.31618855E+02  0.27553326E+00      0.00000000      0.00000000
  0.02860000  0.31897762E+02  0.28036460E+00      0.00000000      0.00000000
  0.02880000  0.32179768E+02  0.28534135E+00      0.00000000      0.00000000
  0.02900000  0.32468655E+02  0.29043725E+00      0.00000000      0.00000000
  0.02920000  0.32762070E+02  0.29566574E+00      0.00000000      0.00000000
  0.02940000  0.33060177E+02  0.30109042E+00      0.00000000      0.00000000
  0.02959999  0.33364170E+02  0.30659425E+00      0.00000000      0.00000000
  0.02980000  0.33669468E+02  0.31221631E+00      0.00000000      0.00000000
  0.03000000  0.33985275E+02  0.31811059E+00      0.00000000      0.00000000
  0.03020000  0.34307064E+02  0.32418579E+00      0.00000000      0.00000000
  0.03040000  0.34631126E+02  0.33033973E+00      0.00000000      0.00000000
  0.03060000  0.34961430E+02  0.33669418E+00      0.00000000      0.00000000
  0.03080000  0.35305229E+02  0.34327728E+00      0.00000000      0.00000000
  0.03100000  0.35650070E+02  0.35004812E+00      0.00000000      0.00000000
  0.03120000  0.36003769E+02  0.35697013E+00      0.00000000      0.00000000
  0.03140000  0.36366013E+02  0.36422491E+00      0.00000000      0.00000000
  0.03160000  0.36732544E+02  0.37160188E+00      0.00000000      0.00000000
  0.03179999  0.37107117E+02  0.37931776E+00      0.00000000      0.00000000
  0.03200001  0.37489071E+02  0.38721728E+00      0.00000000      0.00000000
  0.03220000  0.37886501E+02  0.39543921E+00      0.00000000      0.00000000
  0.03240000  0.38285927E+02  0.40386817E+00      0.00000000      0.00000000
  0.03260000  0.38695381E+02  0.41264713E+00      0.00000000      0.00000000
  0.03280000  0.39116661E+02  0.42174533E+00      0.00000000      0.00000000
  0.03300000  0.39546230E+02  0.43119442E+00      0.00000000      0.00000000
  0.03320000  0.39982620E+02  0.44082868E+00      0.00000000      0.00000000
  0.03340000  0.40429871E+02  0.45081532E+00      0.00000000      0.00000000
  0.03360000  0.40883156E+02  0.46108237E+00      0.00000000      0.00000000
  0.03380000  0.41346146E+02  0.47157937E+00      0.00000000      0.00000000
  0.03399999  0.41821407E+02  0.48258030E+00      0.00000000      0.00000000
  0.03420001  0.42307465E+02  0.49397796E+00      0.00000000      0.00000000
  0.03440000  0.42807732E+02  0.50594044E+00      0.00000000      0.00000000
  0.03460000  0.43320816E+02  0.51834095E+00      0.00000000      0.00000000
  0.03479999  0.43846741E+02  0.53122246E+00      0.00000000      0.00000000
  0.03500000  0.44382919E+02  0.54443139E+00      0.00000000      0.00000000
  0.03520000  0.44933735E+02  0.55830073E+00      0.00000000      0.00000000
  0.03540000  0.45494850E+02  0.57249057E+00      0.00000000      0.00000000
  0.03560000  0.46076473E+02  0.58750504E+00      0.00000000      0.00000000
  0.03580000  0.46672653E+02  0.60311329E+00      0.00000000      0.00000000
  0.03600000  0.47281719E+02  0.61928993E+00      0.00000000      0.00000000
  0.03619999  0.47904381E+02  0.63603520E+00      0.00000000      0.00000000
  0.03640000  0.48547203E+02  0.65357459E+00      0.00000000      0.00000000
  0.03660000  0.49214073E+02  0.67202723E+00      0.00000000      0.00000000
  0.03680000  0.49892853E+02  0.69123191E+00      0.00000000      0.00000000
  0.03700000  0.50597775E+02  0.71139300E+00      0.00000000      0.00000000
  0.03720000  0.51322613E+02  0.73244798E+00      0.00000000      0.00000000
  0.03740000  0.52066559E+02  0.75436950E+00      0.00000000      0.00000000
  0.03760000  0.52831894E+02  0.77733767E+00      0.00000000      0.00000000
  0.03780000  0.53615570E+02  0.80133867E+00      0.00000000      0.00000000
  0.03800000  0.54433250E+02  0.82676756E+00      0.00000000      0.00000000
  0.03820000  0.55276657E+02  0.85337257E+00      0.00000000      0.00000000
  0.03839999  0.56128555E+02  0.88069814E+00      0.00000000      0.00000000
  0.03860000  0.57029465E+02  0.91033953E+00      0.00000000      0.00000000
  0.03880000  0.57938786E+02  0.94066089E+00      0.00000000      0.00000000
  0.03900000  0.58900391E+02  0.97341537E+00      0.00000000      0.00000000
  0.03920000  0.59892418E+02  0.10077136E+01      0.00000000      0.00000000
  0.03940000  0.60916588E+02  0.10440176E+01      0.00000000      0.00000000
  0.03960000  0.61985413E+02  0.10824716E+01      0.00000000      0.00000000
  0.03980000  0.63094391E+02  0.11234043E+01      0.00000000      0.00000000
  0.04000000  0.64229240E+02  0.11660388E+01      0.00000000      0.00000000
  0.04020000  0.65419258E+02  0.12117248E+01      0.00000000      0.00000000
  0.04040000  0.66654861E+02  0.12602365E+01      0.00000000      0.00000000
  0.04060000  0.67935150E+02  0.13117232E+01      0.00000000      0.00000000
  0.04080000  0.69268661E+02  0.13666065E+01      0.00000000      0.00000000
  0.04100000  0.70676163E+02  0.14259663E+01      0.00000000      0.00000000
  0.04120000  0.72129257E+02  0.14887519E+01      0.00000000      0.00000000
  0.04140000  0.73662247E+02  0.15565606E+01      0.00000000      0.00000000
  0.04160000  0.75245682E+02  0.16284869E+01      0.00000000      0.00000000
  0.04180000  0.76891747E+02  0.17052395E+01      0.00000000      0.00000000
  0.04200000  0.78641281E+02  0.17893360E+01      0.00000000      0.00000000
  0.04220000  0.80477425E+02  0.18799820E+01      0.00000000      0.00000000
  0.04240000  0.82371704E+02  0.19760915E+01      0.00000000      0.00000000
  0.04260000  0.84404045E+02  0.20824802E+01      0.00000000      0.00000000
  0.04280000  0.86563728E+02  0.21993017E+01      0.00000000      0.00000000
  0.04300000  0.88856354E+02  0.23273706E+01      0.00000000      0.00000000
  0.04320000  0.91243172E+02  0.24655900E+01      0.00000000      0.00000000
  0.04340000  0.93770355E+02  0.26167693E+01      0.00000000      0.00000000
  0.04360000  0.96433502E+02  0.27819309E+01      0.00000000      0.00000000
  0.04380000  0.99322510E+02  0.29679992E+01      0.00000000      0.00000000
  0.04400000  0.10235569E+03  0.31709986E+01      0.00000000      0.00000000
  0.04420000  0.10564231E+03  0.34003797E+01      0.00000000      0.00000000
  0.04440000  0.10914232E+03  0.36555159E+01      0.00000000      0.00000000
  0.04460000  0.11294064E+03  0.39441385E+01      0.00000000      0.00000000
  0.04480000  0.11704678E+03  0.42722359E+01      0.00000000      0.00000000
  0.04500000  0.12146022E+03  0.46429615E+01      0.00000000      0.00000000
  0.04520000  0.12630312E+03  0.50711389E+01      0.00000000      0.00000000
  0.04539999  0.13156691E+03  0.55629072E+01      0.00000000      0.00000000
  0.04560000  0.13742708E+03  0.61442451E+01      0.00000000      0.00000000
  0.04580000  0.14384985E+03  0.68226495E+01      0.00000000      0.00000000
  0.04600000  0.15097879E+03  0.76273355E+01      0.00000000      0.00000000
  0.04620000  0.15892380E+03  0.85909271E+01      0.00000000      0.00000000
  0.04640000  0.16792133E+03  0.97701225E+01      0.00000000      0.00000000
  0.04660000  0.17825031E+03  0.11241827E+02      0.00000000      0.00000000
  0.04680000  0.19019800E+03  0.13109869E+02      0.00000000      0.00000000
  0.04700000  0.20433746E+03  0.15559624E+02      0.00000000      0.00000000
  0.04720000  0.22117203E+03  0.18831703E+02      0.00000000      0.00000000
  0.04740000  0.24173186E+03  0.23381401E+02      0.00000000      0.00000000
  0.04759999  0.26743210E+03  0.29996826E+02      0.00000000      0.00000000
  0.04780000  0.30094946E+03  0.40307182E+02      0.00000000      0.00000000
  0.04800000  0.34513095E+03  0.57166039E+02      0.00000000      0.00000000
  0.04820000  0.40726904E+03  0.88303665E+02      0.00000000      0.00000000
  0.04840000  0.50177225E+03  0.15811880E+03      0.00000000      0.00000000
  0.04860000  0.63041022E+03  0.34975781E+03      0.00000000      0.00000000
  0.04880000  0.50663425E+03  0.86745520E+03      0.00000000      0.00000000
  0.04899999 -0.22386287E+03  0.71497949E+03      0.00000000      0.00000000
  0.04920000 -0.18540070E+03  0.30324359E+03      0.00000000      0.00000000
  0.04940000 -0.31102882E+02  0.18195096E+03      0.00000000      0.00000000
  0.04960000  0.10773265E+03  0.17024556E+03      0.00000000      0.00000000
  0.04979999  0.25666394E+03  0.24806406E+03      0.00000000      0.00000000
  0.05000000  0.38035480E+03  0.54415985E+03      0.00000000      0.00000000
  0.05020000 -0.12651918E+03  0.98750171E+03      0.00000000      0.00000000
  0.05040000 -0.53793121E+03  0.47690494E+03      0.00000000      0.00000000
  0.05060000 -0.41890503E+03  0.20045148E+03      0.00000000      0.00000000
  0.05080000 -0.31041876E+03  0.10677319E+03      0.00000000      0.00000000
  0.05100000 -0.23656326E+03  0.66820724E+02      0.00000000      0.00000000
  0.05119999 -0.18478049E+03  0.46732662E+02      0.00000000      0.00000000
  0.05140000 -0.14626183E+03  0.35346977E+02      0.00000000      0.00000000
  0.05160000 -0.11536461E+03  0.28208050E+02      0.00000000      0.00000000
  0.05180000 -0.90267822E+02  0.23658594E+02      0.00000000      0.00000000
  0.05199999 -0.68662758E+02  0.20621372E+02      0.00000000      0.00000000
  0.05220000 -0.49600712E+02  0.18618237E+02      0.00000000      0.00000000
  0.05240000 -0.32069893E+02  0.17341385E+02      0.00000000      0.00000000
  0.05260000 -0.15322842E+02  0.16633423E+02      0.00000000      0.00000000
  0.05280000  0.12408900E+01  0.16426514E+02      0.00000000      0.00000000
  0.05300000  0.17453493E+02  0.16704630E+02      0.00000000      0.00000000
  0.05320000  0.34120235E+02  0.17478096E+02      0.00000000      0.00000000
  0.05339999  0.52002022E+02  0.18853033E+02      0.00000000      0.00000000
  0.05360000  0.71658249E+02  0.21014099E+02      0.00000000      0.00000000
  0.05380000  0.93946754E+02  0.24275921E+02      0.00000000      0.00000000
  0.05400000  0.11977748E+03  0.29125732E+02      0.00000000      0.00000000
  0.05420000  0.15107997E+03  0.36596489E+02      0.00000000      0.00000000
  0.05440000  0.19141199E+03  0.48926750E+02      0.00000000      0.00000000
  0.05460000  0.24459966E+03  0.70327095E+02      0.00000000      0.00000000
  0.05480000  0.32113000E+03  0.11348383E+03      0.00000000      0.00000000
  0.05500000  0.43373657E+03  0.21688521E+03      0.00000000      0.00000000
  0.05520000  0.54283917E+03  0.52134314E+03      0.00000000      0.00000000
  0.05540000  0.50045105E+02  0.99760529E+03      0.00000000      0.00000000
  0.05560000 -0.38370850E+03  0.50039282E+03      0.00000000      0.00000000
  0.05580000 -0.24665532E+03  0.23469551E+03      0.00000000      0.00000000
  0.05600000 -0.10317764E+03  0.16678595E+03      0.00000000      0.00000000
  0.05620000  0.34770481E+02  0.18069327E+03      0.00000000      0.00000000
  0.05640000  0.18787390E+03  0.30115408E+03      0.00000000      0.00000000
  0.05660000  0.22994829E+03  0.71898730E+03      0.00000000      0.00000000
  0.05680000 -0.50307562E+03  0.88310828E+03      0.00000000      0.00000000
  0.05700000 -0.63871423E+03  0.36015997E+03      0.00000000      0.00000000
  0.05720000 -0.50989429E+03  0.16277446E+03      0.00000000      0.00000000
  0.05740000 -0.41402667E+03  0.90723022E+02      0.00000000      0.00000000
  0.05760000 -0.34967004E+03  0.58103104E+02      0.00000000      0.00000000
  0.05780000 -0.30416772E+03  0.40653263E+02      0.00000000      0.00000000
  0.05800000 -0.27064502E+03  0.30308533E+02      0.00000000      0.00000000
  0.05819999 -0.24456305E+03  0.23575687E+02      0.00000000      0.00000000
  0.05840000 -0.22378339E+03  0.18965847E+02      0.00000000      0.00000000
  0.05860000 -0.20709378E+03  0.15713561E+02      0.00000000      0.00000000
  0.05880000 -0.19286247E+03  0.13240355E+02      0.00000000      0.00000000
  0.05900000 -0.18079437E+03  0.11347636E+02      0.00000000      0.00000000
  0.05920000 -0.17042142E+03  0.98646116E+01      0.00000000      0.00000000
  0.05940000 -0.16133063E+03  0.86693592E+01      0.00000000      0.00000000
  0.05960000 -0.15315666E+03  0.76759701E+01      0.00000000      0.00000000
  0.05980000 -0.14590131E+03  0.68555717E+01      0.00000000      0.00000000
  0.06000000 -0.13948209E+03  0.61775093E+01      0.00000000      0.00000000
  0.06020000 -0.13365916E+03  0.55990672E+01      0.00000000      0.00000000
  0.06039999 -0.12833940E+03  0.51007233E+01      0.00000000      0.00000000
  0.06060000 -0.12341251E+03  0.46645250E+01      0.00000000      0.00000000
  0.06080000 -0.11896894E+03  0.42908134E+01      0.00000000      0.00000000
  0.06100000 -0.11491982E+03  0.39670095E+01      0.00000000      0.00000000
  0.06119999 -0.11110302E+03  0.36760750E+01      0.00000000      0.00000000
  0.06140000 -0.10758623E+03  0.34193256E+01      0.00000000      0.00000000
  0.06160000 -0.10428674E+03  0.31885710E+01      0.00000000      0.00000000
  0.06180000 -0.10119135E+03  0.29811587E+01      0.00000000      0.00000000
  0.06200000 -0.98300400E+02  0.27949572E+01      0.00000000      0.00000000
  0.06220000 -0.95603149E+02  0.26275196E+01      0.00000000      0.00000000
  0.06240000 -0.93067352E+02  0.24754920E+01      0.00000000      0.00000000
  0.06259999 -0.90683701E+02  0.23375597E+01      0.00000000      0.00000000
  0.06280001 -0.88415047E+02  0.22105579E+01      0.00000000      0.00000000
  0.06300000 -0.86252640E+02  0.20935211E+01      0.00000000      0.00000000
  0.06320000 -0.84227226E+02  0.19873447E+01      0.00000000      0.00000000
  0.06339999 -0.82288239E+02  0.18885481E+01      0.00000000      0.00000000
  0.06360000 -0.80453827E+02  0.17976997E+01      0.00000000      0.00000000
  0.06380000 -0.78688156E+02  0.17130411E+01      0.00000000      0.00000000
  0.06400000 -0.77005478E+02  0.16342404E+01      0.00000000      0.00000000
  0.06420000 -0.75435486E+02  0.15627804E+01      0.00000000      0.00000000
  0.06440000 -0.73896988E+02  0.14945265E+01      0.00000000      0.00000000
  0.06460000 -0.72436935E+02  0.14314947E+01      0.00000000      0.00000000
  0.06479999 -0.71022339E+02  0.13718240E+01      0.00000000      0.00000000
  0.06500000 -0.69682419E+02  0.13165853E+01      0.00000000      0.00000000
  0.06520000 -0.68380417E+02  0.12642348E+01      0.00000000      0.00000000
  0.06540000 -0.67141205E+02  0.12155602E+01      0.00000000      0.00000000
  0.06559999 -0.65957626E+02  0.11698506E+01      0.00000000      0.00000000
  0.06580000 -0.64819214E+02  0.11270065E+01      0.00000000      0.00000000
  0.06600000 -0.63715454E+02  0.10863624E+01      0.00000000      0.00000000
  0.06620000 -0.62639938E+02  0.10476117E+01      0.00000000      0.00000000
  0.06640000 -0.61605438E+02  0.10109251E+01      0.00000000      0.00000000
  0.06660000 -0.60618423E+02  0.97664446E+00      0.00000000      0.00000000
  0.06680001 -0.59654751E+02  0.94397461E+00      0.00000000      0.00000000
  0.06699999 -0.58724556E+02  0.91263896E+00      0.00000000      0.00000000
  0.06720000 -0.57816586E+02  0.88293433E+00      0.00000000      0.00000000
  0.06739999 -0.56950775E+02  0.85502207E+00      0.00000000      0.00000000
  0.06760000 -0.56111282E+02  0.82856452E+00      0.00000000      0.00000000
  0.06780000 -0.55285370E+02  0.80291486E+00      0.00000000      0.00000000
  0.06800000 -0.54499161E+02  0.77879113E+00      0.00000000      0.00000000
  0.06820000 -0.53734924E+02  0.75596559E+00      0.00000000      0.00000000
  0.06840000 -0.52987007E+02  0.73379004E+00      0.00000000      0.00000000
  0.06859999 -0.52260513E+02  0.71266675E+00      0.00000000      0.00000000
  0.06880000 -0.51564301E+02  0.69276750E+00      0.00000000      0.00000000
  0.06900001 -0.50885593E+02  0.67351007E+00      0.00000000      0.00000000
  0.06919999 -0.50220802E+02  0.65502995E+00      0.00000000      0.00000000
  0.06940000 -0.49574223E+02  0.63749188E+00      0.00000000      0.00000000
  0.06960000 -0.48943428E+02  0.62055767E+00      0.00000000      0.00000000
  0.06980000 -0.48333672E+02  0.60430443E+00      0.00000000      0.00000000
  0.07000000 -0.47735428E+02  0.58866072E+00      0.00000000      0.00000000
  0.07020000 -0.47150604E+02  0.57363230E+00      0.00000000      0.00000000
  0.07040000 -0.46589546E+02  0.55928737E+00      0.00000000      0.00000000
  0.07060000 -0.46032124E+02  0.54524112E+00      0.00000000      0.00000000
  0.07079999 -0.45495735E+02  0.53198838E+00      0.00000000      0.00000000
  0.07099999 -0.44979248E+02  0.51939046E+00      0.00000000      0.00000000
  0.07120001 -0.44463768E+02  0.50694108E+00      0.00000000      0.00000000
  0.07139999 -0.43962952E+02  0.49504578E+00      0.00000000      0.00000000
  0.07160000 -0.43476860E+02  0.48358634E+00      0.00000000      0.00000000
  0.07180000 -0.43000504E+02  0.47243685E+00      0.00000000      0.00000000
  0.07200000 -0.42530998E+02  0.46176326E+00      0.00000000      0.00000000
  0.07220000 -0.42072861E+02  0.45136964E+00      0.00000000      0.00000000
  0.07239999 -0.41620350E+02  0.44136101E+00      0.00000000      0.00000000
  0.07260000 -0.41186852E+02  0.43173450E+00      0.00000000      0.00000000
  0.07280000 -0.40760582E+02  0.42233682E+00      0.00000000      0.00000000
  0.07299999 -0.40339920E+02  0.41321999E+00      0.00000000      0.00000000
  0.07319999 -0.39933578E+02  0.40459767E+00      0.00000000      0.00000000
  0.07340001 -0.39537804E+02  0.39626992E+00      0.00000000      0.00000000
  0.07359999 -0.39143852E+02  0.38805735E+00      0.00000000      0.00000000
  0.07380000 -0.38764641E+02  0.38023138E+00      0.00000000      0.00000000
  0.07400000 -0.38390812E+02  0.37263057E+00      0.00000000      0.00000000
  0.07420000 -0.38020622E+02  0.36513281E+00      0.00000000      0.00000000
  0.07440000 -0.37660206E+02  0.35783049E+00      0.00000000      0.00000000
  0.07460000 -0.37301693E+02  0.35078692E+00      0.00000000      0.00000000
  0.07480000 -0.36953651E+02  0.34402168E+00      0.00000000      0.00000000
  0.07500000 -0.36616276E+02  0.33744305E+00      0.00000000      0.00000000
  0.07519999 -0.36285019E+02  0.33104783E+00      0.00000000      0.00000000
  0.07539999 -0.35957550E+02  0.32490599E+00      0.00000000      0.00000000
  0.07560000 -0.35632687E+02  0.31878957E+00      0.00000000      0.00000000
  0.07579999 -0.35313736E+02  0.31282967E+00      0.00000000      0.00000000
  0.07600000 -0.35005173E+02  0.30710381E+00      0.00000000      0.00000000
  0.07620000 -0.34700935E+02  0.30157882E+00      0.00000000      0.00000000
  0.07640000 -0.34403450E+02  0.29618084E+00      0.00000000      0.00000000
  0.07660000 -0.34110435E+02  0.29090101E+00      0.00000000      0.00000000
  0.07680000 -0.33822853E+02  0.28583533E+00      0.00000000      0.00000000
  0.07699999 -0.33539379E+02  0.28088802E+00      0.00000000      0.00000000
  0.07720000 -0.33261650E+02  0.27606899E+00      0.00000000      0.00000000
  0.07739999 -0.32989143E+02  0.27136439E+00      0.00000000      0.00000000
  0.07759999 -0.32716373E+02  0.26666760E+00      0.00000000      0.00000000
  0.07780000 -0.32448807E+02  0.26208413E+00      0.00000000      0.00000000
  0.07799999 -0.32193474E+02  0.25781599E+00      0.00000000      0.00000000
  0.07820000 -0.31937979E+02  0.25358236E+00      0.00000000      0.00000000
  0.07840000 -0.31684601E+02  0.24935845E+00      0.00000000      0.00000000
  0.07860000 -0.31436771E+02  0.24532065E+00      0.00000000      0.00000000
  0.07880000 -0.31191936E+02  0.24132529E+00      0.00000000      0.00000000
  0.07900000 -0.30954678E+02  0.23757893E+00      0.00000000      0.00000000
  0.07919999 -0.30719559E+02  0.23377553E+00      0.00000000      0.00000000
  0.07940000 -0.30487007E+02  0.23008636E+00      0.00000000      0.00000000
  0.07960001 -0.30256594E+02  0.22639404E+00      0.00000000      0.00000000
  0.07979999 -0.30032925E+02  0.22293453E+00      0.00000000      0.00000000
