 -0.04000000  0.28585403E+02  0.21079040E+00      0.00000000      0.00000000
 -0.03980000  0.28797726E+02  0.21388820E+00      0.00000000      0.00000000
 -0.03960000  0.29012074E+02  0.21705912E+00      0.00000000      0.00000000
 -0.03940000  0.29228975E+02  0.22019193E+00      0.00000000      0.00000000
 -0.03920000  0.29450933E+02  0.22350129E+00      0.00000000      0.00000000
 -0.03900000  0.29677418E+02  0.22685158E+00      0.00000000      0.00000000
 -0.03880000  0.29905748E+02  0.23027620E+00      0.00000000      0.00000000
 -0.03860000  0.30143290E+02  0.23386556E+00      0.00000000      0.00000000
 -0.03840000  0.30376627E+02  0.23748013E+00      0.00000000      0.00000000
 -0.03820000  0.30614967E+02  0.24115366E+00      0.00000000      0.00000000
 -0.03800000  0.30855516E+02  0.24480098E+00      0.00000000      0.00000000
 -0.03780000  0.31102081E+02  0.24865824E+00      0.00000000      0.00000000
 -0.03760000  0.31352583E+02  0.25255546E+00      0.00000000      0.00000000
 -0.03740000  0.31608885E+02  0.25660935E+00      0.00000000      0.00000000
 -0.03720000  0.31869671E+02  0.26083001E+00      0.00000000      0.00000000
 -0.03700000  0.32131512E+02  0.26511604E+00      0.00000000      0.00000000
 -0.03680000  0.32399277E+02  0.26945972E+00      0.00000000      0.00000000
 -0.03660000  0.32669380E+02  0.27379283E+00      0.00000000      0.00000000
 -0.03640000  0.32947983E+02  0.27847296E+00      0.00000000      0.00000000
 -0.03620000  0.33227310E+02  0.28307411E+00      0.00000000      0.00000000
 -0.03600000  0.33511333E+02  0.28787079E+00      0.00000000      0.00000000
 -0.03580000  0.33797123E+02  0.29277533E+00      0.00000000      0.00000000
 -0.03560000  0.34089970E+02  0.29786214E+00      0.00000000      0.00000000
 -0.03540000  0.34390110E+02  0.30304480E+00      0.00000000      0.00000000
 -0.03520000  0.34694836E+02  0.30839455E+00      0.00000000      0.00000000
 -0.03500000  0.35009586E+02  0.31382364E+00      0.00000000      0.00000000
 -0.03480000  0.35325115E+02  0.31935969E+00      0.00000000      0.00000000
 -0.03460000  0.35648499E+02  0.32515842E+00      0.00000000      0.00000000
 -0.03440000  0.35976265E+02  0.33108276E+00      0.00000000      0.00000000
 -0.03420000  0.36310425E+02  0.33727616E+00      0.00000000      0.00000000
 -0.03400000  0.36649475E+02  0.34344965E+00      0.00000000      0.00000000
 -0.03380000  0.36997665E+02  0.34989497E+00      0.00000000      0.00000000
 -0.03360000  0.37350395E+02  0.35666960E+00      0.00000000      0.00000000
 -0.03340000  0.37717186E+02  0.36349091E+00      0.00000000      0.00000000
 -0.03320000  0.38083447E+02  0.37038040E+00      0.00000000      0.00000000
 -0.03300000  0.38454922E+02  0.37767905E+00      0.00000000      0.00000000
 -0.03280000  0.38836418E+02  0.38508332E+00      0.00000000      0.00000000
 -0.03260000  0.39217724E+02  0.39262414E+00      0.00000000      0.00000000
 -0.03240000  0.39616341E+02  0.40056974E+00      0.00000000      0.00000000
 -0.03220000  0.40019081E+02  0.40854043E+00      0.00000000      0.00000000
 -0.03200000  0.40432709E+02  0.41700846E+00      0.00000000      0.00000000
 -0.03180000  0.40857990E+02  0.42576754E+00      0.00000000      0.00000000
 -0.03160000  0.41289047E+02  0.43463862E+00      0.00000000      0.00000000
 -0.03140000  0.41732048E+02  0.44407514E+00      0.00000000      0.00000000
 -0.03120000  0.42179562E+02  0.45357147E+00      0.00000000      0.00000000
 -0.03100000  0.42635567E+02  0.46329409E+00      0.00000000      0.00000000
 -0.03080000  0.43105724E+02  0.47348350E+00      0.00000000      0.00000000
 -0.03060000  0.43576019E+02  0.48378235E+00      0.00000000      0.00000000
 -0.03040000  0.44070374E+02  0.49474454E+00      0.00000000      0.00000000
 -0.03020000  0.44575321E+02  0.50596803E+00      0.00000000      0.00000000
 -0.03000000  0.45085197E+02  0.51748163E+00      0.00000000      0.00000000
 -0.02980000  0.45610744E+02  0.52960277E+00      0.00000000      0.00000000
 -0.02960000  0.46142715E+02  0.54198468E+00      0.00000000      0.00000000
 -0.02940000  0.46686562E+02  0.55486107E+00      0.00000000      0.00000000
 -0.02920000  0.47252876E+02  0.56836528E+00      0.00000000      0.00000000
 -0.02900000  0.47826374E+02  0.58226109E+00      0.00000000      0.00000000
 -0.02880000  0.48415512E+02  0.59662288E+00      0.00000000      0.00000000
 -0.02860000  0.49020962E+02  0.61168379E+00      0.00000000      0.00000000
 -0.02840000  0.49634159E+02  0.62693298E+00      0.00000000      0.00000000
 -0.02820000  0.50274803E+02  0.64294195E+00      0.00000000      0.00000000
 -0.02800000  0.50927395E+02  0.65995705E+00      0.00000000      0.00000000
 -0.02780000  0.51592926E+02  0.67727196E+00      0.00000000      0.00000000
 -0.02760000  0.52283100E+02  0.69569993E+00      0.00000000      0.00000000
 -0.02740000  0.52986465E+02  0.71446884E+00      0.00000000      0.00000000
 -0.02720000  0.53701817E+02  0.73378623E+00      0.00000000      0.00000000
 -0.02700000  0.54448048E+02  0.75442713E+00      0.00000000      0.00000000
 -0.02680000  0.55215652E+02  0.77574086E+00      0.00000000      0.00000000
 -0.02660000  0.56005501E+02  0.79822707E+00      0.00000000      0.00000000
 -0.02640000  0.56809647E+02  0.82156301E+00      0.00000000      0.00000000
 -0.02620000  0.57647156E+02  0.84603858E+00      0.00000000      0.00000000
 -0.02600000  0.58498035E+02  0.87130660E+00      0.00000000      0.00000000
 -0.02580000  0.59385517E+02  0.89807189E+00      0.00000000      0.00000000
 -0.02560000  0.60293888E+02  0.92591387E+00      0.00000000      0.00000000
 -0.02540000  0.61225533E+02  0.95498490E+00      0.00000000      0.00000000
 -0.02520000  0.62199654E+02  0.98610669E+00      0.00000000      0.00000000
 -0.02500000  0.63199425E+02  0.10180951E+01      0.00000000      0.00000000
 -0.02480000  0.64234055E+02  0.10523220E+01      0.00000000      0.00000000
 -0.02460000  0.65305130E+02  0.10879730E+01      0.00000000      0.00000000
 -0.02440000  0.66412781E+02  0.11255691E+01      0.00000000      0.00000000
 -0.02420000  0.67551582E+02  0.11650947E+01      0.00000000      0.00000000
 -0.02400000  0.68755150E+02  0.12078154E+01      0.00000000      0.00000000
 -0.02380000  0.69985786E+02  0.12519320E+01      0.00000000      0.00000000
 -0.02360000  0.71249481E+02  0.12981246E+01      0.00000000      0.00000000
 -0.02340000  0.72565720E+02  0.13472972E+01      0.00000000      0.00000000
 -0.02320000  0.73949020E+02  0.13999379E+01      0.00000000      0.00000000
 -0.02300000  0.75385529E+02  0.14561257E+01      0.00000000      0.00000000
 -0.02280000  0.76873215E+02  0.15152187E+01      0.00000000      0.00000000
 -0.02260000  0.78395988E+02  0.15770836E+01      0.00000000      0.00000000
 -0.02240000  0.80000504E+02  0.16443913E+01      0.00000000      0.00000000
 -0.02220000  0.81699570E+02  0.17164307E+01      0.00000000      0.00000000
 -0.02200000  0.83451050E+02  0.17929872E+01      0.00000000      0.00000000
 -0.02180000  0.85287857E+02  0.18749917E+01      0.00000000      0.00000000
 -0.02160000  0.87192337E+02  0.19623207E+01      0.00000000      0.00000000
 -0.02140000  0.89202492E+02  0.20563326E+01      0.00000000      0.00000000
 -0.02120000  0.91282814E+02  0.21566691E+01      0.00000000      0.00000000
 -0.02100000  0.93496628E+02  0.22661896E+01      0.00000000      0.00000000
 -0.02080000  0.95849350E+02  0.23860471E+01      0.00000000      0.00000000
 -0.02060000  0.98290833E+02  0.25133185E+01      0.00000000      0.00000000
 -0.02040000  0.10087230E+03  0.26528194E+01      0.00000000      0.00000000
 -0.02020000  0.10360797E+03  0.28052218E+01      0.00000000      0.00000000
 -0.02000000  0.10647246E+03  0.29695888E+01      0.00000000      0.00000000
 -0.01980000  0.10952000E+03  0.31504412E+01      0.00000000      0.00000000
 -0.01960000  0.11272916E+03  0.33473973E+01      0.00000000      0.00000000
 -0.01940000  0.11619920E+03  0.35675621E+01      0.00000000      0.00000000
 -0.01920000  0.11990575E+03  0.38118613E+01      0.00000000      0.00000000
 -0.01900000  0.12382082E+03  0.40796671E+01      0.00000000      0.00000000
 -0.01880000  0.12806354E+03  0.43809443E+01      0.00000000      0.00000000
 -0.01860000  0.13255663E+03  0.47144623E+01      0.00000000      0.00000000
 -0.01840000  0.13747171E+03  0.50952897E+01      0.00000000      0.00000000
 -0.01820000  0.14273305E+03  0.55237703E+01      0.00000000      0.00000000
 -0.01800000  0.14851546E+03  0.60149813E+01      0.00000000      0.00000000
 -0.01780000  0.15480481E+03  0.65784254E+01      0.00000000      0.00000000
 -0.01760000  0.16172528E+03  0.72312050E+01      0.00000000      0.00000000
 -0.01740000  0.16923396E+03  0.79786930E+01      0.00000000      0.00000000
 -0.01720000  0.17752440E+03  0.88582745E+01      0.00000000      0.00000000
 -0.01700000  0.18693510E+03  0.99173355E+01      0.00000000      0.00000000
 -0.01680000  0.19732440E+03  0.11174362E+02      0.00000000      0.00000000
 -0.01660000  0.20901376E+03  0.12694163E+02      0.00000000      0.00000000
 -0.01640000  0.22257162E+03  0.14599031E+02      0.00000000      0.00000000
 -0.01620000  0.23813419E+03  0.16978809E+02      0.00000000      0.00000000
 -0.01600000  0.25643661E+03  0.20049515E+02      0.00000000      0.00000000
 -0.01580000  0.27790277E+03  0.24030413E+02      0.00000000      0.00000000
 -0.01560000  0.30421826E+03  0.29501928E+02      0.00000000      0.00000000
 -0.01540000  0.33559613E+03  0.36912033E+02      0.00000000      0.00000000
 -0.01520000  0.37551288E+03  0.47777885E+02      0.00000000      0.00000000
 -0.01500000  0.42895752E+03  0.64963631E+02      0.00000000      0.00000000
 -0.01480000  0.50287091E+03  0.94120224E+02      0.00000000      0.00000000
 -0.01460000  0.60785730E+03  0.14772607E+03      0.00000000      0.00000000
 -0.01440000  0.76747852E+03  0.26383942E+03      0.00000000      0.00000000
 -0.01420000  0.99430762E+03  0.56612561E+03      0.00000000      0.00000000
 -0.01400000  0.94978296E+03  0.14354855E+04      0.00000000      0.00000000
 -0.01380000 -0.38545129E+03  0.17780825E+04      0.00000000      0.00000000
 -0.01360000 -0.86942810E+03  0.79209467E+03      0.00000000      0.00000000
 -0.01340000 -0.64108313E+03  0.33980704E+03      0.00000000      0.00000000
 -0.01320000 -0.45391821E+03  0.18181633E+03      0.00000000      0.00000000
 -0.01300000 -0.32951990E+03  0.11410841E+03      0.00000000      0.00000000
 -0.01280000 -0.24217032E+03  0.79907692E+02      0.00000000      0.00000000
 -0.01260000 -0.17625238E+03  0.60756165E+02      0.00000000      0.00000000
 -0.01240000 -0.12383589E+03  0.49619362E+02      0.00000000      0.00000000
 -0.01220000 -0.79153419E+02  0.43036331E+02      0.00000000      0.00000000
 -0.01200000 -0.39302670E+02  0.39553680E+02      0.00000000      0.00000000
 -0.01180000 -0.13831768E+01  0.38417641E+02      0.00000000      0.00000000
 -0.01160000  0.37036392E+02  0.39445919E+02      0.00000000      0.00000000
 -0.01140000  0.77166504E+02  0.42804409E+02      0.00000000      0.00000000
 -0.01120000  0.12192084E+03  0.49293861E+02      0.00000000      0.00000000
 -0.01100000  0.17418112E+03  0.60270107E+02      0.00000000      0.00000000
 -0.01080000  0.23974980E+03  0.79123444E+02      0.00000000      0.00000000
 -0.01060000  0.32677512E+03  0.11277957E+03      0.00000000      0.00000000
 -0.01040000  0.45045880E+03  0.17923340E+03      0.00000000      0.00000000
 -0.01020000  0.63414062E+03  0.33064166E+03      0.00000000      0.00000000
 -0.01000000  0.86922284E+03  0.77102747E+03      0.00000000      0.00000000
 -0.00980000  0.42139050E+03  0.17746960E+04      0.00000000      0.00000000
 -0.00960000 -0.94211572E+03  0.14750735E+04      0.00000000      0.00000000
 -0.00940000 -0.10112518E+04  0.58934265E+03      0.00000000      0.00000000
 -0.00920000 -0.77944934E+03  0.27134457E+03      0.00000000      0.00000000
 -0.00900000 -0.61752795E+03  0.15163762E+03      0.00000000      0.00000000
 -0.00880000 -0.51061145E+03  0.96397736E+02      0.00000000      0.00000000
 -0.00860000 -0.43666895E+03  0.66845612E+02      0.00000000      0.00000000
 -0.00840000 -0.38194705E+03  0.49009026E+02      0.00000000      0.00000000
 -0.00820000 -0.34046283E+03  0.37615379E+02      0.00000000      0.00000000
 -0.00800000 -0.30783966E+03  0.29871355E+02      0.00000000      0.00000000
 -0.00780000 -0.28139417E+03  0.24335993E+02      0.00000000      0.00000000
 -0.00760000 -0.25976801E+03  0.20291557E+02      0.00000000      0.00000000
 -0.00740000 -0.24136577E+03  0.17186724E+02      0.00000000      0.00000000
 -0.00720000 -0.22555545E+03  0.14758585E+02      0.00000000      0.00000000
 -0.00700000 -0.21210834E+03  0.12860135E+02      0.00000000      0.00000000
 -0.00680000 -0.20021033E+03  0.11305202E+02      0.00000000      0.00000000
 -0.00660000 -0.18951898E+03  0.10007277E+02      0.00000000      0.00000000
 -0.00640000 -0.18013524E+03  0.89439526E+01      0.00000000      0.00000000
 -0.00620000 -0.17164317E+03  0.80384550E+01      0.00000000      0.00000000
 -0.00600000 -0.16400233E+03  0.72752676E+01      0.00000000      0.00000000
 -0.00580000 -0.15712305E+03  0.66236343E+01      0.00000000      0.00000000
 -0.00560000 -0.15084462E+03  0.60603848E+01      0.00000000      0.00000000
 -0.00540000 -0.14506477E+03  0.55681534E+01      0.00000000      0.00000000
 -0.00520000 -0.13974713E+03  0.51355009E+01      0.00000000      0.00000000
 -0.00500000 -0.13482394E+03  0.47523880E+01      0.00000000      0.00000000
 -0.00480000 -0.13028482E+03  0.44129848E+01      0.00000000      0.00000000
 -0.00460000 -0.12601104E+03  0.41078253E+01      0.00000000      0.00000000
 -0.00440000 -0.12204436E+03  0.38359747E+01      0.00000000      0.00000000
 -0.00420000 -0.11837952E+03  0.35919173E+01      0.00000000      0.00000000
 -0.00400000 -0.11493294E+03  0.33728447E+01      0.00000000      0.00000000
 -0.00380000 -0.11166611E+03  0.31715364E+01      0.00000000      0.00000000
 -0.00360000 -0.10854778E+03  0.29868042E+01      0.00000000      0.00000000
 -0.00340000 -0.10563132E+03  0.28193064E+01      0.00000000      0.00000000
 -0.00320000 -0.10289841E+03  0.26673479E+01      0.00000000      0.00000000
 -0.00300000 -0.10030424E+03  0.25260863E+01      0.00000000      0.00000000
 -0.00280000 -0.97866264E+02  0.23989437E+01      0.00000000      0.00000000
 -0.00260000 -0.95533417E+02  0.22802639E+01      0.00000000      0.00000000
 -0.00240000 -0.93325958E+02  0.21702662E+01      0.00000000      0.00000000
 -0.00220000 -0.91228897E+02  0.20689049E+01      0.00000000      0.00000000
 -0.00200000 -0.89194366E+02  0.19734831E+01      0.00000000      0.00000000
 -0.00180000 -0.87265625E+02  0.18848386E+01      0.00000000      0.00000000
 -0.00160000 -0.85427452E+02  0.18021703E+01      0.00000000      0.00000000
 -0.00140000 -0.83657692E+02  0.17246253E+01      0.00000000      0.00000000
 -0.00120000 -0.81961540E+02  0.16524260E+01      0.00000000      0.00000000
 -0.00100000 -0.80348289E+02  0.15849108E+01      0.00000000      0.00000000
 -0.00080000 -0.78815140E+02  0.15226564E+01      0.00000000      0.00000000
 -0.00060000 -0.77317177E+02  0.14627931E+01      0.00000000      0.00000000
 -0.00040000 -0.75890495E+02  0.14069375E+01      0.00000000      0.00000000
 -0.00020000 -0.74500999E+02  0.13539191E+01      0.00000000      0.00000000
  0.00000000 -0.73187332E+02  0.13048531E+01      0.00000000      0.00000000
  0.00020000 -0.71900604E+02  0.12572274E+01      0.00000000      0.00000000
  0.00040000 -0.70657867E+02  0.12124304E+01      0.00000000      0.00000000
  0.00060000 -0.69472450E+02  0.11708665E+01      0.00000000      0.00000000
  0.00080000 -0.68322960E+02  0.11311139E+01      0.00000000      0.00000000
  0.00100000 -0.67208275E+02  0.10929294E+01      0.00000000      0.00000000
  0.00120000 -0.66126831E+02  0.10566633E+01      0.00000000      0.00000000
  0.00140000 -0.65090294E+02  0.10225140E+01      0.00000000      0.00000000
  0.00160000 -0.64081871E+02  0.98988581E+00      0.00000000      0.00000000
  0.00180000 -0.63105541E+02  0.95893610E+00      0.00000000      0.00000000
  0.00200000 -0.62166031E+02  0.92973274E+00      0.00000000      0.00000000
  0.00220000 -0.61246696E+02  0.90097344E+00      0.00000000      0.00000000
  0.00240000 -0.60356094E+02  0.87428230E+00      0.00000000      0.00000000
  0.00260000 -0.59503681E+02  0.84867066E+00      0.00000000      0.00000000
  0.00280000 -0.58666397E+02  0.82439917E+00      0.00000000      0.00000000
  0.00300000 -0.57849831E+02  0.80064094E+00      0.00000000      0.00000000
  0.00320000 -0.57054241E+02  0.77791601E+00      0.00000000      0.00000000
  0.00340000 -0.56291939E+02  0.75681341E+00      0.00000000      0.00000000
  0.00360000 -0.55548553E+02  0.73609293E+00      0.00000000      0.00000000
  0.00380000 -0.54824589E+02  0.71650040E+00      0.00000000      0.00000000
  0.00400000 -0.54126427E+02  0.69784510E+00      0.00000000      0.00000000
  0.00420000 -0.53431000E+02  0.67947888E+00      0.00000000      0.00000000
  0.00440000 -0.52761909E+02  0.66187298E+00      0.00000000      0.00000000
  0.00460000 -0.52095970E+02  0.64464092E+00      0.00000000      0.00000000
  0.00480000 -0.51457752E+02  0.62847638E+00      0.00000000      0.00000000
  0.00500000 -0.50836956E+02  0.61297989E+00      0.00000000      0.00000000
  0.00520000 -0.50234638E+02  0.59787583E+00      0.00000000      0.00000000
  0.00540000 -0.49650276E+02  0.58372021E+00      0.00000000      0.00000000
  0.00560000 -0.49075424E+02  0.56989813E+00      0.00000000      0.00000000
  0.00580000 -0.48508316E+02  0.55640078E+00      0.00000000      0.00000000
  0.00600000 -0.47956902E+02  0.54343963E+00      0.00000000      0.00000000
  0.00620000 -0.47419479E+02  0.53097916E+00      0.00000000      0.00000000
  0.00640000 -0.46891205E+02  0.51878405E+00      0.00000000      0.00000000
  0.00660000 -0.46383919E+02  0.50734520E+00      0.00000000      0.00000000
  0.00680000 -0.45875839E+02  0.49580669E+00      0.00000000      0.00000000
  0.00700000 -0.45386620E+02  0.48496151E+00      0.00000000      0.00000000
  0.00720000 -0.44909813E+02  0.47438478E+00      0.00000000      0.00000000
  0.00740000 -0.44447060E+02  0.46429443E+00      0.00000000      0.00000000
  0.00760000 -0.43986427E+02  0.45452118E+00      0.00000000      0.00000000
  0.00780000 -0.43535294E+02  0.44486809E+00      0.00000000      0.00000000
  0.00800000 -0.43094543E+02  0.43558884E+00      0.00000000      0.00000000
  0.00820000 -0.42658997E+02  0.42655563E+00      0.00000000      0.00000000
  0.00840000 -0.42237732E+02  0.41785622E+00      0.00000000      0.00000000
  0.00860000 -0.41824570E+02  0.40948486E+00      0.00000000      0.00000000
  0.00880000 -0.41420288E+02  0.40149689E+00      0.00000000      0.00000000
  0.00900000 -0.41022034E+02  0.39345551E+00      0.00000000      0.00000000
  0.00920000 -0.40631256E+02  0.38580322E+00      0.00000000      0.00000000
  0.00940000 -0.40251221E+02  0.37835693E+00      0.00000000      0.00000000
  0.00960000 -0.39881256E+02  0.37115479E+00      0.00000000      0.00000000
  0.00980000 -0.39513657E+02  0.36437988E+00      0.00000000      0.00000000
  0.01000000 -0.39153992E+02  0.35742188E+00      0.00000000      0.00000000
  0.01020000 -0.38798828E+02  0.35069275E+00      0.00000000      0.00000000
  0.01040000 -0.38453140E+02  0.34420776E+00      0.00000000      0.00000000
  0.01060000 -0.38112747E+02  0.33794785E+00      0.00000000      0.00000000
  0.01080000 -0.37779015E+02  0.33187866E+00      0.00000000      0.00000000
  0.01100000 -0.37450020E+02  0.32594490E+00      0.00000000      0.00000000
  0.01120000 -0.37126999E+02  0.32010078E+00      0.00000000      0.00000000
  0.01140000 -0.36811653E+02  0.31455421E+00      0.00000000      0.00000000
  0.01160000 -0.36498035E+02  0.30893898E+00      0.00000000      0.00000000
  0.01180000 -0.36192146E+02  0.30366898E+00      0.00000000      0.00000000
  0.01200000 -0.35893929E+02  0.29850388E+00      0.00000000      0.00000000
  0.01220000 -0.35594933E+02  0.29334641E+00      0.00000000      0.00000000
  0.01240000 -0.35303936E+02  0.28837776E+00      0.00000000      0.00000000
  0.01260000 -0.35012184E+02  0.28356361E+00      0.00000000      0.00000000
  0.01280000 -0.34731003E+02  0.27887726E+00      0.00000000      0.00000000
  0.01300000 -0.34451584E+02  0.27427673E+00      0.00000000      0.00000000
  0.01320000 -0.34179245E+02  0.26975250E+00      0.00000000      0.00000000
  0.01340000 -0.33913330E+02  0.26550293E+00      0.00000000      0.00000000
  0.01360000 -0.33650055E+02  0.26116943E+00      0.00000000      0.00000000
  0.01380000 -0.33393906E+02  0.25708008E+00      0.00000000      0.00000000
  0.01400000 -0.33135712E+02  0.25292969E+00      0.00000000      0.00000000
  0.01420000 -0.32884338E+02  0.24899292E+00      0.00000000      0.00000000
  0.01440000 -0.32637329E+02  0.24505615E+00      0.00000000      0.00000000
  0.01460000 -0.32393646E+02  0.24143982E+00      0.00000000      0.00000000
  0.01480000 -0.32157333E+02  0.23774719E+00      0.00000000      0.00000000
  0.01500000 -0.31921402E+02  0.23410416E+00      0.00000000      0.00000000
  0.01520000 -0.31689423E+02  0.23058128E+00      0.00000000      0.00000000
  0.01540000 -0.31459122E+02  0.22712898E+00      0.00000000      0.00000000
  0.01560000 -0.31235458E+02  0.22383595E+00      0.00000000      0.00000000
  0.01580000 -0.31014214E+02  0.22058105E+00      0.00000000      0.00000000
  0.01600000 -0.30793961E+02  0.21731091E+00      0.00000000      0.00000000
  0.01619999 -0.30578247E+02  0.21410656E+00      0.00000000      0.00000000
  0.01640000 -0.30365944E+02  0.21114635E+00      0.00000000      0.00000000
  0.01660000 -0.30156548E+02  0.20812321E+00      0.00000000      0.00000000
  0.01680000 -0.29950005E+02  0.20510387E+00      0.00000000      0.00000000
  0.01700000 -0.29747162E+02  0.20221519E+00      0.00000000      0.00000000
  0.01720000 -0.29545158E+02  0.19941759E+00      0.00000000      0.00000000
  0.01740000 -0.29344254E+02  0.19658160E+00      0.00000000      0.00000000
  0.01760000 -0.29149002E+02  0.19384217E+00      0.00000000      0.00000000
  0.01780000 -0.28957161E+02  0.19133878E+00      0.00000000      0.00000000
  0.01800000 -0.28769508E+02  0.18867350E+00      0.00000000      0.00000000
  0.01820000 -0.28580097E+02  0.18609953E+00      0.00000000      0.00000000
  0.01840000 -0.28394558E+02  0.18359900E+00      0.00000000      0.00000000
  0.01860000 -0.28211674E+02  0.18118310E+00      0.00000000      0.00000000
  0.01880000 -0.28031059E+02  0.17874789E+00      0.00000000      0.00000000
  0.01900000 -0.27852932E+02  0.17639875E+00      0.00000000      0.00000000
  0.01920000 -0.27679558E+02  0.17409086E+00      0.00000000      0.00000000
  0.01940000 -0.27507168E+02  0.17179537E+00      0.00000000      0.00000000
  0.01960000 -0.27335442E+02  0.16961098E+00      0.00000000      0.00000000
  0.01980000 -0.27165951E+02  0.16742897E+00      0.00000000      0.00000000
  0.02000000 -0.27000793E+02  0.16534448E+00      0.00000000      0.00000000
  0.02020000 -0.26836288E+02  0.16323161E+00      0.00000000      0.00000000
  0.02040000 -0.26675938E+02  0.16116202E+00      0.00000000      0.00000000
  0.02060000 -0.26515427E+02  0.15918565E+00      0.00000000      0.00000000
  0.02080000 -0.26355907E+02  0.15719843E+00      0.00000000      0.00000000
  0.02100000 -0.26199223E+02  0.15517652E+00      0.00000000      0.00000000
  0.02120000 -0.26046413E+02  0.15332687E+00      0.00000000      0.00000000
  0.02140000 -0.25894321E+02  0.15150893E+00      0.00000000      0.00000000
  0.02160000 -0.25743856E+02  0.14970034E+00      0.00000000      0.00000000
  0.02180000 -0.25595388E+02  0.14791739E+00      0.00000000      0.00000000
  0.02200000 -0.25448296E+02  0.14610791E+00      0.00000000      0.00000000
  0.02220000 -0.25304943E+02  0.14437687E+00      0.00000000      0.00000000
  0.02240000 -0.25162245E+02  0.14271873E+00      0.00000000      0.00000000
  0.02260000 -0.25018269E+02  0.14099938E+00      0.00000000      0.00000000
  0.02280000 -0.24877998E+02  0.13932562E+00      0.00000000      0.00000000
  0.02300000 -0.24738039E+02  0.13771117E+00      0.00000000      0.00000000
  0.02320000 -0.24603544E+02  0.13613349E+00      0.00000000      0.00000000
  0.02340000 -0.24468349E+02  0.13460737E+00      0.00000000      0.00000000
  0.02360000 -0.24333101E+02  0.13307184E+00      0.00000000      0.00000000
  0.02380000 -0.24202160E+02  0.13159174E+00      0.00000000      0.00000000
  0.02400000 -0.24070242E+02  0.13008839E+00      0.00000000      0.00000000
  0.02420000 -0.23941164E+02  0.12862408E+00      0.00000000      0.00000000
  0.02440000 -0.23813635E+02  0.12721485E+00      0.00000000      0.00000000
  0.02460000 -0.23687082E+02  0.12579459E+00      0.00000000      0.00000000
  0.02480000 -0.23562254E+02  0.12443781E+00      0.00000000      0.00000000
  0.02500000 -0.23438276E+02  0.12296751E+00      0.00000000      0.00000000
  0.02520000 -0.23315981E+02  0.12163877E+00      0.00000000      0.00000000
  0.02540000 -0.23194777E+02  0.12033999E+00      0.00000000      0.00000000
  0.02560000 -0.23075556E+02  0.11904779E+00      0.00000000      0.00000000
  0.02580000 -0.22957029E+02  0.11779043E+00      0.00000000      0.00000000
  0.02600000 -0.22841370E+02  0.11654982E+00      0.00000000      0.00000000
  0.02620000 -0.22726206E+02  0.11531597E+00      0.00000000      0.00000000
  0.02640000 -0.22609915E+02  0.11408845E+00      0.00000000      0.00000000
  0.02660000 -0.22497013E+02  0.11292306E+00      0.00000000      0.00000000
  0.02680000 -0.22383509E+02  0.11168957E+00      0.00000000      0.00000000
  0.02700000 -0.22271675E+02  0.11056033E+00      0.00000000      0.00000000
  0.02720000 -0.22160896E+02  0.10940269E+00      0.00000000      0.00000000
  0.02740000 -0.22052341E+02  0.10830030E+00      0.00000000      0.00000000
  0.02760000 -0.21944214E+02  0.10710496E+00      0.00000000      0.00000000
  0.02780000 -0.21838760E+02  0.10608888E+00      0.00000000      0.00000000
  0.02800000 -0.21732811E+02  0.10501882E+00      0.00000000      0.00000000
  0.02820000 -0.21628452E+02  0.10391104E+00      0.00000000      0.00000000
  0.02840000 -0.21525677E+02  0.10290059E+00      0.00000000      0.00000000
  0.02860000 -0.21423641E+02  0.10188884E+00      0.00000000      0.00000000
  0.02880000 -0.21322079E+02  0.10088928E+00      0.00000000      0.00000000
  0.02900000 -0.21221096E+02  0.99847630E-01      0.00000000      0.00000000
  0.02920000 -0.21122406E+02  0.98880455E-01      0.00000000      0.00000000
  0.02940000 -0.21023918E+02  0.97905427E-01      0.00000000      0.00000000
  0.02959999 -0.20927114E+02  0.96942931E-01      0.00000000      0.00000000
  0.02980000 -0.20830082E+02  0.95994100E-01      0.00000000      0.00000000
  0.03000000 -0.20734770E+02  0.95088303E-01      0.00000000      0.00000000
  0.03020000 -0.20639288E+02  0.94166234E-01      0.00000000      0.00000000
  0.03040000 -0.20545357E+02  0.93257278E-01      0.00000000      0.00000000
  0.03060000 -0.20453083E+02  0.92382148E-01      0.00000000      0.00000000
  0.03080000 -0.20361996E+02  0.91548398E-01      0.00000000      0.00000000
  0.03100000 -0.20271015E+02  0.90675905E-01      0.00000000      0.00000000
  0.03120000 -0.20181259E+02  0.89810088E-01      0.00000000      0.00000000
  0.03140000 -0.20091976E+02  0.88988096E-01      0.00000000      0.00000000
  0.03160000 -0.20003601E+02  0.88156477E-01      0.00000000      0.00000000
  0.03179999 -0.19915136E+02  0.87304026E-01      0.00000000      0.00000000
  0.03200001 -0.19828236E+02  0.86523190E-01      0.00000000      0.00000000
  0.03220000 -0.19742443E+02  0.85728705E-01      0.00000000      0.00000000
  0.03240000 -0.19656471E+02  0.84960446E-01      0.00000000      0.00000000
  0.03260000 -0.19572359E+02  0.84177166E-01      0.00000000      0.00000000
  0.03280000 -0.19488428E+02  0.83479777E-01      0.00000000      0.00000000
  0.03300000 -0.19405312E+02  0.82711667E-01      0.00000000      0.00000000
  0.03320000 -0.19323547E+02  0.81967130E-01      0.00000000      0.00000000
  0.03340000 -0.19241602E+02  0.81205562E-01      0.00000000      0.00000000
  0.03360000 -0.19160625E+02  0.80460593E-01      0.00000000      0.00000000
  0.03380000 -0.19079981E+02  0.79740286E-01      0.00000000      0.00000000
  0.03399999 -0.19000469E+02  0.79053357E-01      0.00000000      0.00000000
  0.03420001 -0.18921207E+02  0.78369886E-01      0.00000000      0.00000000
  0.03440000 -0.18843515E+02  0.77722862E-01      0.00000000      0.00000000
  0.03460000 -0.18766281E+02  0.76990806E-01      0.00000000      0.00000000
  0.03479999 -0.18689222E+02  0.76333359E-01      0.00000000      0.00000000
  0.03500000 -0.18612499E+02  0.75675070E-01      0.00000000      0.00000000
  0.03520000 -0.18538120E+02  0.75058356E-01      0.00000000      0.00000000
  0.03540000 -0.18462912E+02  0.74445613E-01      0.00000000      0.00000000
  0.03560000 -0.18389078E+02  0.73802985E-01      0.00000000      0.00000000
  0.03580000 -0.18315762E+02  0.73149487E-01      0.00000000      0.00000000
  0.03600000 -0.18243216E+02  0.72506517E-01      0.00000000      0.00000000
  0.03619999 -0.18171675E+02  0.71916327E-01      0.00000000      0.00000000
  0.03640000 -0.18100197E+02  0.71337231E-01      0.00000000      0.00000000
  0.03660000 -0.18028522E+02  0.70764825E-01      0.00000000      0.00000000
  0.03680000 -0.17958179E+02  0.70176937E-01      0.00000000      0.00000000
  0.03700000 -0.17888018E+02  0.69591105E-01      0.00000000      0.00000000
  0.03720000 -0.17819550E+02  0.69028050E-01      0.00000000      0.00000000
  0.03740000 -0.17749632E+02  0.68463556E-01      0.00000000      0.00000000
  0.03760000 -0.17682392E+02  0.67885771E-01      0.00000000      0.00000000
  0.03780000 -0.17613955E+02  0.67320473E-01      0.00000000      0.00000000
  0.03800000 -0.17546276E+02  0.66774368E-01      0.00000000      0.00000000
  0.03820000 -0.17479721E+02  0.66248968E-01      0.00000000      0.00000000
  0.03839999 -0.17413717E+02  0.65726981E-01      0.00000000      0.00000000
  0.03860000 -0.17348843E+02  0.65195456E-01      0.00000000      0.00000000
  0.03880000 -0.17284403E+02  0.64669929E-01      0.00000000      0.00000000
  0.03900000 -0.17220243E+02  0.64150646E-01      0.00000000      0.00000000
  0.03920000 -0.17155880E+02  0.63633546E-01      0.00000000      0.00000000
  0.03940000 -0.17093239E+02  0.63153028E-01      0.00000000      0.00000000
  0.03960000 -0.17030756E+02  0.62664628E-01      0.00000000      0.00000000
  0.03980000 -0.16968060E+02  0.62175319E-01      0.00000000      0.00000000
  0.04000000 -0.16905539E+02  0.61688833E-01      0.00000000      0.00000000
  0.04020000 -0.16844521E+02  0.61204322E-01      0.00000000      0.00000000
  0.04040000 -0.16783998E+02  0.60729481E-01      0.00000000      0.00000000
  0.04060000 -0.16723057E+02  0.60282402E-01      0.00000000      0.00000000
  0.04080000 -0.16663128E+02  0.59803911E-01      0.00000000      0.00000000
  0.04100000 -0.16602371E+02  0.59336670E-01      0.00000000      0.00000000
  0.04120000 -0.16543030E+02  0.58882698E-01      0.00000000      0.00000000
  0.04140000 -0.16485619E+02  0.58442988E-01      0.00000000      0.00000000
  0.04160000 -0.16427660E+02  0.58023579E-01      0.00000000      0.00000000
  0.04180000 -0.16369421E+02  0.57573743E-01      0.00000000      0.00000000
  0.04200000 -0.16312338E+02  0.57130754E-01      0.00000000      0.00000000
  0.04220000 -0.16255636E+02  0.56727208E-01      0.00000000      0.00000000
  0.04240000 -0.16198864E+02  0.56299292E-01      0.00000000      0.00000000
  0.04260000 -0.16142601E+02  0.55892315E-01      0.00000000      0.00000000
  0.04280000 -0.16087559E+02  0.55507928E-01      0.00000000      0.00000000
  0.04300000 -0.16032104E+02  0.55080693E-01      0.00000000      0.00000000
  0.04320000 -0.15977297E+02  0.54670233E-01      0.00000000      0.00000000
  0.04340000 -0.15922480E+02  0.54288264E-01      0.00000000      0.00000000
  0.04360000 -0.15868731E+02  0.53896777E-01      0.00000000      0.00000000
  0.04380000 -0.15814369E+02  0.53513117E-01      0.00000000      0.00000000
  0.04400000 -0.15761673E+02  0.53125851E-01      0.00000000      0.00000000
  0.04420000 -0.15708894E+02  0.52699298E-01      0.00000000      0.00000000
  0.04440000 -0.15656164E+02  0.52312739E-01      0.00000000      0.00000000
  0.04460000 -0.15603930E+02  0.51951732E-01      0.00000000      0.00000000
  0.04480000 -0.15552107E+02  0.51581379E-01      0.00000000      0.00000000
  0.04500000 -0.15500699E+02  0.51213417E-01      0.00000000      0.00000000
  0.04520000 -0.15449646E+02  0.50875150E-01      0.00000000      0.00000000
  0.04539999 -0.15398848E+02  0.50499871E-01      0.00000000      0.00000000
  0.04560000 -0.15348724E+02  0.50142672E-01      0.00000000      0.00000000
  0.04580000 -0.15299068E+02  0.49795698E-01      0.00000000      0.00000000
  0.04600000 -0.15249147E+02  0.49467877E-01      0.00000000      0.00000000
  0.04620000 -0.15199949E+02  0.49112521E-01      0.00000000      0.00000000
  0.04640000 -0.15151690E+02  0.48771419E-01      0.00000000      0.00000000
  0.04660000 -0.15103571E+02  0.48427023E-01      0.00000000      0.00000000
  0.04680000 -0.15054574E+02  0.48083648E-01      0.00000000      0.00000000
  0.04700000 -0.15006075E+02  0.47758471E-01      0.00000000      0.00000000
  0.04720000 -0.14958385E+02  0.47445472E-01      0.00000000      0.00000000
  0.04740000 -0.14911273E+02  0.47129568E-01      0.00000000      0.00000000
  0.04759999 -0.14864630E+02  0.46805725E-01      0.00000000      0.00000000
  0.04780000 -0.14817622E+02  0.46468936E-01      0.00000000      0.00000000
  0.04800000 -0.14771425E+02  0.46162501E-01      0.00000000      0.00000000
  0.04820000 -0.14725657E+02  0.45837555E-01      0.00000000      0.00000000
  0.04840000 -0.14680025E+02  0.45549486E-01      0.00000000      0.00000000
  0.04860000 -0.14634450E+02  0.45259908E-01      0.00000000      0.00000000
  0.04880000 -0.14589718E+02  0.44976015E-01      0.00000000      0.00000000
  0.04899999 -0.14544953E+02  0.44673197E-01      0.00000000      0.00000000
  0.04920000 -0.14500381E+02  0.44348557E-01      0.00000000      0.00000000
  0.04940000 -0.14456112E+02  0.44060968E-01      0.00000000      0.00000000
  0.04960000 -0.14411675E+02  0.43770228E-01      0.00000000      0.00000000
  0.04979999 -0.14368218E+02  0.43491144E-01      0.00000000      0.00000000
  0.05000000 -0.14324251E+02  0.43200724E-01      0.00000000      0.00000000
  0.05020000 -0.14281048E+02  0.42929277E-01      0.00000000      0.00000000
  0.05040000 -0.14238075E+02  0.42647507E-01      0.00000000      0.00000000
  0.05060000 -0.14196616E+02  0.42382155E-01      0.00000000      0.00000000
  0.05080000 -0.14154457E+02  0.42091567E-01      0.00000000      0.00000000
  0.05100000 -0.14112286E+02  0.41820217E-01      0.00000000      0.00000000
  0.05119999 -0.14070238E+02  0.41566379E-01      0.00000000      0.00000000
  0.05140000 -0.14028963E+02  0.41303404E-01      0.00000000      0.00000000
  0.05160000 -0.13987453E+02  0.41037183E-01      0.00000000      0.00000000
  0.05180000 -0.13946696E+02  0.40760566E-01      0.00000000      0.00000000
  0.05199999 -0.13906059E+02  0.40508684E-01      0.00000000      0.00000000
  0.05220000 -0.13865696E+02  0.40243842E-01      0.00000000      0.00000000
  0.05240000 -0.13825325E+02  0.40011495E-01      0.00000000      0.00000000
  0.05260000 -0.13786054E+02  0.39753675E-01      0.00000000      0.00000000
  0.05280000 -0.13746484E+02  0.39485425E-01      0.00000000      0.00000000
  0.05300000 -0.13707230E+02  0.39257213E-01      0.00000000      0.00000000
  0.05320000 -0.13668020E+02  0.39044350E-01      0.00000000      0.00000000
  0.05339999 -0.13629200E+02  0.38791426E-01      0.00000000      0.00000000
  0.05360000 -0.13590049E+02  0.38550206E-01      0.00000000      0.00000000
  0.05380000 -0.13551830E+02  0.38289160E-01      0.00000000      0.00000000
  0.05400000 -0.13513827E+02  0.38054414E-01      0.00000000      0.00000000
  0.05420000 -0.13475972E+02  0.37839599E-01      0.00000000      0.00000000
  0.05440000 -0.13438205E+02  0.37611645E-01      0.00000000      0.00000000
  0.05460000 -0.13400743E+02  0.37390802E-01      0.00000000      0.00000000
  0.05480000 -0.13362846E+02  0.37163459E-01      0.00000000      0.00000000
  0.05500000 -0.13325705E+02  0.36953010E-01      0.00000000      0.00000000
  0.05520000 -0.13288630E+02  0.36716036E-01      0.00000000      0.00000000
  0.05540000 -0.13252488E+02  0.36483902E-01      0.00000000      0.00000000
  0.05560000 -0.13215628E+02  0.36251105E-01      0.00000000      0.00000000
  0.05580000 -0.13179865E+02  0.36043014E-01      0.00000000      0.00000000
  0.05600000 -0.13143761E+02  0.35834134E-01      0.00000000      0.00000000
  0.05620000 -0.13107812E+02  0.35628408E-01      0.00000000      0.00000000
  0.05640000 -0.13072085E+02  0.35448760E-01      0.00000000      0.00000000
  0.05660000 -0.13037090E+02  0.35200305E-01      0.00000000      0.00000000
  0.05680000 -0.13001959E+02  0.35001133E-01      0.00000000      0.00000000
  0.05700000 -0.12967482E+02  0.34780316E-01      0.00000000      0.00000000
  0.05720000 -0.12932317E+02  0.34578286E-01      0.00000000      0.00000000
  0.05740000 -0.12897758E+02  0.34353361E-01      0.00000000      0.00000000
  0.05760000 -0.12863428E+02  0.34178123E-01      0.00000000      0.00000000
  0.05780000 -0.12829449E+02  0.33989657E-01      0.00000000      0.00000000
  0.05800000 -0.12795563E+02  0.33791251E-01      0.00000000      0.00000000
  0.05819999 -0.12761764E+02  0.33604681E-01      0.00000000      0.00000000
  0.05840000 -0.12728506E+02  0.33427313E-01      0.00000000      0.00000000
  0.05860000 -0.12695349E+02  0.33236995E-01      0.00000000      0.00000000
  0.05880000 -0.12662556E+02  0.33034161E-01      0.00000000      0.00000000
  0.05900000 -0.12629301E+02  0.32840893E-01      0.00000000      0.00000000
  0.05920000 -0.12596354E+02  0.32642979E-01      0.00000000      0.00000000
  0.05940000 -0.12563974E+02  0.32447413E-01      0.00000000      0.00000000
  0.05960000 -0.12532011E+02  0.32257840E-01      0.00000000      0.00000000
  0.05980000 -0.12499440E+02  0.32078277E-01      0.00000000      0.00000000
  0.06000000 -0.12467024E+02  0.31919807E-01      0.00000000      0.00000000
  0.06020000 -0.12435129E+02  0.31735420E-01      0.00000000      0.00000000
  0.06039999 -0.12403649E+02  0.31562503E-01      0.00000000      0.00000000
  0.06060000 -0.12372178E+02  0.31359755E-01      0.00000000      0.00000000
  0.06080000 -0.12340984E+02  0.31183178E-01      0.00000000      0.00000000
  0.06100000 -0.12309838E+02  0.31037470E-01      0.00000000      0.00000000
  0.06119999 -0.12278786E+02  0.30875802E-01      0.00000000      0.00000000
  0.06140000 -0.12248133E+02  0.30711677E-01      0.00000000      0.00000000
  0.06160000 -0.12217585E+02  0.30525250E-01      0.00000000      0.00000000
  0.06180000 -0.12187219E+02  0.30354545E-01      0.00000000      0.00000000
  0.06200000 -0.12157071E+02  0.30198669E-01      0.00000000      0.00000000
  0.06220000 -0.12127210E+02  0.30037768E-01      0.00000000      0.00000000
  0.06240000 -0.12097274E+02  0.29868970E-01      0.00000000      0.00000000
  0.06259999 -0.12067316E+02  0.29689996E-01      0.00000000      0.00000000
  0.06280001 -0.12037465E+02  0.29526802E-01      0.00000000      0.00000000
  0.06300000 -0.12008047E+02  0.29374555E-01      0.00000000      0.00000000
  0.06320000 -0.11978747E+02  0.29237760E-01      0.00000000      0.00000000
  0.06339999 -0.11949377E+02  0.29065875E-01      0.00000000      0.00000000
  0.06360000 -0.11920657E+02  0.28924476E-01      0.00000000      0.00000000
  0.06380000 -0.11892121E+02  0.28779631E-01      0.00000000      0.00000000
  0.06400000 -0.11863352E+02  0.28604522E-01      0.00000000      0.00000000
  0.06420000 -0.11834713E+02  0.28446238E-01      0.00000000      0.00000000
  0.06440000 -0.11806244E+02  0.28289452E-01      0.00000000      0.00000000
  0.06460000 -0.11778010E+02  0.28142033E-01      0.00000000      0.00000000
  0.06479999 -0.11750196E+02  0.27997281E-01      0.00000000      0.00000000
  0.06500000 -0.11722421E+02  0.27853474E-01      0.00000000      0.00000000
  0.06520000 -0.11694616E+02  0.27714018E-01      0.00000000      0.00000000
  0.06540000 -0.11666877E+02  0.27561583E-01      0.00000000      0.00000000
  0.06559999 -0.11639565E+02  0.27428251E-01      0.00000000      0.00000000
  0.06580000 -0.11612112E+02  0.27294129E-01      0.00000000      0.00000000
  0.06600000 -0.11584761E+02  0.27141701E-01      0.00000000      0.00000000
  0.06620000 -0.11557675E+02  0.26983917E-01      0.00000000      0.00000000
  0.06640000 -0.11530858E+02  0.26865758E-01      0.00000000      0.00000000
  0.06660000 -0.11504181E+02  0.26739344E-01      0.00000000      0.00000000
  0.06680001 -0.11477172E+02  0.26587233E-01      0.00000000      0.00000000
  0.06699999 -0.11450725E+02  0.26456062E-01      0.00000000      0.00000000
  0.06720000 -0.11424337E+02  0.26306586E-01      0.00000000      0.00000000
  0.06739999 -0.11398229E+02  0.26171979E-01      0.00000000      0.00000000
  0.06760000 -0.11372273E+02  0.26031058E-01      0.00000000      0.00000000
  0.06780000 -0.11345900E+02  0.25901720E-01      0.00000000      0.00000000
  0.06800000 -0.11320154E+02  0.25789592E-01      0.00000000      0.00000000
  0.06820000 -0.11294408E+02  0.25646057E-01      0.00000000      0.00000000
  0.06840000 -0.11268848E+02  0.25534563E-01      0.00000000      0.00000000
  0.06859999 -0.11243594E+02  0.25408648E-01      0.00000000      0.00000000
  0.06880000 -0.11218404E+02  0.25269018E-01      0.00000000      0.00000000
  0.06900001 -0.11193176E+02  0.25126718E-01      0.00000000      0.00000000
  0.06919999 -0.11168065E+02  0.25006175E-01      0.00000000      0.00000000
  0.06940000 -0.11143188E+02  0.24876611E-01      0.00000000      0.00000000
  0.06960000 -0.11118318E+02  0.24765894E-01      0.00000000      0.00000000
  0.06980000 -0.11093554E+02  0.24647882E-01      0.00000000      0.00000000
  0.07000000 -0.11069080E+02  0.24525942E-01      0.00000000      0.00000000
  0.07020000 -0.11045008E+02  0.24405949E-01      0.00000000      0.00000000
  0.07040000 -0.11020314E+02  0.24297062E-01      0.00000000      0.00000000
  0.07060000 -0.10995674E+02  0.24175813E-01      0.00000000      0.00000000
  0.07079999 -0.10971429E+02  0.24058014E-01      0.00000000      0.00000000
  0.07099999 -0.10947500E+02  0.23933429E-01      0.00000000      0.00000000
  0.07120001 -0.10923787E+02  0.23801971E-01      0.00000000      0.00000000
  0.07139999 -0.10900313E+02  0.23677081E-01      0.00000000      0.00000000
  0.07160000 -0.10876425E+02  0.23564564E-01      0.00000000      0.00000000
  0.07180000 -0.10852662E+02  0.23447003E-01      0.00000000      0.00000000
  0.07200000 -0.10829437E+02  0.23346476E-01      0.00000000      0.00000000
  0.07220000 -0.10806174E+02  0.23219876E-01      0.00000000      0.00000000
  0.07239999 -0.10782981E+02  0.23118660E-01      0.00000000      0.00000000
  0.07260000 -0.10759925E+02  0.23022978E-01      0.00000000      0.00000000
  0.07280000 -0.10737102E+02  0.22918303E-01      0.00000000      0.00000000
  0.07299999 -0.10714176E+02  0.22812556E-01      0.00000000      0.00000000
  0.07319999 -0.10691043E+02  0.22693284E-01      0.00000000      0.00000000
  0.07340001 -0.10668623E+02  0.22579592E-01      0.00000000      0.00000000
  0.07359999 -0.10646290E+02  0.22468802E-01      0.00000000      0.00000000
  0.07380000 -0.10623813E+02  0.22362050E-01      0.00000000      0.00000000
  0.07400000 -0.10601507E+02  0.22258826E-01      0.00000000      0.00000000
  0.07420000 -0.10579451E+02  0.22153627E-01      0.00000000      0.00000000
  0.07440000 -0.10557263E+02  0.22063006E-01      0.00000000      0.00000000
  0.07460000 -0.10535371E+02  0.21957647E-01      0.00000000      0.00000000
  0.07480000 -0.10513414E+02  0.21861067E-01      0.00000000      0.00000000
  0.07500000 -0.10491570E+02  0.21749472E-01      0.00000000      0.00000000
  0.07519999 -0.10470142E+02  0.21636397E-01      0.00000000      0.00000000
  0.07539999 -0.10448443E+02  0.21533888E-01      0.00000000      0.00000000
  0.07560000 -0.10427137E+02  0.21435168E-01      0.00000000      0.00000000
  0.07579999 -0.10405746E+02  0.21339037E-01      0.00000000      0.00000000
  0.07600000 -0.10384515E+02  0.21251922E-01      0.00000000      0.00000000
  0.07620000 -0.10363188E+02  0.21157030E-01      0.00000000      0.00000000
  0.07640000 -0.10341735E+02  0.21075176E-01      0.00000000      0.00000000
  0.07660000 -0.10320778E+02  0.20970300E-01      0.00000000      0.00000000
  0.07680000 -0.10299819E+02  0.20858966E-01      0.00000000      0.00000000
  0.07699999 -0.10278963E+02  0.20770147E-01      0.00000000      0.00000000
  0.07720000 -0.10258513E+02  0.20668041E-01      0.00000000      0.00000000
  0.07739999 -0.10237853E+02  0.20576425E-01      0.00000000      0.00000000
  0.07759999 -0.10217240E+02  0.20502552E-01      0.00000000      0.00000000
  0.07780000 -0.10196830E+02  0.20390876E-01      0.00000000      0.00000000
  0.07799999 -0.10176483E+02  0.20302098E-01      0.00000000      0.00000000
  0.07820000 -0.10156051E+02  0.20210369E-01      0.00000000      0.00000000
  0.07840000 -0.10135900E+02  0.20118998E-01      0.00000000      0.00000000
  0.07860000 -0.10115833E+02  0.20021345E-01      0.00000000      0.00000000
  0.07880000 -0.10096027E+02  0.19930860E-01      0.00000000      0.00000000
  0.07900000 -0.10076047E+02  0.19846961E-01      0.00000000      0.00000000
  0.07919999 -0.10056261E+02  0.19769637E-01      0.00000000      0.00000000
  0.07940000 -0.10036491E+02  0.19659868E-01      0.00000000      0.00000000
  0.07960001 -0.10016945E+02  0.19581940E-01      0.00000000      0.00000000
  0.07979999 -0.99975424E+01  0.19499030E-01      0.00000000      0.00000000
