 -0.04000000  0.95210419E+01  0.25939941E-01      0.00000000      0.00000000
 -0.03980000  0.95472183E+01  0.26062012E-01      0.00000000      0.00000000
 -0.03960000  0.95736809E+01  0.26187897E-01      0.00000000      0.00000000
 -0.03940000  0.95997572E+01  0.26321411E-01      0.00000000      0.00000000
 -0.03920000  0.96261196E+01  0.26443481E-01      0.00000000      0.00000000
 -0.03900000  0.96525116E+01  0.26588440E-01      0.00000000      0.00000000
 -0.03880000  0.96792450E+01  0.26733398E-01      0.00000000      0.00000000
 -0.03860000  0.97061157E+01  0.26885986E-01      0.00000000      0.00000000
 -0.03840000  0.97326660E+01  0.26977539E-01      0.00000000      0.00000000
 -0.03820000  0.97597961E+01  0.27130127E-01      0.00000000      0.00000000
 -0.03800000  0.97871399E+01  0.27282715E-01      0.00000000      0.00000000
 -0.03780000  0.98147430E+01  0.27442932E-01      0.00000000      0.00000000
 -0.03760000  0.98415909E+01  0.27568817E-01      0.00000000      0.00000000
 -0.03740000  0.98693008E+01  0.27709961E-01      0.00000000      0.00000000
 -0.03720000  0.98969498E+01  0.27856827E-01      0.00000000      0.00000000
 -0.03700000  0.99249687E+01  0.28017044E-01      0.00000000      0.00000000
 -0.03680000  0.99532661E+01  0.28151512E-01      0.00000000      0.00000000
 -0.03660000  0.99816208E+01  0.28293610E-01      0.00000000      0.00000000
 -0.03640000  0.10010233E+02  0.28462410E-01      0.00000000      0.00000000
 -0.03620000  0.10038551E+02  0.28617859E-01      0.00000000      0.00000000
 -0.03600000  0.10066849E+02  0.28759003E-01      0.00000000      0.00000000
 -0.03580000  0.10095825E+02  0.28911591E-01      0.00000000      0.00000000
 -0.03560000  0.10124767E+02  0.29060364E-01      0.00000000      0.00000000
 -0.03540000  0.10153557E+02  0.29228210E-01      0.00000000      0.00000000
 -0.03520000  0.10183121E+02  0.29403687E-01      0.00000000      0.00000000
 -0.03500000  0.10212418E+02  0.29541016E-01      0.00000000      0.00000000
 -0.03480000  0.10242325E+02  0.29693604E-01      0.00000000      0.00000000
 -0.03460000  0.10272247E+02  0.29876709E-01      0.00000000      0.00000000
 -0.03440000  0.10302124E+02  0.30044556E-01      0.00000000      0.00000000
 -0.03420000  0.10332657E+02  0.30189514E-01      0.00000000      0.00000000
 -0.03400000  0.10362732E+02  0.30368805E-01      0.00000000      0.00000000
 -0.03380000  0.10393341E+02  0.30536652E-01      0.00000000      0.00000000
 -0.03360000  0.10424080E+02  0.30714035E-01      0.00000000      0.00000000
 -0.03340000  0.10454643E+02  0.30874252E-01      0.00000000      0.00000000
 -0.03320000  0.10485794E+02  0.31053543E-01      0.00000000      0.00000000
 -0.03300000  0.10516815E+02  0.31233788E-01      0.00000000      0.00000000
 -0.03280000  0.10548058E+02  0.31403065E-01      0.00000000      0.00000000
 -0.03260000  0.10579758E+02  0.31574249E-01      0.00000000      0.00000000
 -0.03240000  0.10611481E+02  0.31760693E-01      0.00000000      0.00000000
 -0.03220000  0.10643265E+02  0.31940222E-01      0.00000000      0.00000000
 -0.03200000  0.10675346E+02  0.32125711E-01      0.00000000      0.00000000
 -0.03180000  0.10707916E+02  0.32293797E-01      0.00000000      0.00000000
 -0.03160000  0.10740356E+02  0.32487869E-01      0.00000000      0.00000000
 -0.03140000  0.10773006E+02  0.32675505E-01      0.00000000      0.00000000
 -0.03120000  0.10805614E+02  0.32872200E-01      0.00000000      0.00000000
 -0.03100000  0.10838326E+02  0.33046961E-01      0.00000000      0.00000000
 -0.03080000  0.10871376E+02  0.33239841E-01      0.00000000      0.00000000
 -0.03060000  0.10904778E+02  0.33437967E-01      0.00000000      0.00000000
 -0.03040000  0.10938507E+02  0.33636570E-01      0.00000000      0.00000000
 -0.03020000  0.10972134E+02  0.33822536E-01      0.00000000      0.00000000
 -0.03000000  0.11005939E+02  0.34016490E-01      0.00000000      0.00000000
 -0.02980000  0.11039917E+02  0.34212470E-01      0.00000000      0.00000000
 -0.02960000  0.11073956E+02  0.34415245E-01      0.00000000      0.00000000
 -0.02940000  0.11108299E+02  0.34605980E-01      0.00000000      0.00000000
 -0.02920000  0.11143192E+02  0.34802556E-01      0.00000000      0.00000000
 -0.02900000  0.11178204E+02  0.35011768E-01      0.00000000      0.00000000
 -0.02880000  0.11213211E+02  0.35227001E-01      0.00000000      0.00000000
 -0.02860000  0.11248894E+02  0.35440266E-01      0.00000000      0.00000000
 -0.02840000  0.11284370E+02  0.35667002E-01      0.00000000      0.00000000
 -0.02820000  0.11320030E+02  0.35873234E-01      0.00000000      0.00000000
 -0.02800000  0.11356316E+02  0.36077380E-01      0.00000000      0.00000000
 -0.02780000  0.11392918E+02  0.36286116E-01      0.00000000      0.00000000
 -0.02760000  0.11428988E+02  0.36520779E-01      0.00000000      0.00000000
 -0.02740000  0.11465666E+02  0.36737323E-01      0.00000000      0.00000000
 -0.02720000  0.11502939E+02  0.36969900E-01      0.00000000      0.00000000
 -0.02700000  0.11539680E+02  0.37204623E-01      0.00000000      0.00000000
 -0.02680000  0.11576725E+02  0.37429035E-01      0.00000000      0.00000000
 -0.02660000  0.11614861E+02  0.37660003E-01      0.00000000      0.00000000
 -0.02640000  0.11652771E+02  0.37890136E-01      0.00000000      0.00000000
 -0.02620000  0.11690748E+02  0.38126409E-01      0.00000000      0.00000000
 -0.02600000  0.11728579E+02  0.38355708E-01      0.00000000      0.00000000
 -0.02580000  0.11766899E+02  0.38604200E-01      0.00000000      0.00000000
 -0.02560000  0.11805639E+02  0.38850307E-01      0.00000000      0.00000000
 -0.02540000  0.11844458E+02  0.39078921E-01      0.00000000      0.00000000
 -0.02520000  0.11883757E+02  0.39329320E-01      0.00000000      0.00000000
 -0.02500000  0.11923506E+02  0.39584875E-01      0.00000000      0.00000000
 -0.02480000  0.11963179E+02  0.39813846E-01      0.00000000      0.00000000
 -0.02460000  0.12003305E+02  0.40082514E-01      0.00000000      0.00000000
 -0.02440000  0.12043949E+02  0.40344357E-01      0.00000000      0.00000000
 -0.02420000  0.12084396E+02  0.40585011E-01      0.00000000      0.00000000
 -0.02400000  0.12124599E+02  0.40842563E-01      0.00000000      0.00000000
 -0.02380000  0.12165098E+02  0.41106284E-01      0.00000000      0.00000000
 -0.02360000  0.12206297E+02  0.41360527E-01      0.00000000      0.00000000
 -0.02340000  0.12247923E+02  0.41630596E-01      0.00000000      0.00000000
 -0.02320000  0.12289850E+02  0.41904420E-01      0.00000000      0.00000000
 -0.02300000  0.12331575E+02  0.42184353E-01      0.00000000      0.00000000
 -0.02280000  0.12374598E+02  0.42451054E-01      0.00000000      0.00000000
 -0.02260000  0.12416868E+02  0.42721421E-01      0.00000000      0.00000000
 -0.02240000  0.12459621E+02  0.43012291E-01      0.00000000      0.00000000
 -0.02220000  0.12502234E+02  0.43292224E-01      0.00000000      0.00000000
 -0.02200000  0.12545959E+02  0.43576658E-01      0.00000000      0.00000000
 -0.02180000  0.12589846E+02  0.43860763E-01      0.00000000      0.00000000
 -0.02160000  0.12633423E+02  0.44162959E-01      0.00000000      0.00000000
 -0.02140000  0.12677727E+02  0.44454277E-01      0.00000000      0.00000000
 -0.02120000  0.12722759E+02  0.44753641E-01      0.00000000      0.00000000
 -0.02100000  0.12767900E+02  0.45060456E-01      0.00000000      0.00000000
 -0.02080000  0.12813260E+02  0.45371190E-01      0.00000000      0.00000000
 -0.02060000  0.12858242E+02  0.45671821E-01      0.00000000      0.00000000
 -0.02040000  0.12904112E+02  0.45976743E-01      0.00000000      0.00000000
 -0.02020000  0.12949750E+02  0.46295062E-01      0.00000000      0.00000000
 -0.02000000  0.12996136E+02  0.46612486E-01      0.00000000      0.00000000
 -0.01980000  0.13043405E+02  0.46924695E-01      0.00000000      0.00000000
 -0.01960000  0.13091002E+02  0.47255382E-01      0.00000000      0.00000000
 -0.01940000  0.13138592E+02  0.47572747E-01      0.00000000      0.00000000
 -0.01920000  0.13186725E+02  0.47890574E-01      0.00000000      0.00000000
 -0.01900000  0.13234451E+02  0.48228860E-01      0.00000000      0.00000000
 -0.01880000  0.13282380E+02  0.48570037E-01      0.00000000      0.00000000
 -0.01860000  0.13330526E+02  0.48906386E-01      0.00000000      0.00000000
 -0.01840000  0.13379789E+02  0.49239695E-01      0.00000000      0.00000000
 -0.01820000  0.13428673E+02  0.49591064E-01      0.00000000      0.00000000
 -0.01800000  0.13478861E+02  0.49950898E-01      0.00000000      0.00000000
 -0.01780000  0.13529570E+02  0.50302014E-01      0.00000000      0.00000000
 -0.01760000  0.13579309E+02  0.50654441E-01      0.00000000      0.00000000
 -0.01740000  0.13630154E+02  0.51012918E-01      0.00000000      0.00000000
 -0.01720000  0.13681146E+02  0.51383600E-01      0.00000000      0.00000000
 -0.01700000  0.13732961E+02  0.51746100E-01      0.00000000      0.00000000
 -0.01680000  0.13785362E+02  0.52139714E-01      0.00000000      0.00000000
 -0.01660000  0.13838418E+02  0.52525088E-01      0.00000000      0.00000000
 -0.01640000  0.13891079E+02  0.52905291E-01      0.00000000      0.00000000
 -0.01620000  0.13943624E+02  0.53283274E-01      0.00000000      0.00000000
 -0.01600000  0.13996934E+02  0.53672194E-01      0.00000000      0.00000000
 -0.01580000  0.14050676E+02  0.54079577E-01      0.00000000      0.00000000
 -0.01560000  0.14104593E+02  0.54468632E-01      0.00000000      0.00000000
 -0.01540000  0.14159040E+02  0.54867938E-01      0.00000000      0.00000000
 -0.01520000  0.14214125E+02  0.55267148E-01      0.00000000      0.00000000
 -0.01500000  0.14269619E+02  0.55679917E-01      0.00000000      0.00000000
 -0.01480000  0.14325851E+02  0.56096725E-01      0.00000000      0.00000000
 -0.01460000  0.14382100E+02  0.56532875E-01      0.00000000      0.00000000
 -0.01440000  0.14438674E+02  0.56965105E-01      0.00000000      0.00000000
 -0.01420000  0.14496433E+02  0.57393774E-01      0.00000000      0.00000000
 -0.01400000  0.14553886E+02  0.57831094E-01      0.00000000      0.00000000
 -0.01380000  0.14612234E+02  0.58270358E-01      0.00000000      0.00000000
 -0.01360000  0.14670595E+02  0.58727868E-01      0.00000000      0.00000000
 -0.01340000  0.14729288E+02  0.59155382E-01      0.00000000      0.00000000
 -0.01320000  0.14788906E+02  0.59625171E-01      0.00000000      0.00000000
 -0.01300000  0.14848675E+02  0.60098752E-01      0.00000000      0.00000000
 -0.01280000  0.14909021E+02  0.60553923E-01      0.00000000      0.00000000
 -0.01260000  0.14969936E+02  0.61019063E-01      0.00000000      0.00000000
 -0.01240000  0.15031958E+02  0.61486639E-01      0.00000000      0.00000000
 -0.01220000  0.15093855E+02  0.61996728E-01      0.00000000      0.00000000
 -0.01200000  0.15155762E+02  0.62476814E-01      0.00000000      0.00000000
 -0.01180000  0.15218269E+02  0.62965520E-01      0.00000000      0.00000000
 -0.01160000  0.15281756E+02  0.63466690E-01      0.00000000      0.00000000
 -0.01140000  0.15345228E+02  0.63982576E-01      0.00000000      0.00000000
 -0.01120000  0.15409605E+02  0.64511351E-01      0.00000000      0.00000000
 -0.01100000  0.15474876E+02  0.65028265E-01      0.00000000      0.00000000
 -0.01080000  0.15539694E+02  0.65535277E-01      0.00000000      0.00000000
 -0.01060000  0.15605749E+02  0.66086628E-01      0.00000000      0.00000000
 -0.01040000  0.15672087E+02  0.66626735E-01      0.00000000      0.00000000
 -0.01020000  0.15739221E+02  0.67164756E-01      0.00000000      0.00000000
 -0.01000000  0.15806155E+02  0.67739010E-01      0.00000000      0.00000000
 -0.00980000  0.15873608E+02  0.68302967E-01      0.00000000      0.00000000
 -0.00960000  0.15941827E+02  0.68847477E-01      0.00000000      0.00000000
 -0.00940000  0.16011341E+02  0.69423646E-01      0.00000000      0.00000000
 -0.00920000  0.16081272E+02  0.70029914E-01      0.00000000      0.00000000
 -0.00900000  0.16151415E+02  0.70609622E-01      0.00000000      0.00000000
 -0.00880000  0.16222645E+02  0.71216747E-01      0.00000000      0.00000000
 -0.00860000  0.16294462E+02  0.71813501E-01      0.00000000      0.00000000
 -0.00840000  0.16366627E+02  0.72412133E-01      0.00000000      0.00000000
 -0.00820000  0.16439383E+02  0.73040307E-01      0.00000000      0.00000000
 -0.00800000  0.16512545E+02  0.73666677E-01      0.00000000      0.00000000
 -0.00780000  0.16587366E+02  0.74295327E-01      0.00000000      0.00000000
 -0.00760000  0.16661892E+02  0.74918106E-01      0.00000000      0.00000000
 -0.00740000  0.16737015E+02  0.75608291E-01      0.00000000      0.00000000
 -0.00720000  0.16812592E+02  0.76261953E-01      0.00000000      0.00000000
 -0.00700000  0.16888311E+02  0.76930419E-01      0.00000000      0.00000000
 -0.00680000  0.16965561E+02  0.77578954E-01      0.00000000      0.00000000
 -0.00660000  0.17043350E+02  0.78261346E-01      0.00000000      0.00000000
 -0.00640000  0.17121069E+02  0.78965463E-01      0.00000000      0.00000000
 -0.00620000  0.17200129E+02  0.79700559E-01      0.00000000      0.00000000
 -0.00600000  0.17280712E+02  0.80413893E-01      0.00000000      0.00000000
 -0.00580000  0.17361305E+02  0.81122354E-01      0.00000000      0.00000000
 -0.00560000  0.17443127E+02  0.81852719E-01      0.00000000      0.00000000
 -0.00540000  0.17525591E+02  0.82602918E-01      0.00000000      0.00000000
 -0.00520000  0.17608831E+02  0.83353579E-01      0.00000000      0.00000000
 -0.00500000  0.17692511E+02  0.84118925E-01      0.00000000      0.00000000
 -0.00480000  0.17776012E+02  0.84892556E-01      0.00000000      0.00000000
 -0.00460000  0.17860214E+02  0.85684389E-01      0.00000000      0.00000000
 -0.00440000  0.17947260E+02  0.86495787E-01      0.00000000      0.00000000
 -0.00420000  0.18035109E+02  0.87314770E-01      0.00000000      0.00000000
 -0.00400000  0.18122391E+02  0.88134326E-01      0.00000000      0.00000000
 -0.00380000  0.18211437E+02  0.88990711E-01      0.00000000      0.00000000
 -0.00360000  0.18301962E+02  0.89825332E-01      0.00000000      0.00000000
 -0.00340000  0.18392229E+02  0.90702005E-01      0.00000000      0.00000000
 -0.00320000  0.18482721E+02  0.91554150E-01      0.00000000      0.00000000
 -0.00300000  0.18575195E+02  0.92426643E-01      0.00000000      0.00000000
 -0.00280000  0.18666983E+02  0.93296811E-01      0.00000000      0.00000000
 -0.00260000  0.18760017E+02  0.94213925E-01      0.00000000      0.00000000
 -0.00240000  0.18854019E+02  0.95127568E-01      0.00000000      0.00000000
 -0.00220000  0.18950623E+02  0.96083820E-01      0.00000000      0.00000000
 -0.00200000  0.19047737E+02  0.97028151E-01      0.00000000      0.00000000
 -0.00180000  0.19144505E+02  0.97975507E-01      0.00000000      0.00000000
 -0.00160000  0.19243750E+02  0.98986082E-01      0.00000000      0.00000000
 -0.00140000  0.19343569E+02  0.99967435E-01      0.00000000      0.00000000
 -0.00120000  0.19444939E+02  0.10102154E+00      0.00000000      0.00000000
 -0.00100000  0.19545210E+02  0.10203100E+00      0.00000000      0.00000000
 -0.00080000  0.19648481E+02  0.10309060E+00      0.00000000      0.00000000
 -0.00060000  0.19751637E+02  0.10411035E+00      0.00000000      0.00000000
 -0.00040000  0.19856752E+02  0.10516373E+00      0.00000000      0.00000000
 -0.00020000  0.19962612E+02  0.10626771E+00      0.00000000      0.00000000
  0.00000000  0.20069407E+02  0.10736702E+00      0.00000000      0.00000000
  0.00020000  0.20175840E+02  0.10847272E+00      0.00000000      0.00000000
  0.00040000  0.20285387E+02  0.10960972E+00      0.00000000      0.00000000
  0.00060000  0.20394968E+02  0.11079676E+00      0.00000000      0.00000000
  0.00080000  0.20506870E+02  0.11196944E+00      0.00000000      0.00000000
  0.00100000  0.20619865E+02  0.11318012E+00      0.00000000      0.00000000
  0.00120000  0.20732651E+02  0.11434741E+00      0.00000000      0.00000000
  0.00140000  0.20846483E+02  0.11555956E+00      0.00000000      0.00000000
  0.00160000  0.20962788E+02  0.11682152E+00      0.00000000      0.00000000
  0.00180000  0.21080397E+02  0.11812453E+00      0.00000000      0.00000000
  0.00200000  0.21198397E+02  0.11941983E+00      0.00000000      0.00000000
  0.00220000  0.21318228E+02  0.12070768E+00      0.00000000      0.00000000
  0.00240000  0.21441410E+02  0.12207764E+00      0.00000000      0.00000000
  0.00260000  0.21564663E+02  0.12348557E+00      0.00000000      0.00000000
  0.00280000  0.21688393E+02  0.12486178E+00      0.00000000      0.00000000
  0.00300000  0.21812664E+02  0.12626830E+00      0.00000000      0.00000000
  0.00320000  0.21939859E+02  0.12767057E+00      0.00000000      0.00000000
  0.00340000  0.22069050E+02  0.12915033E+00      0.00000000      0.00000000
  0.00360000  0.22198418E+02  0.13063106E+00      0.00000000      0.00000000
  0.00380000  0.22329126E+02  0.13210988E+00      0.00000000      0.00000000
  0.00400000  0.22463810E+02  0.13366687E+00      0.00000000      0.00000000
  0.00420000  0.22600573E+02  0.13524346E+00      0.00000000      0.00000000
  0.00440000  0.22737492E+02  0.13686103E+00      0.00000000      0.00000000
  0.00460000  0.22875214E+02  0.13849367E+00      0.00000000      0.00000000
  0.00480000  0.23014700E+02  0.14019902E+00      0.00000000      0.00000000
  0.00500000  0.23153534E+02  0.14182344E+00      0.00000000      0.00000000
  0.00520000  0.23296700E+02  0.14351034E+00      0.00000000      0.00000000
  0.00540000  0.23441076E+02  0.14526738E+00      0.00000000      0.00000000
  0.00560000  0.23586254E+02  0.14704853E+00      0.00000000      0.00000000
  0.00580000  0.23734415E+02  0.14888299E+00      0.00000000      0.00000000
  0.00600000  0.23885351E+02  0.15073143E+00      0.00000000      0.00000000
  0.00620000  0.24037050E+02  0.15258329E+00      0.00000000      0.00000000
  0.00640000  0.24188351E+02  0.15447086E+00      0.00000000      0.00000000
  0.00660000  0.24344337E+02  0.15643913E+00      0.00000000      0.00000000
  0.00680000  0.24501070E+02  0.15840258E+00      0.00000000      0.00000000
  0.00700000  0.24661289E+02  0.16049032E+00      0.00000000      0.00000000
  0.00720000  0.24821934E+02  0.16251045E+00      0.00000000      0.00000000
  0.00740000  0.24986803E+02  0.16461219E+00      0.00000000      0.00000000
  0.00760000  0.25153606E+02  0.16677105E+00      0.00000000      0.00000000
  0.00780000  0.25322403E+02  0.16896316E+00      0.00000000      0.00000000
  0.00800000  0.25491081E+02  0.17117846E+00      0.00000000      0.00000000
  0.00820000  0.25663727E+02  0.17347834E+00      0.00000000      0.00000000
  0.00840000  0.25837492E+02  0.17580114E+00      0.00000000      0.00000000
  0.00860000  0.26014799E+02  0.17817143E+00      0.00000000      0.00000000
  0.00880000  0.26195345E+02  0.18065102E+00      0.00000000      0.00000000
  0.00900000  0.26375608E+02  0.18311742E+00      0.00000000      0.00000000
  0.00920000  0.26559347E+02  0.18558758E+00      0.00000000      0.00000000
  0.00940000  0.26746401E+02  0.18815288E+00      0.00000000      0.00000000
  0.00960000  0.26936832E+02  0.19078968E+00      0.00000000      0.00000000
  0.00980000  0.27131117E+02  0.19356543E+00      0.00000000      0.00000000
  0.01000000  0.27326534E+02  0.19627543E+00      0.00000000      0.00000000
  0.01020000  0.27523621E+02  0.19904402E+00      0.00000000      0.00000000
  0.01040000  0.27721004E+02  0.20184389E+00      0.00000000      0.00000000
  0.01060000  0.27923347E+02  0.20474979E+00      0.00000000      0.00000000
  0.01080000  0.28131062E+02  0.20782061E+00      0.00000000      0.00000000
  0.01100000  0.28339005E+02  0.21082109E+00      0.00000000      0.00000000
  0.01120000  0.28552881E+02  0.21402073E+00      0.00000000      0.00000000
  0.01140000  0.28770287E+02  0.21727426E+00      0.00000000      0.00000000
  0.01160000  0.28985920E+02  0.22047791E+00      0.00000000      0.00000000
  0.01180000  0.29208567E+02  0.22380665E+00      0.00000000      0.00000000
  0.01200000  0.29432243E+02  0.22716925E+00      0.00000000      0.00000000
  0.01220000  0.29661255E+02  0.23071425E+00      0.00000000      0.00000000
  0.01240000  0.29891693E+02  0.23427913E+00      0.00000000      0.00000000
  0.01260000  0.30128963E+02  0.23797196E+00      0.00000000      0.00000000
  0.01280000  0.30370724E+02  0.24181515E+00      0.00000000      0.00000000
  0.01300000  0.30615255E+02  0.24566914E+00      0.00000000      0.00000000
  0.01320000  0.30866806E+02  0.24970722E+00      0.00000000      0.00000000
  0.01340000  0.31114151E+02  0.25365123E+00      0.00000000      0.00000000
  0.01360000  0.31372105E+02  0.25786215E+00      0.00000000      0.00000000
  0.01380000  0.31628689E+02  0.26203084E+00      0.00000000      0.00000000
  0.01400000  0.31892353E+02  0.26636750E+00      0.00000000      0.00000000
  0.01420000  0.32162426E+02  0.27084246E+00      0.00000000      0.00000000
  0.01440000  0.32436794E+02  0.27544937E+00      0.00000000      0.00000000
  0.01460000  0.32714676E+02  0.28013539E+00      0.00000000      0.00000000
  0.01480000  0.32995602E+02  0.28495261E+00      0.00000000      0.00000000
  0.01500000  0.33281212E+02  0.28987572E+00      0.00000000      0.00000000
  0.01520000  0.33571297E+02  0.29496449E+00      0.00000000      0.00000000
  0.01540000  0.33867168E+02  0.30017418E+00      0.00000000      0.00000000
  0.01560000  0.34170067E+02  0.30562979E+00      0.00000000      0.00000000
  0.01580000  0.34478569E+02  0.31112045E+00      0.00000000      0.00000000
  0.01600000  0.34794594E+02  0.31679353E+00      0.00000000      0.00000000
  0.01619999  0.35119545E+02  0.32269722E+00      0.00000000      0.00000000
  0.01640000  0.35443802E+02  0.32870513E+00      0.00000000      0.00000000
  0.01660000  0.35773094E+02  0.33477730E+00      0.00000000      0.00000000
  0.01680000  0.36110657E+02  0.34102547E+00      0.00000000      0.00000000
  0.01700000  0.36454880E+02  0.34767234E+00      0.00000000      0.00000000
  0.01720000  0.36803886E+02  0.35437700E+00      0.00000000      0.00000000
  0.01740000  0.37161625E+02  0.36121792E+00      0.00000000      0.00000000
  0.01760000  0.37527634E+02  0.36851132E+00      0.00000000      0.00000000
  0.01780000  0.37895554E+02  0.37569809E+00      0.00000000      0.00000000
  0.01800000  0.38278919E+02  0.38329911E+00      0.00000000      0.00000000
  0.01820000  0.38663425E+02  0.39107925E+00      0.00000000      0.00000000
  0.01840000  0.39054146E+02  0.39911795E+00      0.00000000      0.00000000
  0.01860000  0.39458267E+02  0.40744951E+00      0.00000000      0.00000000
  0.01880000  0.39867683E+02  0.41598326E+00      0.00000000      0.00000000
  0.01900000  0.40293365E+02  0.42503801E+00      0.00000000      0.00000000
  0.01920000  0.40724407E+02  0.43422276E+00      0.00000000      0.00000000
  0.01940000  0.41166138E+02  0.44380766E+00      0.00000000      0.00000000
  0.01960000  0.41610558E+02  0.45347160E+00      0.00000000      0.00000000
  0.01980000  0.42068138E+02  0.46365952E+00      0.00000000      0.00000000
  0.02000000  0.42537930E+02  0.47410685E+00      0.00000000      0.00000000
  0.02020000  0.43017830E+02  0.48505491E+00      0.00000000      0.00000000
  0.02040000  0.43513958E+02  0.49640739E+00      0.00000000      0.00000000
  0.02060000  0.44012932E+02  0.50803703E+00      0.00000000      0.00000000
  0.02080000  0.44527142E+02  0.52002001E+00      0.00000000      0.00000000
  0.02100000  0.45054047E+02  0.53249532E+00      0.00000000      0.00000000
  0.02120000  0.45591606E+02  0.54557705E+00      0.00000000      0.00000000
  0.02140000  0.46146034E+02  0.55908239E+00      0.00000000      0.00000000
  0.02160000  0.46709038E+02  0.57315928E+00      0.00000000      0.00000000
  0.02180000  0.47290672E+02  0.58774370E+00      0.00000000      0.00000000
  0.02200000  0.47881317E+02  0.60285085E+00      0.00000000      0.00000000
  0.02220000  0.48482780E+02  0.61837739E+00      0.00000000      0.00000000
  0.02240000  0.49109489E+02  0.63486111E+00      0.00000000      0.00000000
  0.02260000  0.49756233E+02  0.65206999E+00      0.00000000      0.00000000
  0.02280000  0.50421692E+02  0.67004418E+00      0.00000000      0.00000000
  0.02300000  0.51096245E+02  0.68851566E+00      0.00000000      0.00000000
  0.02320000  0.51812130E+02  0.70860362E+00      0.00000000      0.00000000
  0.02340000  0.52527527E+02  0.72886097E+00      0.00000000      0.00000000
  0.02360000  0.53264145E+02  0.74990833E+00      0.00000000      0.00000000
  0.02380000  0.54027248E+02  0.77219558E+00      0.00000000      0.00000000
  0.02400000  0.54817551E+02  0.79566109E+00      0.00000000      0.00000000
  0.02420000  0.55621773E+02  0.82012808E+00      0.00000000      0.00000000
  0.02440000  0.56446732E+02  0.84549546E+00      0.00000000      0.00000000
  0.02460000  0.57303490E+02  0.87229240E+00      0.00000000      0.00000000
  0.02480000  0.58196014E+02  0.90089142E+00      0.00000000      0.00000000
  0.02500000  0.59109695E+02  0.93049747E+00      0.00000000      0.00000000
  0.02520000  0.60042923E+02  0.96139789E+00      0.00000000      0.00000000
  0.02540000  0.61028053E+02  0.99443936E+00      0.00000000      0.00000000
  0.02560000  0.62030674E+02  0.10291120E+01      0.00000000      0.00000000
  0.02580000  0.63072128E+02  0.10656768E+01      0.00000000      0.00000000
  0.02600000  0.64164093E+02  0.11047904E+01      0.00000000      0.00000000
  0.02620000  0.65288536E+02  0.11461217E+01      0.00000000      0.00000000
  0.02640000  0.66457878E+02  0.11897441E+01      0.00000000      0.00000000
  0.02660000  0.67681152E+02  0.12364836E+01      0.00000000      0.00000000
  0.02680000  0.68942818E+02  0.12858511E+01      0.00000000      0.00000000
  0.02700000  0.70244003E+02  0.13381584E+01      0.00000000      0.00000000
  0.02720000  0.71626511E+02  0.13946544E+01      0.00000000      0.00000000
  0.02740000  0.73045616E+02  0.14543264E+01      0.00000000      0.00000000
  0.02760000  0.74545235E+02  0.15192758E+01      0.00000000      0.00000000
  0.02780000  0.76076859E+02  0.15871782E+01      0.00000000      0.00000000
  0.02800000  0.77680069E+02  0.16602418E+01      0.00000000      0.00000000
  0.02820000  0.79405106E+02  0.17408762E+01      0.00000000      0.00000000
  0.02840000  0.81177986E+02  0.18266044E+01      0.00000000      0.00000000
  0.02860000  0.83037125E+02  0.19193192E+01      0.00000000      0.00000000
  0.02880000  0.85021873E+02  0.20214291E+01      0.00000000      0.00000000
  0.02900000  0.87084045E+02  0.21310313E+01      0.00000000      0.00000000
  0.02920000  0.89274452E+02  0.22512233E+01      0.00000000      0.00000000
  0.02940000  0.91589005E+02  0.23829660E+01      0.00000000      0.00000000
  0.02959999  0.94041534E+02  0.25274973E+01      0.00000000      0.00000000
  0.02980000  0.96623940E+02  0.26861472E+01      0.00000000      0.00000000
  0.03000000  0.99381180E+02  0.28626242E+01      0.00000000      0.00000000
  0.03020000  0.10236491E+03  0.30618403E+01      0.00000000      0.00000000
  0.03040000  0.10554465E+03  0.32829804E+01      0.00000000      0.00000000
  0.03060000  0.10895667E+03  0.35317502E+01      0.00000000      0.00000000
  0.03080000  0.11260644E+03  0.38118165E+01      0.00000000      0.00000000
  0.03100000  0.11655008E+03  0.41309719E+01      0.00000000      0.00000000
  0.03120000  0.12082880E+03  0.44958968E+01      0.00000000      0.00000000
  0.03140000  0.12547037E+03  0.49162664E+01      0.00000000      0.00000000
  0.03160000  0.13059387E+03  0.54108429E+01      0.00000000      0.00000000
  0.03179999  0.13619829E+03  0.59875546E+01      0.00000000      0.00000000
  0.03200001  0.14252017E+03  0.66856985E+01      0.00000000      0.00000000
  0.03220000  0.14959155E+03  0.75300474E+01      0.00000000      0.00000000
  0.03240000  0.15755179E+03  0.85638065E+01      0.00000000      0.00000000
  0.03260000  0.16662422E+03  0.98532352E+01      0.00000000      0.00000000
  0.03280000  0.17717886E+03  0.11513867E+02      0.00000000      0.00000000
  0.03300000  0.18944893E+03  0.13664579E+02      0.00000000      0.00000000
  0.03320000  0.20418375E+03  0.16579197E+02      0.00000000      0.00000000
  0.03340000  0.22217343E+03  0.20659237E+02      0.00000000      0.00000000
  0.03360000  0.24477377E+03  0.26640373E+02      0.00000000      0.00000000
  0.03380000  0.27399924E+03  0.35905235E+02      0.00000000      0.00000000
  0.03399999  0.31410748E+03  0.51671642E+02      0.00000000      0.00000000
  0.03420001  0.37145514E+03  0.81237732E+02      0.00000000      0.00000000
  0.03440000  0.45717926E+03  0.14532187E+03      0.00000000      0.00000000
  0.03460000  0.58076093E+03  0.32167621E+03      0.00000000      0.00000000
  0.03479999  0.50642920E+03  0.83580127E+03      0.00000000      0.00000000
  0.03500000 -0.29886145E+03  0.79972949E+03      0.00000000      0.00000000
  0.03520000 -0.34034097E+03  0.31247241E+03      0.00000000      0.00000000
  0.03540000 -0.21679274E+03  0.14548521E+03      0.00000000      0.00000000
  0.03560000 -0.12696808E+03  0.82889381E+02      0.00000000      0.00000000
  0.03580000 -0.66599976E+02  0.55683655E+02      0.00000000      0.00000000
  0.03600000 -0.21601734E+02  0.41865959E+02      0.00000000      0.00000000
  0.03619999  0.14837198E+02  0.34482300E+02      0.00000000      0.00000000
  0.03640000  0.46335487E+02  0.30796301E+02      0.00000000      0.00000000
  0.03660000  0.75659439E+02  0.29573528E+02      0.00000000      0.00000000
  0.03680000  0.10476347E+03  0.30381735E+02      0.00000000      0.00000000
  0.03700000  0.13533400E+03  0.33323341E+02      0.00000000      0.00000000
  0.03720000  0.17005266E+03  0.39098267E+02      0.00000000      0.00000000
  0.03740000  0.21204327E+03  0.49534210E+02      0.00000000      0.00000000
  0.03760000  0.26489075E+03  0.68200943E+02      0.00000000      0.00000000
  0.03780000  0.33689355E+03  0.10471414E+03      0.00000000      0.00000000
  0.03800000  0.44541461E+03  0.19280455E+03      0.00000000      0.00000000
  0.03820000  0.57411072E+03  0.44735123E+03      0.00000000      0.00000000
  0.03839999  0.25265540E+03  0.10066608E+04      0.00000000      0.00000000
  0.03860000 -0.39937454E+03  0.62289166E+03      0.00000000      0.00000000
  0.03880000 -0.30705994E+03  0.25474133E+03      0.00000000      0.00000000
  0.03900000 -0.17409906E+03  0.13950726E+03      0.00000000      0.00000000
  0.03920000 -0.73123779E+02  0.10058656E+03      0.00000000      0.00000000
  0.03940000  0.13441789E+02  0.92766701E+02      0.00000000      0.00000000
  0.03960000  0.10190991E+03  0.10834773E+03      0.00000000      0.00000000
  0.03980000  0.21032939E+03  0.16200366E+03      0.00000000      0.00000000
  0.04000000  0.35382147E+03  0.32780853E+03      0.00000000      0.00000000
  0.04020000  0.32844403E+03  0.81320868E+03      0.00000000      0.00000000
  0.04040000 -0.47257034E+03  0.85666315E+03      0.00000000      0.00000000
  0.04060000 -0.54441370E+03  0.34089551E+03      0.00000000      0.00000000
  0.04080000 -0.41239978E+03  0.15889610E+03      0.00000000      0.00000000
  0.04100000 -0.31576584E+03  0.91545631E+02      0.00000000      0.00000000
  0.04120000 -0.24853284E+03  0.61035358E+02      0.00000000      0.00000000
  0.04140000 -0.19891269E+03  0.45309929E+02      0.00000000      0.00000000
  0.04160000 -0.15977887E+03  0.36649708E+02      0.00000000      0.00000000
  0.04180000 -0.12653876E+03  0.31834581E+02      0.00000000      0.00000000
  0.04200000 -0.97135162E+02  0.29623695E+02      0.00000000      0.00000000
  0.04220000 -0.68590546E+02  0.29341328E+02      0.00000000      0.00000000
  0.04240000 -0.39516907E+02  0.31060749E+02      0.00000000      0.00000000
  0.04260000 -0.75052700E+01  0.35348793E+02      0.00000000      0.00000000
  0.04280000  0.30313221E+02  0.43716095E+02      0.00000000      0.00000000
  0.04300000  0.77595581E+02  0.59308067E+02      0.00000000      0.00000000
  0.04320000  0.14331097E+03  0.91138153E+02      0.00000000      0.00000000
  0.04340000  0.23739200E+03  0.16250809E+03      0.00000000      0.00000000
  0.04360000  0.36534613E+03  0.36718103E+03      0.00000000      0.00000000
  0.04380000  0.20246478E+03  0.91942615E+03      0.00000000      0.00000000
  0.04400000 -0.58440802E+03  0.72771252E+03      0.00000000      0.00000000
  0.04420000 -0.56606042E+03  0.28073718E+03      0.00000000      0.00000000
  0.04440000 -0.44584949E+03  0.13231500E+03      0.00000000      0.00000000
  0.04460000 -0.36475555E+03  0.75785706E+02      0.00000000      0.00000000
  0.04480000 -0.31047830E+03  0.49084194E+02      0.00000000      0.00000000
  0.04500000 -0.27181281E+03  0.34424484E+02      0.00000000      0.00000000
  0.04520000 -0.24368564E+03  0.25757414E+02      0.00000000      0.00000000
  0.04539999 -0.22194370E+03  0.20138601E+02      0.00000000      0.00000000
  0.04560000 -0.20431929E+03  0.16218025E+02      0.00000000      0.00000000
  0.04580000 -0.18995584E+03  0.13420869E+02      0.00000000      0.00000000
  0.04600000 -0.17781339E+03  0.11318296E+02      0.00000000      0.00000000
  0.04620000 -0.16755672E+03  0.97288475E+01      0.00000000      0.00000000
  0.04640000 -0.15856454E+03  0.84618683E+01      0.00000000      0.00000000
  0.04660000 -0.15069772E+03  0.74491444E+01      0.00000000      0.00000000
  0.04680000 -0.14367465E+03  0.66182475E+01      0.00000000      0.00000000
  0.04700000 -0.13743576E+03  0.59330873E+01      0.00000000      0.00000000
  0.04720000 -0.13181654E+03  0.53590527E+01      0.00000000      0.00000000
  0.04740000 -0.12676057E+03  0.48751879E+01      0.00000000      0.00000000
  0.04759999 -0.12210382E+03  0.44567823E+01      0.00000000      0.00000000
  0.04780000 -0.11782380E+03  0.40935707E+01      0.00000000      0.00000000
  0.04800000 -0.11390716E+03  0.37788255E+01      0.00000000      0.00000000
  0.04820000 -0.11027386E+03  0.35016327E+01      0.00000000      0.00000000
  0.04840000 -0.10693324E+03  0.32594070E+01      0.00000000      0.00000000
  0.04860000 -0.10377867E+03  0.30407381E+01      0.00000000      0.00000000
  0.04880000 -0.10081767E+03  0.28445454E+01      0.00000000      0.00000000
  0.04899999 -0.98051247E+02  0.26685655E+01      0.00000000      0.00000000
  0.04920000 -0.95503166E+02  0.25129912E+01      0.00000000      0.00000000
  0.04940000 -0.93076721E+02  0.23705344E+01      0.00000000      0.00000000
  0.04960000 -0.90797333E+02  0.22416229E+01      0.00000000      0.00000000
  0.04979999 -0.88626221E+02  0.21225965E+01      0.00000000      0.00000000
  0.05000000 -0.86553513E+02  0.20125299E+01      0.00000000      0.00000000
  0.05020000 -0.84593475E+02  0.19120158E+01      0.00000000      0.00000000
  0.05040000 -0.82737289E+02  0.18200270E+01      0.00000000      0.00000000
  0.05060000 -0.80945351E+02  0.17336993E+01      0.00000000      0.00000000
  0.05080000 -0.79258057E+02  0.16548717E+01      0.00000000      0.00000000
  0.05100000 -0.77626282E+02  0.15804381E+01      0.00000000      0.00000000
  0.05119999 -0.76081177E+02  0.15120784E+01      0.00000000      0.00000000
  0.05140000 -0.74619461E+02  0.14489263E+01      0.00000000      0.00000000
  0.05160000 -0.73203407E+02  0.13896767E+01      0.00000000      0.00000000
  0.05180000 -0.71836952E+02  0.13335278E+01      0.00000000      0.00000000
  0.05199999 -0.70540390E+02  0.12816896E+01      0.00000000      0.00000000
  0.05220000 -0.69288033E+02  0.12325267E+01      0.00000000      0.00000000
  0.05240000 -0.68069801E+02  0.11862791E+01      0.00000000      0.00000000
  0.05260000 -0.66906731E+02  0.11428008E+01      0.00000000      0.00000000
  0.05280000 -0.65770622E+02  0.11012964E+01      0.00000000      0.00000000
  0.05300000 -0.64698570E+02  0.10627491E+01      0.00000000      0.00000000
  0.05320000 -0.63659901E+02  0.10264378E+01      0.00000000      0.00000000
  0.05339999 -0.62646561E+02  0.99164379E+00      0.00000000      0.00000000
  0.05360000 -0.61683784E+02  0.95928633E+00      0.00000000      0.00000000
  0.05380000 -0.60751190E+02  0.92843688E+00      0.00000000      0.00000000
  0.05400000 -0.59835213E+02  0.89873576E+00      0.00000000      0.00000000
  0.05420000 -0.58965603E+02  0.87094527E+00      0.00000000      0.00000000
  0.05440000 -0.58092773E+02  0.84357703E+00      0.00000000      0.00000000
  0.05460000 -0.57259441E+02  0.81783068E+00      0.00000000      0.00000000
  0.05480000 -0.56457420E+02  0.79379469E+00      0.00000000      0.00000000
  0.05500000 -0.55672009E+02  0.77052999E+00      0.00000000      0.00000000
  0.05520000 -0.54913574E+02  0.74842787E+00      0.00000000      0.00000000
  0.05540000 -0.54178780E+02  0.72721106E+00      0.00000000      0.00000000
  0.05560000 -0.53458076E+02  0.70693862E+00      0.00000000      0.00000000
  0.05580000 -0.52757545E+02  0.68748051E+00      0.00000000      0.00000000
  0.05600000 -0.52086632E+02  0.66898680E+00      0.00000000      0.00000000
  0.05620000 -0.51423363E+02  0.65116823E+00      0.00000000      0.00000000
  0.05640000 -0.50793350E+02  0.63444662E+00      0.00000000      0.00000000
  0.05660000 -0.50158745E+02  0.61772209E+00      0.00000000      0.00000000
  0.05680000 -0.49550282E+02  0.60198569E+00      0.00000000      0.00000000
  0.05700000 -0.48958080E+02  0.58688289E+00      0.00000000      0.00000000
  0.05720000 -0.48379417E+02  0.57229757E+00      0.00000000      0.00000000
  0.05740000 -0.47820068E+02  0.55843031E+00      0.00000000      0.00000000
  0.05760000 -0.47264084E+02  0.54484695E+00      0.00000000      0.00000000
  0.05780000 -0.46726402E+02  0.53183305E+00      0.00000000      0.00000000
  0.05800000 -0.46197884E+02  0.51921165E+00      0.00000000      0.00000000
  0.05819999 -0.45682415E+02  0.50703418E+00      0.00000000      0.00000000
  0.05840000 -0.45183617E+02  0.49558711E+00      0.00000000      0.00000000
  0.05860000 -0.44699081E+02  0.48451936E+00      0.00000000      0.00000000
  0.05880000 -0.44221992E+02  0.47377205E+00      0.00000000      0.00000000
  0.05900000 -0.43751022E+02  0.46306300E+00      0.00000000      0.00000000
  0.05920000 -0.43291817E+02  0.45298123E+00      0.00000000      0.00000000
  0.05940000 -0.42846352E+02  0.44325382E+00      0.00000000      0.00000000
  0.05960000 -0.42403423E+02  0.43368810E+00      0.00000000      0.00000000
  0.05980000 -0.41971024E+02  0.42446697E+00      0.00000000      0.00000000
  0.06000000 -0.41550003E+02  0.41565850E+00      0.00000000      0.00000000
  0.06020000 -0.41136402E+02  0.40697020E+00      0.00000000      0.00000000
  0.06039999 -0.40729996E+02  0.39842704E+00      0.00000000      0.00000000
  0.06060000 -0.40338352E+02  0.39050233E+00      0.00000000      0.00000000
  0.06080000 -0.39954384E+02  0.38282859E+00      0.00000000      0.00000000
  0.06100000 -0.39576057E+02  0.37528646E+00      0.00000000      0.00000000
  0.06119999 -0.39202976E+02  0.36794958E+00      0.00000000      0.00000000
  0.06140000 -0.38836304E+02  0.36073869E+00      0.00000000      0.00000000
  0.06160000 -0.38480442E+02  0.35383826E+00      0.00000000      0.00000000
  0.06180000 -0.38131363E+02  0.34709096E+00      0.00000000      0.00000000
  0.06200000 -0.37789394E+02  0.34059536E+00      0.00000000      0.00000000
  0.06220000 -0.37453190E+02  0.33428216E+00      0.00000000      0.00000000
  0.06240000 -0.37119972E+02  0.32812813E+00      0.00000000      0.00000000
  0.06259999 -0.36792709E+02  0.32211274E+00      0.00000000      0.00000000
  0.06280001 -0.36473824E+02  0.31623828E+00      0.00000000      0.00000000
  0.06300000 -0.36161396E+02  0.31061435E+00      0.00000000      0.00000000
  0.06320000 -0.35855247E+02  0.30509800E+00      0.00000000      0.00000000
  0.06339999 -0.35553688E+02  0.29978305E+00      0.00000000      0.00000000
  0.06360000 -0.35257347E+02  0.29466951E+00      0.00000000      0.00000000
  0.06380000 -0.34969334E+02  0.28962016E+00      0.00000000      0.00000000
  0.06400000 -0.34684605E+02  0.28469151E+00      0.00000000      0.00000000
  0.06420000 -0.34399761E+02  0.27980950E+00      0.00000000      0.00000000
  0.06440000 -0.34124062E+02  0.27509266E+00      0.00000000      0.00000000
  0.06460000 -0.33850452E+02  0.27047497E+00      0.00000000      0.00000000
  0.06479999 -0.33581551E+02  0.26603231E+00      0.00000000      0.00000000
  0.06500000 -0.33314728E+02  0.26170498E+00      0.00000000      0.00000000
  0.06520000 -0.33053596E+02  0.25738946E+00      0.00000000      0.00000000
  0.06540000 -0.32798641E+02  0.25323766E+00      0.00000000      0.00000000
  0.06559999 -0.32548569E+02  0.24931045E+00      0.00000000      0.00000000
  0.06580000 -0.32300056E+02  0.24532850E+00      0.00000000      0.00000000
  0.06600000 -0.32056717E+02  0.24141744E+00      0.00000000      0.00000000
  0.06620000 -0.31816151E+02  0.23758945E+00      0.00000000      0.00000000
  0.06640000 -0.31580463E+02  0.23397121E+00      0.00000000      0.00000000
  0.06660000 -0.31347576E+02  0.23039094E+00      0.00000000      0.00000000
  0.06680001 -0.31117012E+02  0.22689708E+00      0.00000000      0.00000000
  0.06699999 -0.30893408E+02  0.22354616E+00      0.00000000      0.00000000
  0.06720000 -0.30672482E+02  0.22014055E+00      0.00000000      0.00000000
  0.06739999 -0.30453701E+02  0.21687602E+00      0.00000000      0.00000000
  0.06760000 -0.30238527E+02  0.21365574E+00      0.00000000      0.00000000
  0.06780000 -0.30026108E+02  0.21056701E+00      0.00000000      0.00000000
  0.06800000 -0.29818432E+02  0.20755625E+00      0.00000000      0.00000000
  0.06820000 -0.29611214E+02  0.20451447E+00      0.00000000      0.00000000
  0.06840000 -0.29409399E+02  0.20157814E+00      0.00000000      0.00000000
  0.06859999 -0.29210146E+02  0.19870991E+00      0.00000000      0.00000000
  0.06880000 -0.29013783E+02  0.19596490E+00      0.00000000      0.00000000
  0.06900001 -0.28819298E+02  0.19319995E+00      0.00000000      0.00000000
  0.06919999 -0.28625374E+02  0.19055583E+00      0.00000000      0.00000000
  0.06940000 -0.28435822E+02  0.18787718E+00      0.00000000      0.00000000
  0.06960000 -0.28250191E+02  0.18533933E+00      0.00000000      0.00000000
  0.06980000 -0.28064690E+02  0.18277472E+00      0.00000000      0.00000000
  0.07000000 -0.27883801E+02  0.18033430E+00      0.00000000      0.00000000
  0.07020000 -0.27703407E+02  0.17790884E+00      0.00000000      0.00000000
  0.07040000 -0.27527714E+02  0.17552139E+00      0.00000000      0.00000000
  0.07060000 -0.27352476E+02  0.17317165E+00      0.00000000      0.00000000
  0.07079999 -0.27180904E+02  0.17093380E+00      0.00000000      0.00000000
  0.07099999 -0.27011135E+02  0.16876099E+00      0.00000000      0.00000000
  0.07120001 -0.26845490E+02  0.16656189E+00      0.00000000      0.00000000
  0.07139999 -0.26681309E+02  0.16444606E+00      0.00000000      0.00000000
  0.07160000 -0.26518673E+02  0.16236573E+00      0.00000000      0.00000000
  0.07180000 -0.26358620E+02  0.16029221E+00      0.00000000      0.00000000
  0.07200000 -0.26198090E+02  0.15825275E+00      0.00000000      0.00000000
  0.07220000 -0.26038181E+02  0.15626141E+00      0.00000000      0.00000000
  0.07239999 -0.25882345E+02  0.15425861E+00      0.00000000      0.00000000
  0.07260000 -0.25730053E+02  0.15234683E+00      0.00000000      0.00000000
  0.07280000 -0.25578005E+02  0.15049861E+00      0.00000000      0.00000000
  0.07299999 -0.25428518E+02  0.14867458E+00      0.00000000      0.00000000
  0.07319999 -0.25279404E+02  0.14683676E+00      0.00000000      0.00000000
  0.07340001 -0.25132973E+02  0.14508983E+00      0.00000000      0.00000000
  0.07359999 -0.24990734E+02  0.14337663E+00      0.00000000      0.00000000
  0.07380000 -0.24849100E+02  0.14166646E+00      0.00000000      0.00000000
  0.07400000 -0.24710155E+02  0.14000048E+00      0.00000000      0.00000000
  0.07420000 -0.24572113E+02  0.13834345E+00      0.00000000      0.00000000
  0.07440000 -0.24434464E+02  0.13671511E+00      0.00000000      0.00000000
  0.07460000 -0.24297215E+02  0.13512616E+00      0.00000000      0.00000000
  0.07480000 -0.24163181E+02  0.13359907E+00      0.00000000      0.00000000
  0.07500000 -0.24028400E+02  0.13201077E+00      0.00000000      0.00000000
  0.07519999 -0.23896862E+02  0.13055453E+00      0.00000000      0.00000000
  0.07539999 -0.23766663E+02  0.12898652E+00      0.00000000      0.00000000
  0.07560000 -0.23637938E+02  0.12753716E+00      0.00000000      0.00000000
  0.07579999 -0.23511280E+02  0.12606558E+00      0.00000000      0.00000000
  0.07600000 -0.23385986E+02  0.12471914E+00      0.00000000      0.00000000
  0.07620000 -0.23261574E+02  0.12333366E+00      0.00000000      0.00000000
  0.07640000 -0.23140205E+02  0.12196210E+00      0.00000000      0.00000000
  0.07660000 -0.23017550E+02  0.12064002E+00      0.00000000      0.00000000
  0.07680000 -0.22897291E+02  0.11928266E+00      0.00000000      0.00000000
  0.07699999 -0.22778397E+02  0.11799859E+00      0.00000000      0.00000000
  0.07720000 -0.22661713E+02  0.11673532E+00      0.00000000      0.00000000
  0.07739999 -0.22545727E+02  0.11547788E+00      0.00000000      0.00000000
  0.07759999 -0.22432341E+02  0.11424857E+00      0.00000000      0.00000000
  0.07780000 -0.22318562E+02  0.11303654E+00      0.00000000      0.00000000
  0.07799999 -0.22206602E+02  0.11183743E+00      0.00000000      0.00000000
  0.07820000 -0.22094322E+02  0.11064014E+00      0.00000000      0.00000000
  0.07840000 -0.21985031E+02  0.10950516E+00      0.00000000      0.00000000
  0.07860000 -0.21875912E+02  0.10833998E+00      0.00000000      0.00000000
  0.07880000 -0.21768482E+02  0.10725208E+00      0.00000000      0.00000000
  0.07900000 -0.21661642E+02  0.10617064E+00      0.00000000      0.00000000
  0.07919999 -0.21556362E+02  0.10507427E+00      0.00000000      0.00000000
  0.07940000 -0.21449623E+02  0.10394400E+00      0.00000000      0.00000000
  0.07960001 -0.21346287E+02  0.10291079E+00      0.00000000      0.00000000
  0.07979999 -0.21244047E+02  0.10187410E+00      0.00000000      0.00000000
