 -0.04000000  0.21365085E+03  0.96771450E+01      0.00000000      0.00000000
 -0.03980000  0.22364468E+03  0.10648727E+02      0.00000000      0.00000000
 -0.03960000  0.23482330E+03  0.11799737E+02      0.00000000      0.00000000
 -0.03940000  0.24725676E+03  0.13153175E+02      0.00000000      0.00000000
 -0.03920000  0.26120975E+03  0.14785892E+02      0.00000000      0.00000000
 -0.03900000  0.27690768E+03  0.16746490E+02      0.00000000      0.00000000
 -0.03880000  0.29465057E+03  0.19143349E+02      0.00000000      0.00000000
 -0.03860000  0.31493329E+03  0.22103342E+02      0.00000000      0.00000000
 -0.03840000  0.33838446E+03  0.25830048E+02      0.00000000      0.00000000
 -0.03820000  0.36627136E+03  0.30742794E+02      0.00000000      0.00000000
 -0.03800000  0.39922894E+03  0.37187378E+02      0.00000000      0.00000000
 -0.03780000  0.43956754E+03  0.46105560E+02      0.00000000      0.00000000
 -0.03760000  0.48968298E+03  0.58829468E+02      0.00000000      0.00000000
 -0.03740000  0.55478387E+03  0.78272835E+02      0.00000000      0.00000000
 -0.03720000  0.64291858E+03  0.11026124E+03      0.00000000      0.00000000
 -0.03700000  0.76616144E+03  0.16742650E+03      0.00000000      0.00000000
 -0.03680000  0.95032574E+03  0.28621118E+03      0.00000000      0.00000000
 -0.03660000  0.12223508E+04  0.58193481E+03      0.00000000      0.00000000
 -0.03640000  0.13754398E+04  0.14555657E+04      0.00000000      0.00000000
 -0.03620000  0.23484499E+02  0.23281619E+04      0.00000000      0.00000000
 -0.03600000 -0.98548401E+03  0.12086248E+04      0.00000000      0.00000000
 -0.03580000 -0.73474774E+03  0.51254413E+03      0.00000000      0.00000000
 -0.03560000 -0.46454138E+03  0.27643268E+03      0.00000000      0.00000000
 -0.03540000 -0.27230103E+03  0.18499115E+03      0.00000000      0.00000000
 -0.03520000 -0.12177956E+03  0.14715471E+03      0.00000000      0.00000000
 -0.03500000  0.10864439E+02  0.13776428E+03      0.00000000      0.00000000
 -0.03480000  0.14467769E+03  0.15130772E+03      0.00000000      0.00000000
 -0.03460000  0.29975897E+03  0.19548889E+03      0.00000000      0.00000000
 -0.03440000  0.50495923E+03  0.30403470E+03      0.00000000      0.00000000
 -0.03420000  0.79045544E+03  0.59198438E+03      0.00000000      0.00000000
 -0.03400000  0.94341217E+03  0.14588682E+04      0.00000000      0.00000000
 -0.03380000 -0.36998242E+03  0.22979502E+04      0.00000000      0.00000000
 -0.03360000 -0.13998369E+04  0.12411548E+04      0.00000000      0.00000000
 -0.03340000 -0.11702513E+04  0.50653143E+03      0.00000000      0.00000000
 -0.03320000 -0.91576434E+03  0.25888843E+03      0.00000000      0.00000000
 -0.03300000 -0.74603430E+03  0.15589014E+03      0.00000000      0.00000000
 -0.03280000 -0.62951434E+03  0.10408796E+03      0.00000000      0.00000000
 -0.03260000 -0.54618604E+03  0.74792000E+02      0.00000000      0.00000000
 -0.03240000 -0.48398627E+03  0.56675560E+02      0.00000000      0.00000000
 -0.03220000 -0.43464935E+03  0.44405556E+02      0.00000000      0.00000000
 -0.03200000 -0.39608316E+03  0.36077065E+02      0.00000000      0.00000000
 -0.03180000 -0.36421603E+03  0.29939598E+02      0.00000000      0.00000000
 -0.03160000 -0.33724802E+03  0.25265282E+02      0.00000000      0.00000000
 -0.03140000 -0.31407904E+03  0.21623409E+02      0.00000000      0.00000000
 -0.03120000 -0.29417407E+03  0.18757956E+02      0.00000000      0.00000000
 -0.03100000 -0.27675238E+03  0.16440495E+02      0.00000000      0.00000000
 -0.03080000 -0.26152109E+03  0.14551788E+02      0.00000000      0.00000000
 -0.03060000 -0.24781918E+03  0.12967340E+02      0.00000000      0.00000000
 -0.03040000 -0.23559552E+03  0.11642515E+02      0.00000000      0.00000000
 -0.03020000 -0.22452765E+03  0.10513775E+02      0.00000000      0.00000000
 -0.03000000 -0.21460529E+03  0.95498142E+01      0.00000000      0.00000000
 -0.02980000 -0.20556818E+03  0.87211599E+01      0.00000000      0.00000000
 -0.02960000 -0.19727243E+03  0.79984984E+01      0.00000000      0.00000000
 -0.02940000 -0.18961246E+03  0.73606424E+01      0.00000000      0.00000000
 -0.02920000 -0.18258527E+03  0.68012571E+01      0.00000000      0.00000000
 -0.02900000 -0.17600139E+03  0.62994890E+01      0.00000000      0.00000000
 -0.02880000 -0.16998001E+03  0.58581290E+01      0.00000000      0.00000000
 -0.02860000 -0.16431580E+03  0.54600353E+01      0.00000000      0.00000000
 -0.02840000 -0.15907100E+03  0.51004066E+01      0.00000000      0.00000000
 -0.02820000 -0.15417105E+03  0.47826171E+01      0.00000000      0.00000000
 -0.02800000 -0.14949242E+03  0.44870486E+01      0.00000000      0.00000000
 -0.02780000 -0.14511272E+03  0.42174759E+01      0.00000000      0.00000000
 -0.02760000 -0.14106070E+03  0.39777889E+01      0.00000000      0.00000000
 -0.02740000 -0.13721799E+03  0.37578387E+01      0.00000000      0.00000000
 -0.02720000 -0.13355042E+03  0.35536342E+01      0.00000000      0.00000000
 -0.02700000 -0.13011401E+03  0.33666964E+01      0.00000000      0.00000000
 -0.02680000 -0.12681390E+03  0.31936891E+01      0.00000000      0.00000000
 -0.02660000 -0.12368858E+03  0.30329547E+01      0.00000000      0.00000000
 -0.02640000 -0.12076349E+03  0.28874340E+01      0.00000000      0.00000000
 -0.02620000 -0.11794688E+03  0.27509406E+01      0.00000000      0.00000000
 -0.02600000 -0.11526262E+03  0.26233065E+01      0.00000000      0.00000000
 -0.02580000 -0.11267130E+03  0.25041499E+01      0.00000000      0.00000000
 -0.02560000 -0.11019581E+03  0.23923726E+01      0.00000000      0.00000000
 -0.02540000 -0.10785330E+03  0.22885084E+01      0.00000000      0.00000000
 -0.02520000 -0.10563343E+03  0.21935532E+01      0.00000000      0.00000000
 -0.02500000 -0.10348196E+03  0.21027761E+01      0.00000000      0.00000000
 -0.02480000 -0.10141525E+03  0.20174897E+01      0.00000000      0.00000000
 -0.02460000 -0.99440063E+02  0.19382316E+01      0.00000000      0.00000000
 -0.02440000 -0.97533455E+02  0.18622944E+01      0.00000000      0.00000000
 -0.02420000 -0.95692001E+02  0.17907864E+01      0.00000000      0.00000000
 -0.02400000 -0.93960129E+02  0.17254374E+01      0.00000000      0.00000000
 -0.02380000 -0.92293289E+02  0.16628919E+01      0.00000000      0.00000000
 -0.02360000 -0.90656097E+02  0.16031895E+01      0.00000000      0.00000000
 -0.02340000 -0.89096169E+02  0.15469705E+01      0.00000000      0.00000000
 -0.02320000 -0.87570480E+02  0.14934096E+01      0.00000000      0.00000000
 -0.02300000 -0.86102493E+02  0.14422275E+01      0.00000000      0.00000000
 -0.02280000 -0.84700302E+02  0.13950045E+01      0.00000000      0.00000000
 -0.02260000 -0.83326477E+02  0.13492322E+01      0.00000000      0.00000000
 -0.02240000 -0.82017326E+02  0.13056481E+01      0.00000000      0.00000000
 -0.02220000 -0.80724770E+02  0.12641618E+01      0.00000000      0.00000000
 -0.02200000 -0.79484909E+02  0.12242148E+01      0.00000000      0.00000000
 -0.02180000 -0.78284149E+02  0.11873045E+01      0.00000000      0.00000000
 -0.02160000 -0.77120575E+02  0.11507425E+01      0.00000000      0.00000000
 -0.02140000 -0.75977989E+02  0.11164778E+01      0.00000000      0.00000000
 -0.02120000 -0.74866974E+02  0.10829898E+01      0.00000000      0.00000000
 -0.02100000 -0.73794678E+02  0.10514071E+01      0.00000000      0.00000000
 -0.02080000 -0.72761963E+02  0.10216303E+01      0.00000000      0.00000000
 -0.02060000 -0.71755379E+02  0.99304056E+00      0.00000000      0.00000000
 -0.02040000 -0.70779587E+02  0.96550226E+00      0.00000000      0.00000000
 -0.02020000 -0.69832977E+02  0.93930781E+00      0.00000000      0.00000000
 -0.02000000 -0.68914383E+02  0.91419613E+00      0.00000000      0.00000000
 -0.01980000 -0.68015053E+02  0.89013791E+00      0.00000000      0.00000000
 -0.01960000 -0.67136658E+02  0.86660773E+00      0.00000000      0.00000000
 -0.01940000 -0.66279373E+02  0.84375978E+00      0.00000000      0.00000000
 -0.01920000 -0.65447372E+02  0.82238162E+00      0.00000000      0.00000000
 -0.01900000 -0.64634445E+02  0.80168718E+00      0.00000000      0.00000000
 -0.01880000 -0.63832317E+02  0.78144830E+00      0.00000000      0.00000000
 -0.01860000 -0.63057404E+02  0.76214153E+00      0.00000000      0.00000000
 -0.01840000 -0.62296883E+02  0.74360538E+00      0.00000000      0.00000000
 -0.01820000 -0.61567398E+02  0.72561264E+00      0.00000000      0.00000000
 -0.01800000 -0.60847355E+02  0.70849788E+00      0.00000000      0.00000000
 -0.01780000 -0.60150459E+02  0.69174099E+00      0.00000000      0.00000000
 -0.01760000 -0.59468559E+02  0.67580336E+00      0.00000000      0.00000000
 -0.01740000 -0.58807121E+02  0.66027319E+00      0.00000000      0.00000000
 -0.01720000 -0.58159264E+02  0.64556479E+00      0.00000000      0.00000000
 -0.01700000 -0.57521000E+02  0.63120341E+00      0.00000000      0.00000000
 -0.01680000 -0.56890125E+02  0.61706877E+00      0.00000000      0.00000000
 -0.01660000 -0.56276733E+02  0.60363829E+00      0.00000000      0.00000000
 -0.01640000 -0.55680794E+02  0.59053791E+00      0.00000000      0.00000000
 -0.01620000 -0.55102596E+02  0.57804388E+00      0.00000000      0.00000000
 -0.01600000 -0.54524906E+02  0.56576920E+00      0.00000000      0.00000000
 -0.01580000 -0.53966537E+02  0.55378085E+00      0.00000000      0.00000000
 -0.01560000 -0.53421204E+02  0.54238671E+00      0.00000000      0.00000000
 -0.01540000 -0.52886860E+02  0.53116632E+00      0.00000000      0.00000000
 -0.01520000 -0.52361237E+02  0.52031428E+00      0.00000000      0.00000000
 -0.01500000 -0.51849930E+02  0.51017779E+00      0.00000000      0.00000000
 -0.01480000 -0.51342987E+02  0.49991930E+00      0.00000000      0.00000000
 -0.01460000 -0.50845066E+02  0.48988330E+00      0.00000000      0.00000000
 -0.01440000 -0.50356533E+02  0.48040742E+00      0.00000000      0.00000000
 -0.01420000 -0.49879807E+02  0.47098476E+00      0.00000000      0.00000000
 -0.01400000 -0.49414410E+02  0.46204364E+00      0.00000000      0.00000000
 -0.01380000 -0.48954002E+02  0.45316446E+00      0.00000000      0.00000000
 -0.01360000 -0.48505531E+02  0.44488961E+00      0.00000000      0.00000000
 -0.01340000 -0.48062664E+02  0.43640387E+00      0.00000000      0.00000000
 -0.01320000 -0.47631424E+02  0.42843756E+00      0.00000000      0.00000000
 -0.01300000 -0.47207893E+02  0.42057118E+00      0.00000000      0.00000000
 -0.01280000 -0.46788464E+02  0.41291335E+00      0.00000000      0.00000000
 -0.01260000 -0.46383163E+02  0.40550822E+00      0.00000000      0.00000000
 -0.01240000 -0.45979382E+02  0.39835569E+00      0.00000000      0.00000000
 -0.01220000 -0.45582661E+02  0.39119655E+00      0.00000000      0.00000000
 -0.01200000 -0.45192852E+02  0.38433343E+00      0.00000000      0.00000000
 -0.01180000 -0.44816284E+02  0.37772256E+00      0.00000000      0.00000000
 -0.01160000 -0.44448788E+02  0.37141478E+00      0.00000000      0.00000000
 -0.01140000 -0.44077286E+02  0.36514950E+00      0.00000000      0.00000000
 -0.01120000 -0.43714703E+02  0.35897249E+00      0.00000000      0.00000000
 -0.01100000 -0.43361614E+02  0.35298914E+00      0.00000000      0.00000000
 -0.01080000 -0.43013779E+02  0.34731847E+00      0.00000000      0.00000000
 -0.01060000 -0.42670090E+02  0.34155223E+00      0.00000000      0.00000000
 -0.01040000 -0.42327793E+02  0.33579928E+00      0.00000000      0.00000000
 -0.01020000 -0.41996296E+02  0.33039340E+00      0.00000000      0.00000000
 -0.01000000 -0.41671120E+02  0.32522291E+00      0.00000000      0.00000000
 -0.00980000 -0.41346016E+02  0.32000446E+00      0.00000000      0.00000000
 -0.00960000 -0.41025307E+02  0.31484529E+00      0.00000000      0.00000000
 -0.00940000 -0.40713680E+02  0.30979741E+00      0.00000000      0.00000000
 -0.00920000 -0.40407906E+02  0.30510625E+00      0.00000000      0.00000000
 -0.00900000 -0.40104401E+02  0.30030939E+00      0.00000000      0.00000000
 -0.00880000 -0.39804176E+02  0.29557651E+00      0.00000000      0.00000000
 -0.00860000 -0.39507229E+02  0.29107532E+00      0.00000000      0.00000000
 -0.00840000 -0.39219471E+02  0.28686112E+00      0.00000000      0.00000000
 -0.00820000 -0.38935661E+02  0.28252935E+00      0.00000000      0.00000000
 -0.00800000 -0.38655487E+02  0.27830687E+00      0.00000000      0.00000000
 -0.00780000 -0.38382511E+02  0.27439886E+00      0.00000000      0.00000000
 -0.00760000 -0.38109032E+02  0.27030343E+00      0.00000000      0.00000000
 -0.00740000 -0.37840816E+02  0.26636919E+00      0.00000000      0.00000000
 -0.00720000 -0.37574074E+02  0.26253080E+00      0.00000000      0.00000000
 -0.00700000 -0.37314133E+02  0.25868505E+00      0.00000000      0.00000000
 -0.00680000 -0.37059162E+02  0.25508946E+00      0.00000000      0.00000000
 -0.00660000 -0.36804935E+02  0.25146499E+00      0.00000000      0.00000000
 -0.00640000 -0.36554333E+02  0.24794398E+00      0.00000000      0.00000000
 -0.00620000 -0.36306885E+02  0.24447513E+00      0.00000000      0.00000000
 -0.00600000 -0.36062717E+02  0.24104719E+00      0.00000000      0.00000000
 -0.00580000 -0.35824856E+02  0.23777941E+00      0.00000000      0.00000000
 -0.00560000 -0.35589745E+02  0.23449959E+00      0.00000000      0.00000000
 -0.00540000 -0.35354595E+02  0.23132576E+00      0.00000000      0.00000000
 -0.00520000 -0.35123844E+02  0.22814013E+00      0.00000000      0.00000000
 -0.00500000 -0.34897331E+02  0.22523341E+00      0.00000000      0.00000000
 -0.00480000 -0.34673897E+02  0.22213899E+00      0.00000000      0.00000000
 -0.00460000 -0.34455475E+02  0.21929117E+00      0.00000000      0.00000000
 -0.00440000 -0.34237392E+02  0.21640301E+00      0.00000000      0.00000000
 -0.00420000 -0.34023087E+02  0.21353528E+00      0.00000000      0.00000000
 -0.00400000 -0.33813595E+02  0.21087158E+00      0.00000000      0.00000000
 -0.00380000 -0.33601807E+02  0.20814419E+00      0.00000000      0.00000000
 -0.00360000 -0.33394787E+02  0.20544414E+00      0.00000000      0.00000000
 -0.00340000 -0.33188152E+02  0.20281847E+00      0.00000000      0.00000000
 -0.00320000 -0.32986633E+02  0.20024613E+00      0.00000000      0.00000000
 -0.00300000 -0.32788288E+02  0.19773681E+00      0.00000000      0.00000000
 -0.00280000 -0.32590767E+02  0.19528049E+00      0.00000000      0.00000000
 -0.00260000 -0.32395176E+02  0.19287850E+00      0.00000000      0.00000000
 -0.00240000 -0.32205349E+02  0.19046043E+00      0.00000000      0.00000000
 -0.00220000 -0.32016472E+02  0.18817471E+00      0.00000000      0.00000000
 -0.00200000 -0.31829119E+02  0.18597676E+00      0.00000000      0.00000000
 -0.00180000 -0.31643219E+02  0.18369147E+00      0.00000000      0.00000000
 -0.00160000 -0.31460251E+02  0.18143427E+00      0.00000000      0.00000000
 -0.00140000 -0.31281954E+02  0.17928095E+00      0.00000000      0.00000000
 -0.00120000 -0.31104534E+02  0.17719907E+00      0.00000000      0.00000000
 -0.00100000 -0.30927080E+02  0.17506027E+00      0.00000000      0.00000000
 -0.00080000 -0.30755152E+02  0.17310794E+00      0.00000000      0.00000000
 -0.00060000 -0.30582884E+02  0.17109904E+00      0.00000000      0.00000000
 -0.00040000 -0.30412050E+02  0.16902928E+00      0.00000000      0.00000000
 -0.00020000 -0.30244368E+02  0.16713104E+00      0.00000000      0.00000000
  0.00000000 -0.30077560E+02  0.16519332E+00      0.00000000      0.00000000
  0.00020000 -0.29912144E+02  0.16329232E+00      0.00000000      0.00000000
  0.00040000 -0.29750687E+02  0.16151023E+00      0.00000000      0.00000000
  0.00060000 -0.29591579E+02  0.15968171E+00      0.00000000      0.00000000
  0.00080000 -0.29431049E+02  0.15786929E+00      0.00000000      0.00000000
  0.00100000 -0.29276068E+02  0.15616760E+00      0.00000000      0.00000000
  0.00120000 -0.29122961E+02  0.15438865E+00      0.00000000      0.00000000
  0.00140000 -0.28969593E+02  0.15265580E+00      0.00000000      0.00000000
  0.00160000 -0.28818913E+02  0.15105346E+00      0.00000000      0.00000000
  0.00180000 -0.28668346E+02  0.14941177E+00      0.00000000      0.00000000
  0.00200000 -0.28519630E+02  0.14773831E+00      0.00000000      0.00000000
  0.00220000 -0.28371466E+02  0.14613095E+00      0.00000000      0.00000000
  0.00240000 -0.28226175E+02  0.14460346E+00      0.00000000      0.00000000
  0.00260000 -0.28082510E+02  0.14304940E+00      0.00000000      0.00000000
  0.00280000 -0.27940041E+02  0.14155777E+00      0.00000000      0.00000000
  0.00300000 -0.27797619E+02  0.14008263E+00      0.00000000      0.00000000
  0.00320000 -0.27657873E+02  0.13853507E+00      0.00000000      0.00000000
  0.00340000 -0.27521324E+02  0.13714403E+00      0.00000000      0.00000000
  0.00360000 -0.27386511E+02  0.13574383E+00      0.00000000      0.00000000
  0.00380000 -0.27251829E+02  0.13434321E+00      0.00000000      0.00000000
  0.00400000 -0.27119129E+02  0.13291560E+00      0.00000000      0.00000000
  0.00420000 -0.26987055E+02  0.13159598E+00      0.00000000      0.00000000
  0.00440000 -0.26855518E+02  0.13023931E+00      0.00000000      0.00000000
  0.00460000 -0.26726883E+02  0.12896527E+00      0.00000000      0.00000000
  0.00480000 -0.26598579E+02  0.12763217E+00      0.00000000      0.00000000
  0.00500000 -0.26469900E+02  0.12630954E+00      0.00000000      0.00000000
  0.00520000 -0.26343746E+02  0.12503040E+00      0.00000000      0.00000000
  0.00540000 -0.26219147E+02  0.12385329E+00      0.00000000      0.00000000
  0.00560000 -0.26094601E+02  0.12264177E+00      0.00000000      0.00000000
  0.00580000 -0.25971289E+02  0.12140931E+00      0.00000000      0.00000000
  0.00600000 -0.25851992E+02  0.12017754E+00      0.00000000      0.00000000
  0.00620000 -0.25732471E+02  0.11900121E+00      0.00000000      0.00000000
  0.00640000 -0.25614416E+02  0.11788651E+00      0.00000000      0.00000000
  0.00660000 -0.25498514E+02  0.11677543E+00      0.00000000      0.00000000
  0.00680000 -0.25381897E+02  0.11569407E+00      0.00000000      0.00000000
  0.00700000 -0.25267078E+02  0.11455660E+00      0.00000000      0.00000000
  0.00720000 -0.25152534E+02  0.11347975E+00      0.00000000      0.00000000
  0.00740000 -0.25040564E+02  0.11235177E+00      0.00000000      0.00000000
  0.00760000 -0.24927502E+02  0.11129786E+00      0.00000000      0.00000000
  0.00780000 -0.24816948E+02  0.11024047E+00      0.00000000      0.00000000
  0.00800000 -0.24707275E+02  0.10925952E+00      0.00000000      0.00000000
  0.00820000 -0.24599144E+02  0.10823762E+00      0.00000000      0.00000000
  0.00840000 -0.24491016E+02  0.10722735E+00      0.00000000      0.00000000
  0.00860000 -0.24384335E+02  0.10625581E+00      0.00000000      0.00000000
  0.00880000 -0.24277628E+02  0.10525760E+00      0.00000000      0.00000000
  0.00900000 -0.24172352E+02  0.10431921E+00      0.00000000      0.00000000
  0.00920000 -0.24069990E+02  0.10335835E+00      0.00000000      0.00000000
  0.00940000 -0.23967220E+02  0.10244676E+00      0.00000000      0.00000000
  0.00960000 -0.23866568E+02  0.10152496E+00      0.00000000      0.00000000
  0.00980000 -0.23764013E+02  0.10062850E+00      0.00000000      0.00000000
  0.01000000 -0.23663456E+02  0.99673696E-01      0.00000000      0.00000000
  0.01020000 -0.23564461E+02  0.98814659E-01      0.00000000      0.00000000
  0.01040000 -0.23466286E+02  0.97977325E-01      0.00000000      0.00000000
  0.01060000 -0.23368696E+02  0.97123869E-01      0.00000000      0.00000000
  0.01080000 -0.23271418E+02  0.96274957E-01      0.00000000      0.00000000
  0.01100000 -0.23175760E+02  0.95401302E-01      0.00000000      0.00000000
  0.01120000 -0.23080772E+02  0.94575182E-01      0.00000000      0.00000000
  0.01140000 -0.22986563E+02  0.93718007E-01      0.00000000      0.00000000
  0.01160000 -0.22892607E+02  0.92933059E-01      0.00000000      0.00000000
  0.01180000 -0.22800053E+02  0.92165709E-01      0.00000000      0.00000000
  0.01200000 -0.22708496E+02  0.91407374E-01      0.00000000      0.00000000
  0.01220000 -0.22617115E+02  0.90584323E-01      0.00000000      0.00000000
  0.01240000 -0.22527748E+02  0.89800358E-01      0.00000000      0.00000000
  0.01260000 -0.22439487E+02  0.89094490E-01      0.00000000      0.00000000
  0.01280000 -0.22350531E+02  0.88295951E-01      0.00000000      0.00000000
  0.01300000 -0.22262171E+02  0.87571993E-01      0.00000000      0.00000000
  0.01320000 -0.22173916E+02  0.86856335E-01      0.00000000      0.00000000
  0.01340000 -0.22087753E+02  0.86132854E-01      0.00000000      0.00000000
  0.01360000 -0.22001648E+02  0.85437894E-01      0.00000000      0.00000000
  0.01380000 -0.21916508E+02  0.84708005E-01      0.00000000      0.00000000
  0.01400000 -0.21832447E+02  0.84001631E-01      0.00000000      0.00000000
  0.01420000 -0.21748917E+02  0.83320275E-01      0.00000000      0.00000000
  0.01440000 -0.21665970E+02  0.82633674E-01      0.00000000      0.00000000
  0.01460000 -0.21583889E+02  0.81992134E-01      0.00000000      0.00000000
  0.01480000 -0.21502621E+02  0.81323206E-01      0.00000000      0.00000000
  0.01500000 -0.21422251E+02  0.80719814E-01      0.00000000      0.00000000
  0.01520000 -0.21340763E+02  0.80055311E-01      0.00000000      0.00000000
  0.01540000 -0.21260750E+02  0.79394728E-01      0.00000000      0.00000000
  0.01560000 -0.21181208E+02  0.78780442E-01      0.00000000      0.00000000
  0.01580000 -0.21103029E+02  0.78117549E-01      0.00000000      0.00000000
  0.01600000 -0.21024498E+02  0.77513054E-01      0.00000000      0.00000000
  0.01619999 -0.20947796E+02  0.76911300E-01      0.00000000      0.00000000
  0.01640000 -0.20871891E+02  0.76300144E-01      0.00000000      0.00000000
  0.01660000 -0.20795830E+02  0.75715035E-01      0.00000000      0.00000000
  0.01680000 -0.20719509E+02  0.75133622E-01      0.00000000      0.00000000
  0.01700000 -0.20644653E+02  0.74583471E-01      0.00000000      0.00000000
  0.01720000 -0.20570478E+02  0.74024588E-01      0.00000000      0.00000000
  0.01740000 -0.20496120E+02  0.73438495E-01      0.00000000      0.00000000
  0.01760000 -0.20422939E+02  0.72848946E-01      0.00000000      0.00000000
  0.01780000 -0.20350576E+02  0.72308987E-01      0.00000000      0.00000000
  0.01800000 -0.20279263E+02  0.71741253E-01      0.00000000      0.00000000
  0.01820000 -0.20207956E+02  0.71234852E-01      0.00000000      0.00000000
  0.01840000 -0.20137054E+02  0.70685923E-01      0.00000000      0.00000000
  0.01860000 -0.20067501E+02  0.70184827E-01      0.00000000      0.00000000
  0.01880000 -0.19997427E+02  0.69647640E-01      0.00000000      0.00000000
  0.01900000 -0.19927313E+02  0.69155723E-01      0.00000000      0.00000000
  0.01920000 -0.19858446E+02  0.68573475E-01      0.00000000      0.00000000
  0.01940000 -0.19790110E+02  0.68068862E-01      0.00000000      0.00000000
  0.01960000 -0.19721775E+02  0.67578048E-01      0.00000000      0.00000000
  0.01980000 -0.19654318E+02  0.67082793E-01      0.00000000      0.00000000
  0.02000000 -0.19588184E+02  0.66635668E-01      0.00000000      0.00000000
  0.02020000 -0.19521694E+02  0.66110253E-01      0.00000000      0.00000000
  0.02040000 -0.19455982E+02  0.65643519E-01      0.00000000      0.00000000
  0.02060000 -0.19391012E+02  0.65179288E-01      0.00000000      0.00000000
  0.02080000 -0.19326176E+02  0.64713538E-01      0.00000000      0.00000000
  0.02100000 -0.19261503E+02  0.64245164E-01      0.00000000      0.00000000
  0.02120000 -0.19197554E+02  0.63782871E-01      0.00000000      0.00000000
  0.02140000 -0.19134760E+02  0.63315928E-01      0.00000000      0.00000000
  0.02160000 -0.19071901E+02  0.62879682E-01      0.00000000      0.00000000
  0.02180000 -0.19008686E+02  0.62403321E-01      0.00000000      0.00000000
  0.02200000 -0.18946926E+02  0.61982155E-01      0.00000000      0.00000000
  0.02220000 -0.18884209E+02  0.61552703E-01      0.00000000      0.00000000
  0.02240000 -0.18823439E+02  0.61153769E-01      0.00000000      0.00000000
  0.02260000 -0.18762039E+02  0.60726166E-01      0.00000000      0.00000000
  0.02280000 -0.18701111E+02  0.60290754E-01      0.00000000      0.00000000
  0.02300000 -0.18640556E+02  0.59856713E-01      0.00000000      0.00000000
  0.02320000 -0.18581223E+02  0.59424400E-01      0.00000000      0.00000000
  0.02340000 -0.18522083E+02  0.59041798E-01      0.00000000      0.00000000
  0.02360000 -0.18462883E+02  0.58613837E-01      0.00000000      0.00000000
  0.02380000 -0.18403282E+02  0.58234513E-01      0.00000000      0.00000000
  0.02400000 -0.18345367E+02  0.57823598E-01      0.00000000      0.00000000
  0.02420000 -0.18287693E+02  0.57414830E-01      0.00000000      0.00000000
  0.02440000 -0.18231033E+02  0.57049394E-01      0.00000000      0.00000000
  0.02460000 -0.18173820E+02  0.56670129E-01      0.00000000      0.00000000
  0.02480000 -0.18117180E+02  0.56276202E-01      0.00000000      0.00000000
  0.02500000 -0.18061275E+02  0.55895686E-01      0.00000000      0.00000000
  0.02520000 -0.18006180E+02  0.55550814E-01      0.00000000      0.00000000
  0.02540000 -0.17951130E+02  0.55201054E-01      0.00000000      0.00000000
  0.02560000 -0.17895821E+02  0.54811358E-01      0.00000000      0.00000000
  0.02580000 -0.17840996E+02  0.54443479E-01      0.00000000      0.00000000
  0.02600000 -0.17786594E+02  0.54119468E-01      0.00000000      0.00000000
  0.02620000 -0.17732281E+02  0.53753018E-01      0.00000000      0.00000000
  0.02640000 -0.17678944E+02  0.53361177E-01      0.00000000      0.00000000
  0.02660000 -0.17626225E+02  0.53009391E-01      0.00000000      0.00000000
  0.02680000 -0.17573357E+02  0.52684903E-01      0.00000000      0.00000000
  0.02700000 -0.17521626E+02  0.52343249E-01      0.00000000      0.00000000
  0.02720000 -0.17468807E+02  0.52026868E-01      0.00000000      0.00000000
  0.02740000 -0.17416485E+02  0.51665545E-01      0.00000000      0.00000000
  0.02760000 -0.17365273E+02  0.51346779E-01      0.00000000      0.00000000
  0.02780000 -0.17314526E+02  0.50971746E-01      0.00000000      0.00000000
  0.02800000 -0.17263542E+02  0.50680399E-01      0.00000000      0.00000000
  0.02820000 -0.17213272E+02  0.50341845E-01      0.00000000      0.00000000
  0.02840000 -0.17162926E+02  0.50048351E-01      0.00000000      0.00000000
  0.02860000 -0.17113304E+02  0.49708605E-01      0.00000000      0.00000000
  0.02880000 -0.17063156E+02  0.49397945E-01      0.00000000      0.00000000
  0.02900000 -0.17014359E+02  0.49101353E-01      0.00000000      0.00000000
  0.02920000 -0.16964996E+02  0.48802137E-01      0.00000000      0.00000000
  0.02940000 -0.16916794E+02  0.48512459E-01      0.00000000      0.00000000
  0.02959999 -0.16868820E+02  0.48190594E-01      0.00000000      0.00000000
  0.02980000 -0.16820656E+02  0.47917843E-01      0.00000000      0.00000000
  0.03000000 -0.16773209E+02  0.47622204E-01      0.00000000      0.00000000
  0.03020000 -0.16725563E+02  0.47323227E-01      0.00000000      0.00000000
  0.03040000 -0.16678947E+02  0.47026634E-01      0.00000000      0.00000000
  0.03060000 -0.16632278E+02  0.46737194E-01      0.00000000      0.00000000
  0.03080000 -0.16585739E+02  0.46448231E-01      0.00000000      0.00000000
  0.03100000 -0.16539047E+02  0.46153069E-01      0.00000000      0.00000000
  0.03120000 -0.16492493E+02  0.45859337E-01      0.00000000      0.00000000
  0.03140000 -0.16446960E+02  0.45566559E-01      0.00000000      0.00000000
  0.03160000 -0.16400986E+02  0.45306206E-01      0.00000000      0.00000000
  0.03179999 -0.16355469E+02  0.45031548E-01      0.00000000      0.00000000
  0.03200001 -0.16310593E+02  0.44775009E-01      0.00000000      0.00000000
  0.03220000 -0.16266220E+02  0.44525146E-01      0.00000000      0.00000000
  0.03240000 -0.16222198E+02  0.44248581E-01      0.00000000      0.00000000
  0.03260000 -0.16177765E+02  0.43949127E-01      0.00000000      0.00000000
  0.03280000 -0.16133942E+02  0.43704987E-01      0.00000000      0.00000000
  0.03300000 -0.16090607E+02  0.43464661E-01      0.00000000      0.00000000
  0.03320000 -0.16047729E+02  0.43228149E-01      0.00000000      0.00000000
  0.03340000 -0.16004272E+02  0.42999268E-01      0.00000000      0.00000000
  0.03360000 -0.15961975E+02  0.42724609E-01      0.00000000      0.00000000
  0.03380000 -0.15918900E+02  0.42480469E-01      0.00000000      0.00000000
  0.03399999 -0.15876373E+02  0.42114258E-01      0.00000000      0.00000000
  0.03420001 -0.15834503E+02  0.41992188E-01      0.00000000      0.00000000
  0.03440000 -0.15792694E+02  0.41702271E-01      0.00000000      0.00000000
  0.03460000 -0.15750931E+02  0.41465759E-01      0.00000000      0.00000000
  0.03479999 -0.15709412E+02  0.41244507E-01      0.00000000      0.00000000
  0.03500000 -0.15668542E+02  0.40992737E-01      0.00000000      0.00000000
  0.03520000 -0.15628208E+02  0.40756226E-01      0.00000000      0.00000000
  0.03540000 -0.15587204E+02  0.40512085E-01      0.00000000      0.00000000
  0.03560000 -0.15546555E+02  0.40283203E-01      0.00000000      0.00000000
  0.03580000 -0.15506073E+02  0.40069580E-01      0.00000000      0.00000000
  0.03600000 -0.15466675E+02  0.39855957E-01      0.00000000      0.00000000
  0.03619999 -0.15427448E+02  0.39672852E-01      0.00000000      0.00000000
  0.03640000 -0.15387390E+02  0.39245605E-01      0.00000000      0.00000000
  0.03660000 -0.15347534E+02  0.39123535E-01      0.00000000      0.00000000
  0.03680000 -0.15309113E+02  0.38940430E-01      0.00000000      0.00000000
  0.03700000 -0.15270386E+02  0.38734436E-01      0.00000000      0.00000000
  0.03720000 -0.15231537E+02  0.38528442E-01      0.00000000      0.00000000
  0.03740000 -0.15193146E+02  0.38307190E-01      0.00000000      0.00000000
  0.03760000 -0.15155106E+02  0.38099289E-01      0.00000000      0.00000000
  0.03780000 -0.15116821E+02  0.37883759E-01      0.00000000      0.00000000
  0.03800000 -0.15079102E+02  0.37673950E-01      0.00000000      0.00000000
  0.03820000 -0.15041580E+02  0.37481308E-01      0.00000000      0.00000000
  0.03839999 -0.15004181E+02  0.37254333E-01      0.00000000      0.00000000
  0.03860000 -0.14967453E+02  0.37049294E-01      0.00000000      0.00000000
  0.03880000 -0.14930099E+02  0.36839485E-01      0.00000000      0.00000000
  0.03900000 -0.14892776E+02  0.36629677E-01      0.00000000      0.00000000
  0.03920000 -0.14856850E+02  0.36446571E-01      0.00000000      0.00000000
  0.03940000 -0.14820351E+02  0.36243439E-01      0.00000000      0.00000000
  0.03960000 -0.14784164E+02  0.36060333E-01      0.00000000      0.00000000
  0.03980000 -0.14747887E+02  0.35846710E-01      0.00000000      0.00000000
  0.04000000 -0.14712128E+02  0.35645962E-01      0.00000000      0.00000000
  0.04020000 -0.14676552E+02  0.35471439E-01      0.00000000      0.00000000
  0.04040000 -0.14641060E+02  0.35273552E-01      0.00000000      0.00000000
  0.04060000 -0.14605698E+02  0.35091162E-01      0.00000000      0.00000000
  0.04080000 -0.14570961E+02  0.34915209E-01      0.00000000      0.00000000
  0.04100000 -0.14536041E+02  0.34730673E-01      0.00000000      0.00000000
  0.04120000 -0.14501411E+02  0.34525394E-01      0.00000000      0.00000000
  0.04140000 -0.14466919E+02  0.34354687E-01      0.00000000      0.00000000
  0.04160000 -0.14432800E+02  0.34183264E-01      0.00000000      0.00000000
  0.04180000 -0.14398865E+02  0.33998489E-01      0.00000000      0.00000000
  0.04200000 -0.14364853E+02  0.33812046E-01      0.00000000      0.00000000
  0.04220000 -0.14330925E+02  0.33632994E-01      0.00000000      0.00000000
  0.04240000 -0.14297592E+02  0.33482909E-01      0.00000000      0.00000000
  0.04260000 -0.14264259E+02  0.33307672E-01      0.00000000      0.00000000
  0.04280000 -0.14230934E+02  0.33119321E-01      0.00000000      0.00000000
  0.04300000 -0.14197472E+02  0.32930374E-01      0.00000000      0.00000000
  0.04320000 -0.14164604E+02  0.32749057E-01      0.00000000      0.00000000
  0.04340000 -0.14132019E+02  0.32595515E-01      0.00000000      0.00000000
  0.04360000 -0.14100166E+02  0.32422662E-01      0.00000000      0.00000000
  0.04380000 -0.14067795E+02  0.32268405E-01      0.00000000      0.00000000
  0.04400000 -0.14035679E+02  0.32127976E-01      0.00000000      0.00000000
  0.04420000 -0.14003513E+02  0.31958580E-01      0.00000000      0.00000000
  0.04440000 -0.13971458E+02  0.31784296E-01      0.00000000      0.00000000
  0.04460000 -0.13939747E+02  0.31625867E-01      0.00000000      0.00000000
  0.04480000 -0.13908207E+02  0.31466961E-01      0.00000000      0.00000000
  0.04500000 -0.13877071E+02  0.31307220E-01      0.00000000      0.00000000
  0.04520000 -0.13845882E+02  0.31153083E-01      0.00000000      0.00000000
  0.04539999 -0.13814674E+02  0.30991912E-01      0.00000000      0.00000000
  0.04560000 -0.13783657E+02  0.30829310E-01      0.00000000      0.00000000
  0.04580000 -0.13752693E+02  0.30695677E-01      0.00000000      0.00000000
  0.04600000 -0.13721951E+02  0.30540168E-01      0.00000000      0.00000000
  0.04620000 -0.13691231E+02  0.30390501E-01      0.00000000      0.00000000
  0.04640000 -0.13661224E+02  0.30227542E-01      0.00000000      0.00000000
  0.04660000 -0.13631172E+02  0.30065298E-01      0.00000000      0.00000000
  0.04680000 -0.13600998E+02  0.29925048E-01      0.00000000      0.00000000
  0.04700000 -0.13571075E+02  0.29781997E-01      0.00000000      0.00000000
  0.04720000 -0.13541328E+02  0.29635370E-01      0.00000000      0.00000000
  0.04740000 -0.13512016E+02  0.29481947E-01      0.00000000      0.00000000
  0.04759999 -0.13483006E+02  0.29340386E-01      0.00000000      0.00000000
  0.04780000 -0.13453487E+02  0.29192448E-01      0.00000000      0.00000000
  0.04800000 -0.13424082E+02  0.29040813E-01      0.00000000      0.00000000
  0.04820000 -0.13395489E+02  0.28922617E-01      0.00000000      0.00000000
  0.04840000 -0.13366676E+02  0.28788745E-01      0.00000000      0.00000000
  0.04860000 -0.13337799E+02  0.28628707E-01      0.00000000      0.00000000
  0.04880000 -0.13309233E+02  0.28491855E-01      0.00000000      0.00000000
  0.04899999 -0.13280727E+02  0.28345823E-01      0.00000000      0.00000000
  0.04920000 -0.13252729E+02  0.28231531E-01      0.00000000      0.00000000
  0.04940000 -0.13224470E+02  0.28095245E-01      0.00000000      0.00000000
  0.04960000 -0.13196339E+02  0.27959287E-01      0.00000000      0.00000000
  0.04979999 -0.13168156E+02  0.27826577E-01      0.00000000      0.00000000
  0.05000000 -0.13140589E+02  0.27708620E-01      0.00000000      0.00000000
  0.05020000 -0.13113230E+02  0.27569383E-01      0.00000000      0.00000000
  0.05040000 -0.13085716E+02  0.27435094E-01      0.00000000      0.00000000
  0.05060000 -0.13058424E+02  0.27311891E-01      0.00000000      0.00000000
  0.05080000 -0.13031395E+02  0.27175188E-01      0.00000000      0.00000000
  0.05100000 -0.13004168E+02  0.27045608E-01      0.00000000      0.00000000
  0.05119999 -0.12977104E+02  0.26912659E-01      0.00000000      0.00000000
  0.05140000 -0.12950586E+02  0.26793569E-01      0.00000000      0.00000000
  0.05160000 -0.12923904E+02  0.26674032E-01      0.00000000      0.00000000
  0.05180000 -0.12897005E+02  0.26561350E-01      0.00000000      0.00000000
  0.05199999 -0.12870369E+02  0.26416451E-01      0.00000000      0.00000000
  0.05220000 -0.12843708E+02  0.26302040E-01      0.00000000      0.00000000
  0.05240000 -0.12817476E+02  0.26170671E-01      0.00000000      0.00000000
  0.05260000 -0.12791315E+02  0.26061237E-01      0.00000000      0.00000000
  0.05280000 -0.12765451E+02  0.25934339E-01      0.00000000      0.00000000
  0.05300000 -0.12739637E+02  0.25820732E-01      0.00000000      0.00000000
  0.05320000 -0.12713722E+02  0.25704950E-01      0.00000000      0.00000000
  0.05339999 -0.12687962E+02  0.25582850E-01      0.00000000      0.00000000
  0.05360000 -0.12662374E+02  0.25462180E-01      0.00000000      0.00000000
  0.05380000 -0.12636911E+02  0.25348425E-01      0.00000000      0.00000000
  0.05400000 -0.12612015E+02  0.25216520E-01      0.00000000      0.00000000
  0.05420000 -0.12586430E+02  0.25097966E-01      0.00000000      0.00000000
  0.05440000 -0.12561516E+02  0.24994940E-01      0.00000000      0.00000000
  0.05460000 -0.12536840E+02  0.24887562E-01      0.00000000      0.00000000
  0.05480000 -0.12511951E+02  0.24779528E-01      0.00000000      0.00000000
  0.05500000 -0.12487221E+02  0.24671346E-01      0.00000000      0.00000000
  0.05520000 -0.12462496E+02  0.24549916E-01      0.00000000      0.00000000
  0.05540000 -0.12438095E+02  0.24438635E-01      0.00000000      0.00000000
  0.05560000 -0.12413206E+02  0.24330050E-01      0.00000000      0.00000000
  0.05580000 -0.12388990E+02  0.24234891E-01      0.00000000      0.00000000
  0.05600000 -0.12364735E+02  0.24119183E-01      0.00000000      0.00000000
  0.05620000 -0.12340824E+02  0.24014220E-01      0.00000000      0.00000000
  0.05640000 -0.12316849E+02  0.23904145E-01      0.00000000      0.00000000
  0.05660000 -0.12293020E+02  0.23804024E-01      0.00000000      0.00000000
  0.05680000 -0.12269133E+02  0.23689628E-01      0.00000000      0.00000000
  0.05700000 -0.12245428E+02  0.23581550E-01      0.00000000      0.00000000
  0.05720000 -0.12221945E+02  0.23483306E-01      0.00000000      0.00000000
  0.05740000 -0.12198435E+02  0.23371145E-01      0.00000000      0.00000000
  0.05760000 -0.12175103E+02  0.23277417E-01      0.00000000      0.00000000
  0.05780000 -0.12151930E+02  0.23176089E-01      0.00000000      0.00000000
  0.05800000 -0.12128657E+02  0.23065418E-01      0.00000000      0.00000000
  0.05819999 -0.12105848E+02  0.22976846E-01      0.00000000      0.00000000
  0.05840000 -0.12083072E+02  0.22873729E-01      0.00000000      0.00000000
  0.05860000 -0.12060124E+02  0.22778109E-01      0.00000000      0.00000000
  0.05880000 -0.12037494E+02  0.22679746E-01      0.00000000      0.00000000
  0.05900000 -0.12014920E+02  0.22571400E-01      0.00000000      0.00000000
  0.05920000 -0.11992681E+02  0.22499651E-01      0.00000000      0.00000000
  0.05940000 -0.11970180E+02  0.22398651E-01      0.00000000      0.00000000
  0.05960000 -0.11947712E+02  0.22292420E-01      0.00000000      0.00000000
  0.05980000 -0.11925404E+02  0.22205397E-01      0.00000000      0.00000000
  0.06000000 -0.11903185E+02  0.22102267E-01      0.00000000      0.00000000
  0.06020000 -0.11880975E+02  0.21994784E-01      0.00000000      0.00000000
  0.06039999 -0.11859107E+02  0.21921828E-01      0.00000000      0.00000000
  0.06060000 -0.11837386E+02  0.21828100E-01      0.00000000      0.00000000
  0.06080000 -0.11815595E+02  0.21736860E-01      0.00000000      0.00000000
  0.06100000 -0.11794071E+02  0.21648332E-01      0.00000000      0.00000000
  0.06119999 -0.11772480E+02  0.21543562E-01      0.00000000      0.00000000
  0.06140000 -0.11750929E+02  0.21448165E-01      0.00000000      0.00000000
  0.06160000 -0.11729505E+02  0.21357611E-01      0.00000000      0.00000000
  0.06180000 -0.11708284E+02  0.21289587E-01      0.00000000      0.00000000
  0.06200000 -0.11687025E+02  0.21184191E-01      0.00000000      0.00000000
  0.06220000 -0.11665957E+02  0.21086887E-01      0.00000000      0.00000000
  0.06240000 -0.11644947E+02  0.21008186E-01      0.00000000      0.00000000
  0.06259999 -0.11623724E+02  0.20928986E-01      0.00000000      0.00000000
  0.06280001 -0.11602810E+02  0.20837739E-01      0.00000000      0.00000000
  0.06300000 -0.11581945E+02  0.20740852E-01      0.00000000      0.00000000
  0.06320000 -0.11561066E+02  0.20660579E-01      0.00000000      0.00000000
  0.06339999 -0.11540621E+02  0.20572774E-01      0.00000000      0.00000000
  0.06360000 -0.11520156E+02  0.20491026E-01      0.00000000      0.00000000
  0.06380000 -0.11499626E+02  0.20408571E-01      0.00000000      0.00000000
  0.06400000 -0.11479392E+02  0.20323284E-01      0.00000000      0.00000000
  0.06420000 -0.11458945E+02  0.20232722E-01      0.00000000      0.00000000
  0.06440000 -0.11438888E+02  0.20156197E-01      0.00000000      0.00000000
  0.06460000 -0.11418725E+02  0.20083532E-01      0.00000000      0.00000000
  0.06479999 -0.11398779E+02  0.19998275E-01      0.00000000      0.00000000
  0.06500000 -0.11378786E+02  0.19915409E-01      0.00000000      0.00000000
  0.06520000 -0.11359055E+02  0.19824781E-01      0.00000000      0.00000000
  0.06540000 -0.11339320E+02  0.19742534E-01      0.00000000      0.00000000
  0.06559999 -0.11319679E+02  0.19673273E-01      0.00000000      0.00000000
  0.06580000 -0.11299989E+02  0.19591615E-01      0.00000000      0.00000000
  0.06600000 -0.11280327E+02  0.19506797E-01      0.00000000      0.00000000
  0.06620000 -0.11260830E+02  0.19444697E-01      0.00000000      0.00000000
  0.06640000 -0.11241433E+02  0.19357748E-01      0.00000000      0.00000000
  0.06660000 -0.11222109E+02  0.19279018E-01      0.00000000      0.00000000
  0.06680001 -0.11202847E+02  0.19201376E-01      0.00000000      0.00000000
  0.06699999 -0.11183813E+02  0.19125730E-01      0.00000000      0.00000000
  0.06720000 -0.11164722E+02  0.19052967E-01      0.00000000      0.00000000
  0.06739999 -0.11145802E+02  0.18983148E-01      0.00000000      0.00000000
  0.06760000 -0.11126752E+02  0.18897712E-01      0.00000000      0.00000000
  0.06780000 -0.11108138E+02  0.18822052E-01      0.00000000      0.00000000
  0.06800000 -0.11089496E+02  0.18754639E-01      0.00000000      0.00000000
  0.06820000 -0.11070726E+02  0.18671878E-01      0.00000000      0.00000000
  0.06840000 -0.11052206E+02  0.18602237E-01      0.00000000      0.00000000
  0.06859999 -0.11033652E+02  0.18522672E-01      0.00000000      0.00000000
  0.06880000 -0.11015087E+02  0.18464759E-01      0.00000000      0.00000000
  0.06900001 -0.10996443E+02  0.18387690E-01      0.00000000      0.00000000
  0.06919999 -0.10977876E+02  0.18322520E-01      0.00000000      0.00000000
  0.06940000 -0.10959479E+02  0.18252701E-01      0.00000000      0.00000000
  0.06960000 -0.10941252E+02  0.18171348E-01      0.00000000      0.00000000
  0.06980000 -0.10923337E+02  0.18096752E-01      0.00000000      0.00000000
  0.07000000 -0.10905440E+02  0.18029496E-01      0.00000000      0.00000000
  0.07020000 -0.10887674E+02  0.17967045E-01      0.00000000      0.00000000
  0.07040000 -0.10869923E+02  0.17896302E-01      0.00000000      0.00000000
  0.07060000 -0.10852083E+02  0.17823018E-01      0.00000000      0.00000000
  0.07079999 -0.10834064E+02  0.17745912E-01      0.00000000      0.00000000
  0.07099999 -0.10816329E+02  0.17681830E-01      0.00000000      0.00000000
  0.07120001 -0.10798517E+02  0.17620005E-01      0.00000000      0.00000000
  0.07139999 -0.10780821E+02  0.17551936E-01      0.00000000      0.00000000
  0.07160000 -0.10763279E+02  0.17482027E-01      0.00000000      0.00000000
  0.07180000 -0.10745798E+02  0.17411441E-01      0.00000000      0.00000000
  0.07200000 -0.10728428E+02  0.17352141E-01      0.00000000      0.00000000
  0.07220000 -0.10711323E+02  0.17280236E-01      0.00000000      0.00000000
  0.07239999 -0.10694073E+02  0.17230228E-01      0.00000000      0.00000000
  0.07260000 -0.10676907E+02  0.17157696E-01      0.00000000      0.00000000
  0.07280000 -0.10659773E+02  0.17084874E-01      0.00000000      0.00000000
  0.07299999 -0.10642576E+02  0.17023779E-01      0.00000000      0.00000000
  0.07319999 -0.10625708E+02  0.16945936E-01      0.00000000      0.00000000
  0.07340001 -0.10608816E+02  0.16887378E-01      0.00000000      0.00000000
  0.07359999 -0.10592028E+02  0.16836401E-01      0.00000000      0.00000000
  0.07380000 -0.10575125E+02  0.16768970E-01      0.00000000      0.00000000
  0.07400000 -0.10558250E+02  0.16704530E-01      0.00000000      0.00000000
  0.07420000 -0.10541916E+02  0.16637344E-01      0.00000000      0.00000000
  0.07440000 -0.10524992E+02  0.16582619E-01      0.00000000      0.00000000
  0.07460000 -0.10508286E+02  0.16530812E-01      0.00000000      0.00000000
  0.07480000 -0.10491884E+02  0.16466051E-01      0.00000000      0.00000000
  0.07500000 -0.10475454E+02  0.16396318E-01      0.00000000      0.00000000
  0.07519999 -0.10459127E+02  0.16324941E-01      0.00000000      0.00000000
  0.07539999 -0.10442904E+02  0.16267065E-01      0.00000000      0.00000000
  0.07560000 -0.10426517E+02  0.16213298E-01      0.00000000      0.00000000
  0.07579999 -0.10410286E+02  0.16151719E-01      0.00000000      0.00000000
  0.07600000 -0.10394175E+02  0.16094785E-01      0.00000000      0.00000000
  0.07620000 -0.10378090E+02  0.16033765E-01      0.00000000      0.00000000
  0.07640000 -0.10362063E+02  0.15980422E-01      0.00000000      0.00000000
  0.07660000 -0.10346181E+02  0.15930414E-01      0.00000000      0.00000000
  0.07680000 -0.10330587E+02  0.15861008E-01      0.00000000      0.00000000
  0.07699999 -0.10314474E+02  0.15801061E-01      0.00000000      0.00000000
  0.07720000 -0.10298706E+02  0.15738551E-01      0.00000000      0.00000000
  0.07739999 -0.10283092E+02  0.15683498E-01      0.00000000      0.00000000
  0.07759999 -0.10267406E+02  0.15624929E-01      0.00000000      0.00000000
  0.07780000 -0.10251875E+02  0.15571233E-01      0.00000000      0.00000000
  0.07799999 -0.10236206E+02  0.15519548E-01      0.00000000      0.00000000
  0.07820000 -0.10220707E+02  0.15466388E-01      0.00000000      0.00000000
  0.07840000 -0.10205552E+02  0.15417445E-01      0.00000000      0.00000000
  0.07860000 -0.10190130E+02  0.15356239E-01      0.00000000      0.00000000
  0.07880000 -0.10174803E+02  0.15302859E-01      0.00000000      0.00000000
  0.07900000 -0.10159319E+02  0.15240561E-01      0.00000000      0.00000000
  0.07919999 -0.10144032E+02  0.15196208E-01      0.00000000      0.00000000
  0.07940000 -0.10128958E+02  0.15131902E-01      0.00000000      0.00000000
  0.07960001 -0.10113798E+02  0.15070386E-01      0.00000000      0.00000000
  0.07979999 -0.10098896E+02  0.15025448E-01      0.00000000      0.00000000
