 -0.04000000  0.29592276E+02  0.19553651E+00      0.00000000      0.00000000
 -0.03980000  0.29788548E+02  0.19804557E+00      0.00000000      0.00000000
 -0.03960000  0.29987181E+02  0.20067146E+00      0.00000000      0.00000000
 -0.03940000  0.30187614E+02  0.20321628E+00      0.00000000      0.00000000
 -0.03920000  0.30392208E+02  0.20586742E+00      0.00000000      0.00000000
 -0.03900000  0.30599880E+02  0.20866963E+00      0.00000000      0.00000000
 -0.03880000  0.30808622E+02  0.21137476E+00      0.00000000      0.00000000
 -0.03860000  0.31022041E+02  0.21434784E+00      0.00000000      0.00000000
 -0.03840000  0.31241648E+02  0.21728644E+00      0.00000000      0.00000000
 -0.03820000  0.31459539E+02  0.22024846E+00      0.00000000      0.00000000
 -0.03800000  0.31682899E+02  0.22324637E+00      0.00000000      0.00000000
 -0.03780000  0.31905811E+02  0.22634688E+00      0.00000000      0.00000000
 -0.03760000  0.32135513E+02  0.22947577E+00      0.00000000      0.00000000
 -0.03740000  0.32366772E+02  0.23267175E+00      0.00000000      0.00000000
 -0.03720000  0.32599140E+02  0.23599198E+00      0.00000000      0.00000000
 -0.03700000  0.32835449E+02  0.23939957E+00      0.00000000      0.00000000
 -0.03680000  0.33077530E+02  0.24292505E+00      0.00000000      0.00000000
 -0.03660000  0.33322639E+02  0.24639854E+00      0.00000000      0.00000000
 -0.03640000  0.33571869E+02  0.25005752E+00      0.00000000      0.00000000
 -0.03620000  0.33823460E+02  0.25377238E+00      0.00000000      0.00000000
 -0.03600000  0.34079189E+02  0.25756210E+00      0.00000000      0.00000000
 -0.03580000  0.34338276E+02  0.26131457E+00      0.00000000      0.00000000
 -0.03560000  0.34600552E+02  0.26529258E+00      0.00000000      0.00000000
 -0.03540000  0.34870331E+02  0.26913494E+00      0.00000000      0.00000000
 -0.03520000  0.35142509E+02  0.27330717E+00      0.00000000      0.00000000
 -0.03500000  0.35415031E+02  0.27749753E+00      0.00000000      0.00000000
 -0.03480000  0.35693054E+02  0.28187338E+00      0.00000000      0.00000000
 -0.03460000  0.35978424E+02  0.28626022E+00      0.00000000      0.00000000
 -0.03440000  0.36268330E+02  0.29091117E+00      0.00000000      0.00000000
 -0.03420000  0.36566315E+02  0.29549474E+00      0.00000000      0.00000000
 -0.03400000  0.36865482E+02  0.30032763E+00      0.00000000      0.00000000
 -0.03380000  0.37166985E+02  0.30505675E+00      0.00000000      0.00000000
 -0.03360000  0.37471558E+02  0.30992931E+00      0.00000000      0.00000000
 -0.03340000  0.37783073E+02  0.31491384E+00      0.00000000      0.00000000
 -0.03320000  0.38098026E+02  0.32009578E+00      0.00000000      0.00000000
 -0.03300000  0.38423420E+02  0.32552290E+00      0.00000000      0.00000000
 -0.03280000  0.38748848E+02  0.33117852E+00      0.00000000      0.00000000
 -0.03260000  0.39084965E+02  0.33673090E+00      0.00000000      0.00000000
 -0.03240000  0.39425320E+02  0.34244347E+00      0.00000000      0.00000000
 -0.03220000  0.39768520E+02  0.34837815E+00      0.00000000      0.00000000
 -0.03200000  0.40121578E+02  0.35443211E+00      0.00000000      0.00000000
 -0.03180000  0.40478203E+02  0.36061260E+00      0.00000000      0.00000000
 -0.03160000  0.40841507E+02  0.36711007E+00      0.00000000      0.00000000
 -0.03140000  0.41212074E+02  0.37353197E+00      0.00000000      0.00000000
 -0.03120000  0.41592529E+02  0.38045838E+00      0.00000000      0.00000000
 -0.03100000  0.41976292E+02  0.38750303E+00      0.00000000      0.00000000
 -0.03080000  0.42365757E+02  0.39451495E+00      0.00000000      0.00000000
 -0.03060000  0.42766064E+02  0.40188694E+00      0.00000000      0.00000000
 -0.03040000  0.43172493E+02  0.40940413E+00      0.00000000      0.00000000
 -0.03020000  0.43584518E+02  0.41713977E+00      0.00000000      0.00000000
 -0.03000000  0.44006275E+02  0.42529190E+00      0.00000000      0.00000000
 -0.02980000  0.44431953E+02  0.43326527E+00      0.00000000      0.00000000
 -0.02960000  0.44867451E+02  0.44159058E+00      0.00000000      0.00000000
 -0.02940000  0.45317215E+02  0.45050353E+00      0.00000000      0.00000000
 -0.02920000  0.45772442E+02  0.45952958E+00      0.00000000      0.00000000
 -0.02900000  0.46230415E+02  0.46860895E+00      0.00000000      0.00000000
 -0.02880000  0.46696972E+02  0.47806239E+00      0.00000000      0.00000000
 -0.02860000  0.47178276E+02  0.48775315E+00      0.00000000      0.00000000
 -0.02840000  0.47676716E+02  0.49784565E+00      0.00000000      0.00000000
 -0.02820000  0.48182442E+02  0.50834572E+00      0.00000000      0.00000000
 -0.02800000  0.48700382E+02  0.51914167E+00      0.00000000      0.00000000
 -0.02780000  0.49224354E+02  0.53027034E+00      0.00000000      0.00000000
 -0.02760000  0.49756668E+02  0.54187769E+00      0.00000000      0.00000000
 -0.02740000  0.50306992E+02  0.55378705E+00      0.00000000      0.00000000
 -0.02720000  0.50864239E+02  0.56623852E+00      0.00000000      0.00000000
 -0.02700000  0.51433247E+02  0.57876563E+00      0.00000000      0.00000000
 -0.02680000  0.52020164E+02  0.59163600E+00      0.00000000      0.00000000
 -0.02660000  0.52626923E+02  0.60540468E+00      0.00000000      0.00000000
 -0.02640000  0.53238403E+02  0.61970609E+00      0.00000000      0.00000000
 -0.02620000  0.53866127E+02  0.63447440E+00      0.00000000      0.00000000
 -0.02600000  0.54502495E+02  0.64882237E+00      0.00000000      0.00000000
 -0.02580000  0.55152664E+02  0.66458321E+00      0.00000000      0.00000000
 -0.02560000  0.55831333E+02  0.68084657E+00      0.00000000      0.00000000
 -0.02540000  0.56516205E+02  0.69759136E+00      0.00000000      0.00000000
 -0.02520000  0.57220123E+02  0.71484751E+00      0.00000000      0.00000000
 -0.02500000  0.57953873E+02  0.73323834E+00      0.00000000      0.00000000
 -0.02480000  0.58694710E+02  0.75208509E+00      0.00000000      0.00000000
 -0.02460000  0.59457001E+02  0.77185988E+00      0.00000000      0.00000000
 -0.02440000  0.60238091E+02  0.79206371E+00      0.00000000      0.00000000
 -0.02420000  0.61049397E+02  0.81316102E+00      0.00000000      0.00000000
 -0.02400000  0.61881176E+02  0.83578873E+00      0.00000000      0.00000000
 -0.02380000  0.62737679E+02  0.85911095E+00      0.00000000      0.00000000
 -0.02360000  0.63602665E+02  0.88286024E+00      0.00000000      0.00000000
 -0.02340000  0.64498978E+02  0.90817511E+00      0.00000000      0.00000000
 -0.02320000  0.65413124E+02  0.93369377E+00      0.00000000      0.00000000
 -0.02300000  0.66347450E+02  0.96054351E+00      0.00000000      0.00000000
 -0.02280000  0.67327080E+02  0.98911023E+00      0.00000000      0.00000000
 -0.02260000  0.68319817E+02  0.10183067E+01      0.00000000      0.00000000
 -0.02240000  0.69358673E+02  0.10498431E+01      0.00000000      0.00000000
 -0.02220000  0.70422127E+02  0.10827527E+01      0.00000000      0.00000000
 -0.02200000  0.71527107E+02  0.11170187E+01      0.00000000      0.00000000
 -0.02180000  0.72664467E+02  0.11529707E+01      0.00000000      0.00000000
 -0.02160000  0.73830742E+02  0.11903288E+01      0.00000000      0.00000000
 -0.02140000  0.75035805E+02  0.12296004E+01      0.00000000      0.00000000
 -0.02120000  0.76287308E+02  0.12711376E+01      0.00000000      0.00000000
 -0.02100000  0.77588852E+02  0.13153270E+01      0.00000000      0.00000000
 -0.02080000  0.78932259E+02  0.13617790E+01      0.00000000      0.00000000
 -0.02060000  0.80309738E+02  0.14099026E+01      0.00000000      0.00000000
 -0.02040000  0.81736115E+02  0.14614122E+01      0.00000000      0.00000000
 -0.02020000  0.83232361E+02  0.15157621E+01      0.00000000      0.00000000
 -0.02000000  0.84779694E+02  0.15734165E+01      0.00000000      0.00000000
 -0.01980000  0.86372627E+02  0.16337993E+01      0.00000000      0.00000000
 -0.01960000  0.88053223E+02  0.16989763E+01      0.00000000      0.00000000
 -0.01940000  0.89781013E+02  0.17674408E+01      0.00000000      0.00000000
 -0.01920000  0.91590256E+02  0.18406587E+01      0.00000000      0.00000000
 -0.01900000  0.93471390E+02  0.19182795E+01      0.00000000      0.00000000
 -0.01880000  0.95448692E+02  0.20011494E+01      0.00000000      0.00000000
 -0.01860000  0.97481018E+02  0.20899036E+01      0.00000000      0.00000000
 -0.01840000  0.99600838E+02  0.21841960E+01      0.00000000      0.00000000
 -0.01820000  0.10182768E+03  0.22847211E+01      0.00000000      0.00000000
 -0.01800000  0.10415138E+03  0.23918786E+01      0.00000000      0.00000000
 -0.01780000  0.10656944E+03  0.25074849E+01      0.00000000      0.00000000
 -0.01760000  0.10912221E+03  0.26314116E+01      0.00000000      0.00000000
 -0.01740000  0.11183044E+03  0.27676177E+01      0.00000000      0.00000000
 -0.01720000  0.11467497E+03  0.29153626E+01      0.00000000      0.00000000
 -0.01700000  0.11770731E+03  0.30777953E+01      0.00000000      0.00000000
 -0.01680000  0.12082423E+03  0.32491393E+01      0.00000000      0.00000000
 -0.01660000  0.12418841E+03  0.34392090E+01      0.00000000      0.00000000
 -0.01640000  0.12778257E+03  0.36485190E+01      0.00000000      0.00000000
 -0.01620000  0.13150793E+03  0.38733325E+01      0.00000000      0.00000000
 -0.01600000  0.13546521E+03  0.41195712E+01      0.00000000      0.00000000
 -0.01580000  0.13973788E+03  0.43971434E+01      0.00000000      0.00000000
 -0.01560000  0.14422830E+03  0.46972151E+01      0.00000000      0.00000000
 -0.01540000  0.14906104E+03  0.50351763E+01      0.00000000      0.00000000
 -0.01520000  0.15423949E+03  0.54099164E+01      0.00000000      0.00000000
 -0.01500000  0.15985193E+03  0.58346424E+01      0.00000000      0.00000000
 -0.01480000  0.16594736E+03  0.63181305E+01      0.00000000      0.00000000
 -0.01460000  0.17246658E+03  0.68591928E+01      0.00000000      0.00000000
 -0.01440000  0.17959708E+03  0.74746666E+01      0.00000000      0.00000000
 -0.01420000  0.18733417E+03  0.81840363E+01      0.00000000      0.00000000
 -0.01400000  0.19586136E+03  0.90088358E+01      0.00000000      0.00000000
 -0.01380000  0.20539062E+03  0.99837532E+01      0.00000000      0.00000000
 -0.01360000  0.21587311E+03  0.11120193E+02      0.00000000      0.00000000
 -0.01340000  0.22754726E+03  0.12476968E+02      0.00000000      0.00000000
 -0.01320000  0.24065437E+03  0.14103796E+02      0.00000000      0.00000000
 -0.01300000  0.25597821E+03  0.16165791E+02      0.00000000      0.00000000
 -0.01280000  0.27301190E+03  0.18646532E+02      0.00000000      0.00000000
 -0.01260000  0.29268860E+03  0.21774937E+02      0.00000000      0.00000000
 -0.01240000  0.31607452E+03  0.25872255E+02      0.00000000      0.00000000
 -0.01220000  0.34409998E+03  0.31337521E+02      0.00000000      0.00000000
 -0.01200000  0.37797418E+03  0.38783447E+02      0.00000000      0.00000000
 -0.01180000  0.42040912E+03  0.49467361E+02      0.00000000      0.00000000
 -0.01160000  0.47438623E+03  0.65341248E+02      0.00000000      0.00000000
 -0.01140000  0.54665912E+03  0.90855385E+02      0.00000000      0.00000000
 -0.01120000  0.64707239E+03  0.13532373E+03      0.00000000      0.00000000
 -0.01100000  0.79763953E+03  0.22511298E+03      0.00000000      0.00000000
 -0.01080000  0.10239559E+04  0.43640860E+03      0.00000000      0.00000000
 -0.01060000  0.12586678E+04  0.10529255E+04      0.00000000      0.00000000
 -0.01040000  0.46695630E+03  0.20958140E+04      0.00000000      0.00000000
 -0.01020000 -0.91026611E+03  0.15131809E+04      0.00000000      0.00000000
 -0.01000000 -0.87484467E+03  0.60661108E+03      0.00000000      0.00000000
 -0.00980000 -0.61213196E+03  0.28993427E+03      0.00000000      0.00000000
 -0.00960000 -0.43119821E+03  0.16972827E+03      0.00000000      0.00000000
 -0.00940000 -0.30669473E+03  0.11393384E+03      0.00000000      0.00000000
 -0.00920000 -0.21509590E+03  0.84788147E+02      0.00000000      0.00000000
 -0.00900000 -0.14201831E+03  0.68592026E+02      0.00000000      0.00000000
 -0.00880000 -0.80510269E+02  0.59920757E+02      0.00000000      0.00000000
 -0.00860000 -0.24474295E+02  0.56107578E+02      0.00000000      0.00000000
 -0.00840000  0.30431255E+02  0.56327656E+02      0.00000000      0.00000000
 -0.00820000  0.87164185E+02  0.60628380E+02      0.00000000      0.00000000
 -0.00800000  0.15056516E+03  0.70129616E+02      0.00000000      0.00000000
 -0.00780000  0.22514273E+03  0.87439972E+02      0.00000000      0.00000000
 -0.00760000  0.32013019E+03  0.11865372E+03      0.00000000      0.00000000
 -0.00740000  0.45036609E+03  0.17880061E+03      0.00000000      0.00000000
 -0.00720000  0.63915704E+03  0.30760004E+03      0.00000000      0.00000000
 -0.00700000  0.91600061E+03  0.64976245E+03      0.00000000      0.00000000
 -0.00680000  0.94033569E+03  0.16825256E+04      0.00000000      0.00000000
 -0.00660000 -0.84397241E+03  0.21189312E+04      0.00000000      0.00000000
 -0.00640000 -0.12647200E+04  0.85849695E+03      0.00000000      0.00000000
 -0.00620000 -0.98264178E+03  0.37614740E+03      0.00000000      0.00000000
 -0.00600000 -0.77156799E+03  0.20330948E+03      0.00000000      0.00000000
 -0.00580000 -0.63309637E+03  0.12640887E+03      0.00000000      0.00000000
 -0.00560000 -0.53671381E+03  0.85769875E+02      0.00000000      0.00000000
 -0.00540000 -0.46820587E+03  0.62467949E+02      0.00000000      0.00000000
 -0.00520000 -0.41617294E+03  0.47620335E+02      0.00000000      0.00000000
 -0.00500000 -0.37529672E+03  0.37570049E+02      0.00000000      0.00000000
 -0.00480000 -0.34228418E+03  0.30466587E+02      0.00000000      0.00000000
 -0.00460000 -0.31511707E+03  0.25263287E+02      0.00000000      0.00000000
 -0.00440000 -0.29234830E+03  0.21339211E+02      0.00000000      0.00000000
 -0.00420000 -0.27303400E+03  0.18303879E+02      0.00000000      0.00000000
 -0.00400000 -0.25592953E+03  0.15849393E+02      0.00000000      0.00000000
 -0.00380000 -0.24127661E+03  0.13901790E+02      0.00000000      0.00000000
 -0.00360000 -0.22838541E+03  0.12316434E+02      0.00000000      0.00000000
 -0.00340000 -0.21683939E+03  0.10989919E+02      0.00000000      0.00000000
 -0.00320000 -0.20652225E+03  0.98696728E+01      0.00000000      0.00000000
 -0.00300000 -0.19726662E+03  0.89303551E+01      0.00000000      0.00000000
 -0.00280000 -0.18880202E+03  0.81174498E+01      0.00000000      0.00000000
 -0.00260000 -0.18105319E+03  0.74151535E+01      0.00000000      0.00000000
 -0.00240000 -0.17398779E+03  0.68037815E+01      0.00000000      0.00000000
 -0.00220000 -0.16752921E+03  0.62709131E+01      0.00000000      0.00000000
 -0.00200000 -0.16160959E+03  0.58053761E+01      0.00000000      0.00000000
 -0.00180000 -0.15594832E+03  0.53779669E+01      0.00000000      0.00000000
 -0.00160000 -0.15071883E+03  0.50010552E+01      0.00000000      0.00000000
 -0.00140000 -0.14594852E+03  0.46704693E+01      0.00000000      0.00000000
 -0.00120000 -0.14135751E+03  0.43623242E+01      0.00000000      0.00000000
 -0.00100000 -0.13714969E+03  0.40916615E+01      0.00000000      0.00000000
 -0.00080000 -0.13319737E+03  0.38469298E+01      0.00000000      0.00000000
 -0.00060000 -0.12944135E+03  0.36220286E+01      0.00000000      0.00000000
 -0.00040000 -0.12594208E+03  0.34179871E+01      0.00000000      0.00000000
 -0.00020000 -0.12261988E+03  0.32308149E+01      0.00000000      0.00000000
  0.00000000 -0.11949424E+03  0.30596225E+01      0.00000000      0.00000000
  0.00020000 -0.11652357E+03  0.29015512E+01      0.00000000      0.00000000
  0.00040000 -0.11371104E+03  0.27562900E+01      0.00000000      0.00000000
  0.00060000 -0.11103091E+03  0.26230385E+01      0.00000000      0.00000000
  0.00080000 -0.10848574E+03  0.24987113E+01      0.00000000      0.00000000
  0.00100000 -0.10604018E+03  0.23820448E+01      0.00000000      0.00000000
  0.00120000 -0.10371384E+03  0.22742915E+01      0.00000000      0.00000000
  0.00140000 -0.10153021E+03  0.21746454E+01      0.00000000      0.00000000
  0.00160000 -0.99406921E+02  0.20816813E+01      0.00000000      0.00000000
  0.00180000 -0.97359062E+02  0.19942529E+01      0.00000000      0.00000000
  0.00200000 -0.95396637E+02  0.19109695E+01      0.00000000      0.00000000
  0.00220000 -0.93509361E+02  0.18324201E+01      0.00000000      0.00000000
  0.00240000 -0.91729500E+02  0.17608306E+01      0.00000000      0.00000000
  0.00260000 -0.90003647E+02  0.16927912E+01      0.00000000      0.00000000
  0.00280000 -0.88350746E+02  0.16287093E+01      0.00000000      0.00000000
  0.00300000 -0.86739365E+02  0.15675967E+01      0.00000000      0.00000000
  0.00320000 -0.85197540E+02  0.15112143E+01      0.00000000      0.00000000
  0.00340000 -0.83711098E+02  0.14562354E+01      0.00000000      0.00000000
  0.00360000 -0.82266151E+02  0.14046397E+01      0.00000000      0.00000000
  0.00380000 -0.80885925E+02  0.13568244E+01      0.00000000      0.00000000
  0.00400000 -0.79566475E+02  0.13112755E+01      0.00000000      0.00000000
  0.00420000 -0.78294937E+02  0.12681971E+01      0.00000000      0.00000000
  0.00440000 -0.77028885E+02  0.12255077E+01      0.00000000      0.00000000
  0.00460000 -0.75809441E+02  0.11858606E+01      0.00000000      0.00000000
  0.00480000 -0.74656708E+02  0.11490984E+01      0.00000000      0.00000000
  0.00500000 -0.73515015E+02  0.11132584E+01      0.00000000      0.00000000
  0.00520000 -0.72405777E+02  0.10789871E+01      0.00000000      0.00000000
  0.00540000 -0.71341644E+02  0.10466976E+01      0.00000000      0.00000000
  0.00560000 -0.70319122E+02  0.10157089E+01      0.00000000      0.00000000
  0.00580000 -0.69314636E+02  0.98614883E+00      0.00000000      0.00000000
  0.00600000 -0.68347870E+02  0.95784760E+00      0.00000000      0.00000000
  0.00620000 -0.67413513E+02  0.93096924E+00      0.00000000      0.00000000
  0.00640000 -0.66492004E+02  0.90478516E+00      0.00000000      0.00000000
  0.00660000 -0.65604248E+02  0.87976074E+00      0.00000000      0.00000000
  0.00680000 -0.64747864E+02  0.85601807E+00      0.00000000      0.00000000
  0.00700000 -0.63901123E+02  0.83340454E+00      0.00000000      0.00000000
  0.00720000 -0.63064606E+02  0.81100464E+00      0.00000000      0.00000000
  0.00740000 -0.62266708E+02  0.79021454E+00      0.00000000      0.00000000
  0.00760000 -0.61491646E+02  0.76973724E+00      0.00000000      0.00000000
  0.00780000 -0.60733711E+02  0.75068665E+00      0.00000000      0.00000000
  0.00800000 -0.59985535E+02  0.73167801E+00      0.00000000      0.00000000
  0.00820000 -0.59260223E+02  0.71360588E+00      0.00000000      0.00000000
  0.00840000 -0.58561245E+02  0.69637108E+00      0.00000000      0.00000000
  0.00860000 -0.57871063E+02  0.67951584E+00      0.00000000      0.00000000
  0.00880000 -0.57198929E+02  0.66326904E+00      0.00000000      0.00000000
  0.00900000 -0.56539585E+02  0.64736557E+00      0.00000000      0.00000000
  0.00920000 -0.55896729E+02  0.63231659E+00      0.00000000      0.00000000
  0.00940000 -0.55280113E+02  0.61800766E+00      0.00000000      0.00000000
  0.00960000 -0.54662659E+02  0.60401917E+00      0.00000000      0.00000000
  0.00980000 -0.54062836E+02  0.59051514E+00      0.00000000      0.00000000
  0.01000000 -0.53485229E+02  0.57742310E+00      0.00000000      0.00000000
  0.01020000 -0.52913422E+02  0.56481934E+00      0.00000000      0.00000000
  0.01040000 -0.52362549E+02  0.55297852E+00      0.00000000      0.00000000
  0.01060000 -0.51812256E+02  0.54101562E+00      0.00000000      0.00000000
  0.01080000 -0.51291199E+02  0.52992249E+00      0.00000000      0.00000000
  0.01100000 -0.50766754E+02  0.51859283E+00      0.00000000      0.00000000
  0.01120000 -0.50251648E+02  0.50797272E+00      0.00000000      0.00000000
  0.01140000 -0.49751205E+02  0.49757767E+00      0.00000000      0.00000000
  0.01160000 -0.49252472E+02  0.48732758E+00      0.00000000      0.00000000
  0.01180000 -0.48763184E+02  0.47714806E+00      0.00000000      0.00000000
  0.01200000 -0.48287476E+02  0.46777916E+00      0.00000000      0.00000000
  0.01220000 -0.47825470E+02  0.45858192E+00      0.00000000      0.00000000
  0.01240000 -0.47371933E+02  0.44959641E+00      0.00000000      0.00000000
  0.01260000 -0.46930038E+02  0.44090557E+00      0.00000000      0.00000000
  0.01280000 -0.46492752E+02  0.43260574E+00      0.00000000      0.00000000
  0.01300000 -0.46066673E+02  0.42449999E+00      0.00000000      0.00000000
  0.01320000 -0.45641724E+02  0.41631556E+00      0.00000000      0.00000000
  0.01340000 -0.45230042E+02  0.40859032E+00      0.00000000      0.00000000
  0.01360000 -0.44825035E+02  0.40105486E+00      0.00000000      0.00000000
  0.01380000 -0.44432899E+02  0.39385366E+00      0.00000000      0.00000000
  0.01400000 -0.44043732E+02  0.38668966E+00      0.00000000      0.00000000
  0.01420000 -0.43658134E+02  0.37982011E+00      0.00000000      0.00000000
  0.01440000 -0.43278755E+02  0.37302971E+00      0.00000000      0.00000000
  0.01460000 -0.42908165E+02  0.36650848E+00      0.00000000      0.00000000
  0.01480000 -0.42546936E+02  0.36001539E+00      0.00000000      0.00000000
  0.01500000 -0.42190170E+02  0.35389400E+00      0.00000000      0.00000000
  0.01520000 -0.41843277E+02  0.34790587E+00      0.00000000      0.00000000
  0.01540000 -0.41495438E+02  0.34201145E+00      0.00000000      0.00000000
  0.01560000 -0.41154282E+02  0.33616686E+00      0.00000000      0.00000000
  0.01580000 -0.40819786E+02  0.33047628E+00      0.00000000      0.00000000
  0.01600000 -0.40491741E+02  0.32482314E+00      0.00000000      0.00000000
  0.01619999 -0.40169834E+02  0.31953740E+00      0.00000000      0.00000000
  0.01640000 -0.39852665E+02  0.31448495E+00      0.00000000      0.00000000
  0.01660000 -0.39542160E+02  0.30953240E+00      0.00000000      0.00000000
  0.01680000 -0.39235168E+02  0.30452824E+00      0.00000000      0.00000000
  0.01700000 -0.38933792E+02  0.29970396E+00      0.00000000      0.00000000
  0.01720000 -0.38639599E+02  0.29502118E+00      0.00000000      0.00000000
  0.01740000 -0.38349300E+02  0.29044354E+00      0.00000000      0.00000000
  0.01760000 -0.38056259E+02  0.28590906E+00      0.00000000      0.00000000
  0.01780000 -0.37772583E+02  0.28150976E+00      0.00000000      0.00000000
  0.01800000 -0.37497227E+02  0.27735507E+00      0.00000000      0.00000000
  0.01820000 -0.37219368E+02  0.27303684E+00      0.00000000      0.00000000
  0.01840000 -0.36945869E+02  0.26888180E+00      0.00000000      0.00000000
  0.01860000 -0.36679054E+02  0.26487541E+00      0.00000000      0.00000000
  0.01880000 -0.36417679E+02  0.26089108E+00      0.00000000      0.00000000
  0.01900000 -0.36159012E+02  0.25712687E+00      0.00000000      0.00000000
  0.01920000 -0.35900627E+02  0.25328344E+00      0.00000000      0.00000000
  0.01940000 -0.35651157E+02  0.24971539E+00      0.00000000      0.00000000
  0.01960000 -0.35401581E+02  0.24606240E+00      0.00000000      0.00000000
  0.01980000 -0.35160091E+02  0.24267316E+00      0.00000000      0.00000000
  0.02000000 -0.34916519E+02  0.23921257E+00      0.00000000      0.00000000
  0.02020000 -0.34679649E+02  0.23574078E+00      0.00000000      0.00000000
  0.02040000 -0.34446640E+02  0.23250842E+00      0.00000000      0.00000000
  0.02060000 -0.34217628E+02  0.22932982E+00      0.00000000      0.00000000
  0.02080000 -0.33989944E+02  0.22613484E+00      0.00000000      0.00000000
  0.02100000 -0.33765774E+02  0.22302741E+00      0.00000000      0.00000000
  0.02120000 -0.33544998E+02  0.22003847E+00      0.00000000      0.00000000
  0.02140000 -0.33324646E+02  0.21693224E+00      0.00000000      0.00000000
  0.02160000 -0.33109341E+02  0.21409112E+00      0.00000000      0.00000000
  0.02180000 -0.32896988E+02  0.21124604E+00      0.00000000      0.00000000
  0.02200000 -0.32686298E+02  0.20847869E+00      0.00000000      0.00000000
  0.02220000 -0.32478683E+02  0.20573673E+00      0.00000000      0.00000000
  0.02240000 -0.32272652E+02  0.20305863E+00      0.00000000      0.00000000
  0.02260000 -0.32071392E+02  0.20041612E+00      0.00000000      0.00000000
  0.02280000 -0.31872778E+02  0.19781837E+00      0.00000000      0.00000000
  0.02300000 -0.31675423E+02  0.19528127E+00      0.00000000      0.00000000
  0.02320000 -0.31484842E+02  0.19287866E+00      0.00000000      0.00000000
  0.02340000 -0.31294275E+02  0.19041899E+00      0.00000000      0.00000000
  0.02360000 -0.31103539E+02  0.18805167E+00      0.00000000      0.00000000
  0.02380000 -0.30917345E+02  0.18571022E+00      0.00000000      0.00000000
  0.02400000 -0.30732376E+02  0.18337303E+00      0.00000000      0.00000000
  0.02420000 -0.30549644E+02  0.18115199E+00      0.00000000      0.00000000
  0.02440000 -0.30369732E+02  0.17881531E+00      0.00000000      0.00000000
  0.02460000 -0.30193167E+02  0.17664453E+00      0.00000000      0.00000000
  0.02480000 -0.30018490E+02  0.17459133E+00      0.00000000      0.00000000
  0.02500000 -0.29845058E+02  0.17241755E+00      0.00000000      0.00000000
  0.02520000 -0.29673677E+02  0.17039332E+00      0.00000000      0.00000000
  0.02540000 -0.29507027E+02  0.16838607E+00      0.00000000      0.00000000
  0.02560000 -0.29339180E+02  0.16641700E+00      0.00000000      0.00000000
  0.02580000 -0.29174606E+02  0.16438150E+00      0.00000000      0.00000000
  0.02600000 -0.29008965E+02  0.16252224E+00      0.00000000      0.00000000
  0.02620000 -0.28847260E+02  0.16068083E+00      0.00000000      0.00000000
  0.02640000 -0.28688160E+02  0.15885171E+00      0.00000000      0.00000000
  0.02660000 -0.28529070E+02  0.15691386E+00      0.00000000      0.00000000
  0.02680000 -0.28372353E+02  0.15510309E+00      0.00000000      0.00000000
  0.02700000 -0.28218258E+02  0.15345725E+00      0.00000000      0.00000000
  0.02720000 -0.28063980E+02  0.15170890E+00      0.00000000      0.00000000
  0.02740000 -0.27912670E+02  0.14995715E+00      0.00000000      0.00000000
  0.02760000 -0.27765350E+02  0.14835149E+00      0.00000000      0.00000000
  0.02780000 -0.27617865E+02  0.14668761E+00      0.00000000      0.00000000
  0.02800000 -0.27473063E+02  0.14505939E+00      0.00000000      0.00000000
  0.02820000 -0.27326710E+02  0.14340121E+00      0.00000000      0.00000000
  0.02840000 -0.27184135E+02  0.14185709E+00      0.00000000      0.00000000
  0.02860000 -0.27045227E+02  0.14035861E+00      0.00000000      0.00000000
  0.02880000 -0.26905781E+02  0.13879219E+00      0.00000000      0.00000000
  0.02900000 -0.26767235E+02  0.13729545E+00      0.00000000      0.00000000
  0.02920000 -0.26631256E+02  0.13591971E+00      0.00000000      0.00000000
  0.02940000 -0.26496277E+02  0.13442521E+00      0.00000000      0.00000000
  0.02959999 -0.26361916E+02  0.13302734E+00      0.00000000      0.00000000
  0.02980000 -0.26228687E+02  0.13159552E+00      0.00000000      0.00000000
  0.03000000 -0.26098263E+02  0.13021791E+00      0.00000000      0.00000000
  0.03020000 -0.25967850E+02  0.12886696E+00      0.00000000      0.00000000
  0.03040000 -0.25839607E+02  0.12756103E+00      0.00000000      0.00000000
  0.03060000 -0.25713362E+02  0.12626794E+00      0.00000000      0.00000000
  0.03080000 -0.25587086E+02  0.12497444E+00      0.00000000      0.00000000
  0.03100000 -0.25462788E+02  0.12363887E+00      0.00000000      0.00000000
  0.03120000 -0.25338970E+02  0.12241361E+00      0.00000000      0.00000000
  0.03140000 -0.25215775E+02  0.12114628E+00      0.00000000      0.00000000
  0.03160000 -0.25095190E+02  0.11991248E+00      0.00000000      0.00000000
  0.03179999 -0.24975311E+02  0.11874995E+00      0.00000000      0.00000000
  0.03200001 -0.24859159E+02  0.11758078E+00      0.00000000      0.00000000
  0.03220000 -0.24743505E+02  0.11646800E+00      0.00000000      0.00000000
  0.03240000 -0.24626968E+02  0.11528795E+00      0.00000000      0.00000000
  0.03260000 -0.24511694E+02  0.11412970E+00      0.00000000      0.00000000
  0.03280000 -0.24396940E+02  0.11304125E+00      0.00000000      0.00000000
  0.03300000 -0.24285141E+02  0.11195354E+00      0.00000000      0.00000000
  0.03320000 -0.24173634E+02  0.11083524E+00      0.00000000      0.00000000
  0.03340000 -0.24063282E+02  0.10973151E+00      0.00000000      0.00000000
  0.03360000 -0.23953709E+02  0.10868980E+00      0.00000000      0.00000000
  0.03380000 -0.23845406E+02  0.10766481E+00      0.00000000      0.00000000
  0.03399999 -0.23738462E+02  0.10672140E+00      0.00000000      0.00000000
  0.03420001 -0.23633917E+02  0.10570645E+00      0.00000000      0.00000000
  0.03440000 -0.23529240E+02  0.10470327E+00      0.00000000      0.00000000
  0.03460000 -0.23424171E+02  0.10372879E+00      0.00000000      0.00000000
  0.03479999 -0.23320267E+02  0.10278089E+00      0.00000000      0.00000000
  0.03500000 -0.23216961E+02  0.10175961E+00      0.00000000      0.00000000
  0.03520000 -0.23116680E+02  0.10083634E+00      0.00000000      0.00000000
  0.03540000 -0.23016636E+02  0.99926896E-01      0.00000000      0.00000000
  0.03560000 -0.22917282E+02  0.99043459E-01      0.00000000      0.00000000
  0.03580000 -0.22818815E+02  0.98164089E-01      0.00000000      0.00000000
  0.03600000 -0.22721569E+02  0.97247630E-01      0.00000000      0.00000000
  0.03619999 -0.22623783E+02  0.96379019E-01      0.00000000      0.00000000
  0.03640000 -0.22527506E+02  0.95527329E-01      0.00000000      0.00000000
  0.03660000 -0.22433411E+02  0.94628684E-01      0.00000000      0.00000000
  0.03680000 -0.22338554E+02  0.93806311E-01      0.00000000      0.00000000
  0.03700000 -0.22245298E+02  0.93023151E-01      0.00000000      0.00000000
  0.03720000 -0.22152384E+02  0.92171066E-01      0.00000000      0.00000000
  0.03740000 -0.22062218E+02  0.91374405E-01      0.00000000      0.00000000
  0.03760000 -0.21971468E+02  0.90529799E-01      0.00000000      0.00000000
  0.03780000 -0.21881058E+02  0.89737631E-01      0.00000000      0.00000000
  0.03800000 -0.21791916E+02  0.89006849E-01      0.00000000      0.00000000
  0.03820000 -0.21702507E+02  0.88208213E-01      0.00000000      0.00000000
  0.03839999 -0.21615200E+02  0.87478243E-01      0.00000000      0.00000000
  0.03860000 -0.21526917E+02  0.86718641E-01      0.00000000      0.00000000
  0.03880000 -0.21440159E+02  0.85993811E-01      0.00000000      0.00000000
  0.03900000 -0.21355536E+02  0.85283712E-01      0.00000000      0.00000000
  0.03920000 -0.21270802E+02  0.84551781E-01      0.00000000      0.00000000
  0.03940000 -0.21186729E+02  0.83847955E-01      0.00000000      0.00000000
  0.03960000 -0.21101789E+02  0.83143607E-01      0.00000000      0.00000000
  0.03980000 -0.21018442E+02  0.82439899E-01      0.00000000      0.00000000
  0.04000000 -0.20936205E+02  0.81747204E-01      0.00000000      0.00000000
  0.04020000 -0.20854954E+02  0.81080586E-01      0.00000000      0.00000000
  0.04040000 -0.20774742E+02  0.80412015E-01      0.00000000      0.00000000
  0.04060000 -0.20695671E+02  0.79771161E-01      0.00000000      0.00000000
  0.04080000 -0.20617172E+02  0.79117268E-01      0.00000000      0.00000000
  0.04100000 -0.20537035E+02  0.78483745E-01      0.00000000      0.00000000
  0.04120000 -0.20457989E+02  0.77818558E-01      0.00000000      0.00000000
  0.04140000 -0.20381157E+02  0.77221408E-01      0.00000000      0.00000000
  0.04160000 -0.20305283E+02  0.76562919E-01      0.00000000      0.00000000
  0.04180000 -0.20228117E+02  0.75958103E-01      0.00000000      0.00000000
  0.04200000 -0.20153437E+02  0.75373553E-01      0.00000000      0.00000000
  0.04220000 -0.20078495E+02  0.74804112E-01      0.00000000      0.00000000
  0.04240000 -0.20002953E+02  0.74169710E-01      0.00000000      0.00000000
  0.04260000 -0.19928532E+02  0.73610976E-01      0.00000000      0.00000000
  0.04280000 -0.19856237E+02  0.73000558E-01      0.00000000      0.00000000
  0.04300000 -0.19783781E+02  0.72433285E-01      0.00000000      0.00000000
  0.04320000 -0.19712301E+02  0.71900055E-01      0.00000000      0.00000000
  0.04340000 -0.19640041E+02  0.71320392E-01      0.00000000      0.00000000
  0.04360000 -0.19568155E+02  0.70779622E-01      0.00000000      0.00000000
  0.04380000 -0.19497143E+02  0.70218213E-01      0.00000000      0.00000000
  0.04400000 -0.19427488E+02  0.69682166E-01      0.00000000      0.00000000
  0.04420000 -0.19357958E+02  0.69147930E-01      0.00000000      0.00000000
  0.04440000 -0.19289883E+02  0.68639427E-01      0.00000000      0.00000000
  0.04460000 -0.19221420E+02  0.68117887E-01      0.00000000      0.00000000
  0.04480000 -0.19153952E+02  0.67627162E-01      0.00000000      0.00000000
  0.04500000 -0.19086687E+02  0.67120723E-01      0.00000000      0.00000000
  0.04520000 -0.19019798E+02  0.66619366E-01      0.00000000      0.00000000
  0.04539999 -0.18953243E+02  0.66101082E-01      0.00000000      0.00000000
  0.04560000 -0.18887331E+02  0.65597691E-01      0.00000000      0.00000000
  0.04580000 -0.18822227E+02  0.65125860E-01      0.00000000      0.00000000
  0.04600000 -0.18757376E+02  0.64654514E-01      0.00000000      0.00000000
  0.04620000 -0.18693293E+02  0.64170003E-01      0.00000000      0.00000000
  0.04640000 -0.18628475E+02  0.63697793E-01      0.00000000      0.00000000
  0.04660000 -0.18565130E+02  0.63238695E-01      0.00000000      0.00000000
  0.04680000 -0.18501251E+02  0.62785096E-01      0.00000000      0.00000000
  0.04700000 -0.18439362E+02  0.62307891E-01      0.00000000      0.00000000
  0.04720000 -0.18377037E+02  0.61847795E-01      0.00000000      0.00000000
  0.04740000 -0.18316116E+02  0.61440781E-01      0.00000000      0.00000000
  0.04759999 -0.18255299E+02  0.60972102E-01      0.00000000      0.00000000
  0.04780000 -0.18194780E+02  0.60544744E-01      0.00000000      0.00000000
  0.04800000 -0.18134615E+02  0.60127553E-01      0.00000000      0.00000000
  0.04820000 -0.18074564E+02  0.59690829E-01      0.00000000      0.00000000
  0.04840000 -0.18015135E+02  0.59265442E-01      0.00000000      0.00000000
  0.04860000 -0.17955967E+02  0.58830060E-01      0.00000000      0.00000000
  0.04880000 -0.17897587E+02  0.58413114E-01      0.00000000      0.00000000
  0.04899999 -0.17838942E+02  0.58014691E-01      0.00000000      0.00000000
  0.04920000 -0.17781076E+02  0.57641193E-01      0.00000000      0.00000000
  0.04940000 -0.17723547E+02  0.57232276E-01      0.00000000      0.00000000
  0.04960000 -0.17667074E+02  0.56845717E-01      0.00000000      0.00000000
  0.04979999 -0.17609825E+02  0.56473043E-01      0.00000000      0.00000000
  0.05000000 -0.17553022E+02  0.56063045E-01      0.00000000      0.00000000
  0.05020000 -0.17497269E+02  0.55667594E-01      0.00000000      0.00000000
  0.05040000 -0.17442499E+02  0.55277448E-01      0.00000000      0.00000000
  0.05060000 -0.17387053E+02  0.54897044E-01      0.00000000      0.00000000
  0.05080000 -0.17332020E+02  0.54538745E-01      0.00000000      0.00000000
  0.05100000 -0.17277746E+02  0.54166209E-01      0.00000000      0.00000000
  0.05119999 -0.17223850E+02  0.53805392E-01      0.00000000      0.00000000
  0.05140000 -0.17169075E+02  0.53424180E-01      0.00000000      0.00000000
  0.05160000 -0.17116278E+02  0.53079769E-01      0.00000000      0.00000000
  0.05180000 -0.17063440E+02  0.52700825E-01      0.00000000      0.00000000
  0.05199999 -0.17010994E+02  0.52360568E-01      0.00000000      0.00000000
  0.05220000 -0.16959581E+02  0.52011065E-01      0.00000000      0.00000000
  0.05240000 -0.16907570E+02  0.51715925E-01      0.00000000      0.00000000
  0.05260000 -0.16856676E+02  0.51374912E-01      0.00000000      0.00000000
  0.05280000 -0.16805874E+02  0.51006719E-01      0.00000000      0.00000000
  0.05300000 -0.16754622E+02  0.50664414E-01      0.00000000      0.00000000
  0.05320000 -0.16703791E+02  0.50348401E-01      0.00000000      0.00000000
  0.05339999 -0.16653498E+02  0.50030138E-01      0.00000000      0.00000000
  0.05360000 -0.16603523E+02  0.49687941E-01      0.00000000      0.00000000
  0.05380000 -0.16554636E+02  0.49383193E-01      0.00000000      0.00000000
  0.05400000 -0.16505823E+02  0.49079224E-01      0.00000000      0.00000000
  0.05420000 -0.16456236E+02  0.48754074E-01      0.00000000      0.00000000
  0.05440000 -0.16407740E+02  0.48418716E-01      0.00000000      0.00000000
  0.05460000 -0.16359869E+02  0.48124842E-01      0.00000000      0.00000000
  0.05480000 -0.16311260E+02  0.47803495E-01      0.00000000      0.00000000
  0.05500000 -0.16263821E+02  0.47480538E-01      0.00000000      0.00000000
  0.05520000 -0.16216627E+02  0.47207911E-01      0.00000000      0.00000000
  0.05540000 -0.16169371E+02  0.46907499E-01      0.00000000      0.00000000
  0.05560000 -0.16122284E+02  0.46632871E-01      0.00000000      0.00000000
  0.05580000 -0.16076176E+02  0.46334349E-01      0.00000000      0.00000000
  0.05600000 -0.16030039E+02  0.46046004E-01      0.00000000      0.00000000
  0.05620000 -0.15983830E+02  0.45753218E-01      0.00000000      0.00000000
  0.05640000 -0.15938560E+02  0.45467738E-01      0.00000000      0.00000000
  0.05660000 -0.15893251E+02  0.45189343E-01      0.00000000      0.00000000
  0.05680000 -0.15848561E+02  0.44920474E-01      0.00000000      0.00000000
  0.05700000 -0.15803110E+02  0.44640996E-01      0.00000000      0.00000000
  0.05720000 -0.15759336E+02  0.44360392E-01      0.00000000      0.00000000
  0.05740000 -0.15714660E+02  0.44080373E-01      0.00000000      0.00000000
  0.05760000 -0.15670553E+02  0.43808933E-01      0.00000000      0.00000000
  0.05780000 -0.15627056E+02  0.43546550E-01      0.00000000      0.00000000
  0.05800000 -0.15583332E+02  0.43276969E-01      0.00000000      0.00000000
  0.05819999 -0.15540352E+02  0.43023873E-01      0.00000000      0.00000000
  0.05840000 -0.15497507E+02  0.42754650E-01      0.00000000      0.00000000
  0.05860000 -0.15454723E+02  0.42524263E-01      0.00000000      0.00000000
  0.05880000 -0.15412107E+02  0.42291865E-01      0.00000000      0.00000000
  0.05900000 -0.15370443E+02  0.42050645E-01      0.00000000      0.00000000
  0.05920000 -0.15328446E+02  0.41787248E-01      0.00000000      0.00000000
  0.05940000 -0.15286595E+02  0.41505162E-01      0.00000000      0.00000000
  0.05960000 -0.15245134E+02  0.41250020E-01      0.00000000      0.00000000
  0.05980000 -0.15203898E+02  0.40978305E-01      0.00000000      0.00000000
  0.06000000 -0.15162853E+02  0.40746219E-01      0.00000000      0.00000000
  0.06020000 -0.15121902E+02  0.40513769E-01      0.00000000      0.00000000
  0.06039999 -0.15081861E+02  0.40290423E-01      0.00000000      0.00000000
  0.06060000 -0.15042294E+02  0.40070172E-01      0.00000000      0.00000000
  0.06080000 -0.15001905E+02  0.39835043E-01      0.00000000      0.00000000
  0.06100000 -0.14962402E+02  0.39612271E-01      0.00000000      0.00000000
  0.06119999 -0.14922594E+02  0.39359093E-01      0.00000000      0.00000000
  0.06140000 -0.14883183E+02  0.39130021E-01      0.00000000      0.00000000
  0.06160000 -0.14844569E+02  0.38899951E-01      0.00000000      0.00000000
  0.06180000 -0.14805809E+02  0.38682077E-01      0.00000000      0.00000000
  0.06200000 -0.14767691E+02  0.38458049E-01      0.00000000      0.00000000
  0.06220000 -0.14729664E+02  0.38238995E-01      0.00000000      0.00000000
  0.06240000 -0.14691808E+02  0.38037796E-01      0.00000000      0.00000000
  0.06259999 -0.14653634E+02  0.37800260E-01      0.00000000      0.00000000
  0.06280001 -0.14615868E+02  0.37608985E-01      0.00000000      0.00000000
  0.06300000 -0.14578075E+02  0.37402950E-01      0.00000000      0.00000000
  0.06320000 -0.14540559E+02  0.37198193E-01      0.00000000      0.00000000
  0.06339999 -0.14504072E+02  0.36991980E-01      0.00000000      0.00000000
  0.06360000 -0.14467453E+02  0.36791839E-01      0.00000000      0.00000000
  0.06380000 -0.14430238E+02  0.36569655E-01      0.00000000      0.00000000
  0.06400000 -0.14393638E+02  0.36359798E-01      0.00000000      0.00000000
  0.06420000 -0.14357540E+02  0.36152702E-01      0.00000000      0.00000000
  0.06440000 -0.14321649E+02  0.35957139E-01      0.00000000      0.00000000
  0.06460000 -0.14285961E+02  0.35762288E-01      0.00000000      0.00000000
  0.06479999 -0.14250119E+02  0.35566963E-01      0.00000000      0.00000000
  0.06500000 -0.14214355E+02  0.35385504E-01      0.00000000      0.00000000
  0.06520000 -0.14178803E+02  0.35188172E-01      0.00000000      0.00000000
  0.06540000 -0.14143952E+02  0.34999683E-01      0.00000000      0.00000000
  0.06559999 -0.14108829E+02  0.34805272E-01      0.00000000      0.00000000
  0.06580000 -0.14073804E+02  0.34596279E-01      0.00000000      0.00000000
  0.06600000 -0.14039026E+02  0.34403741E-01      0.00000000      0.00000000
  0.06620000 -0.14004757E+02  0.34218248E-01      0.00000000      0.00000000
  0.06640000 -0.13970783E+02  0.34040101E-01      0.00000000      0.00000000
  0.06660000 -0.13936789E+02  0.33849906E-01      0.00000000      0.00000000
  0.06680001 -0.13902653E+02  0.33686817E-01      0.00000000      0.00000000
  0.06699999 -0.13869029E+02  0.33498470E-01      0.00000000      0.00000000
  0.06720000 -0.13835790E+02  0.33304449E-01      0.00000000      0.00000000
  0.06739999 -0.13802316E+02  0.33132575E-01      0.00000000      0.00000000
  0.06760000 -0.13769275E+02  0.32979887E-01      0.00000000      0.00000000
  0.06780000 -0.13736464E+02  0.32798912E-01      0.00000000      0.00000000
  0.06800000 -0.13703522E+02  0.32628968E-01      0.00000000      0.00000000
  0.06820000 -0.13670754E+02  0.32455556E-01      0.00000000      0.00000000
  0.06840000 -0.13638314E+02  0.32272428E-01      0.00000000      0.00000000
  0.06859999 -0.13606149E+02  0.32111257E-01      0.00000000      0.00000000
  0.06880000 -0.13574335E+02  0.31930663E-01      0.00000000      0.00000000
  0.06900001 -0.13542433E+02  0.31781081E-01      0.00000000      0.00000000
  0.06919999 -0.13510669E+02  0.31606119E-01      0.00000000      0.00000000
  0.06940000 -0.13479432E+02  0.31447675E-01      0.00000000      0.00000000
  0.06960000 -0.13448099E+02  0.31274445E-01      0.00000000      0.00000000
  0.06980000 -0.13417020E+02  0.31117342E-01      0.00000000      0.00000000
  0.07000000 -0.13385675E+02  0.30951424E-01      0.00000000      0.00000000
  0.07020000 -0.13355309E+02  0.30795068E-01      0.00000000      0.00000000
  0.07040000 -0.13324559E+02  0.30640187E-01      0.00000000      0.00000000
  0.07060000 -0.13294262E+02  0.30489597E-01      0.00000000      0.00000000
  0.07079999 -0.13264043E+02  0.30334160E-01      0.00000000      0.00000000
  0.07099999 -0.13233771E+02  0.30184895E-01      0.00000000      0.00000000
  0.07120001 -0.13203846E+02  0.30037876E-01      0.00000000      0.00000000
  0.07139999 -0.13173793E+02  0.29881917E-01      0.00000000      0.00000000
  0.07160000 -0.13143566E+02  0.29728806E-01      0.00000000      0.00000000
  0.07180000 -0.13113811E+02  0.29596146E-01      0.00000000      0.00000000
  0.07200000 -0.13084428E+02  0.29438734E-01      0.00000000      0.00000000
  0.07220000 -0.13055158E+02  0.29290680E-01      0.00000000      0.00000000
  0.07239999 -0.13025966E+02  0.29142752E-01      0.00000000      0.00000000
  0.07260000 -0.12996917E+02  0.28989008E-01      0.00000000      0.00000000
  0.07280000 -0.12968367E+02  0.28826136E-01      0.00000000      0.00000000
  0.07299999 -0.12939764E+02  0.28684184E-01      0.00000000      0.00000000
  0.07319999 -0.12911386E+02  0.28556900E-01      0.00000000      0.00000000
  0.07340001 -0.12882737E+02  0.28420329E-01      0.00000000      0.00000000
  0.07359999 -0.12854190E+02  0.28268585E-01      0.00000000      0.00000000
  0.07380000 -0.12826080E+02  0.28148720E-01      0.00000000      0.00000000
  0.07400000 -0.12797812E+02  0.28009370E-01      0.00000000      0.00000000
  0.07420000 -0.12769920E+02  0.27872220E-01      0.00000000      0.00000000
  0.07440000 -0.12741829E+02  0.27732152E-01      0.00000000      0.00000000
  0.07460000 -0.12714015E+02  0.27596410E-01      0.00000000      0.00000000
  0.07480000 -0.12686405E+02  0.27453559E-01      0.00000000      0.00000000
  0.07500000 -0.12659038E+02  0.27331850E-01      0.00000000      0.00000000
  0.07519999 -0.12631848E+02  0.27199917E-01      0.00000000      0.00000000
  0.07539999 -0.12604299E+02  0.27039422E-01      0.00000000      0.00000000
  0.07560000 -0.12577101E+02  0.26918557E-01      0.00000000      0.00000000
  0.07579999 -0.12550406E+02  0.26795790E-01      0.00000000      0.00000000
  0.07600000 -0.12523734E+02  0.26675571E-01      0.00000000      0.00000000
  0.07620000 -0.12497282E+02  0.26553404E-01      0.00000000      0.00000000
  0.07640000 -0.12470997E+02  0.26418900E-01      0.00000000      0.00000000
  0.07660000 -0.12444923E+02  0.26290381E-01      0.00000000      0.00000000
  0.07680000 -0.12418509E+02  0.26176017E-01      0.00000000      0.00000000
  0.07699999 -0.12392474E+02  0.26040871E-01      0.00000000      0.00000000
  0.07720000 -0.12366400E+02  0.25924867E-01      0.00000000      0.00000000
  0.07739999 -0.12340435E+02  0.25802419E-01      0.00000000      0.00000000
  0.07759999 -0.12314363E+02  0.25672790E-01      0.00000000      0.00000000
  0.07780000 -0.12289209E+02  0.25575485E-01      0.00000000      0.00000000
  0.07799999 -0.12263234E+02  0.25434544E-01      0.00000000      0.00000000
  0.07820000 -0.12237906E+02  0.25330588E-01      0.00000000      0.00000000
  0.07840000 -0.12212974E+02  0.25202466E-01      0.00000000      0.00000000
  0.07860000 -0.12187718E+02  0.25100090E-01      0.00000000      0.00000000
  0.07880000 -0.12162638E+02  0.24974596E-01      0.00000000      0.00000000
  0.07900000 -0.12137672E+02  0.24853203E-01      0.00000000      0.00000000
  0.07919999 -0.12112936E+02  0.24757814E-01      0.00000000      0.00000000
  0.07940000 -0.12088263E+02  0.24630861E-01      0.00000000      0.00000000
  0.07960001 -0.12063693E+02  0.24510443E-01      0.00000000      0.00000000
  0.07979999 -0.12039118E+02  0.24404367E-01      0.00000000      0.00000000
