 -0.04000000  0.77561195E+02  0.14207985E+01      0.00000000      0.00000000
 -0.03980000  0.79007431E+02  0.14746313E+01      0.00000000      0.00000000
 -0.03960000  0.80512680E+02  0.15316727E+01      0.00000000      0.00000000
 -0.03940000  0.82070786E+02  0.15916879E+01      0.00000000      0.00000000
 -0.03920000  0.83685272E+02  0.16550064E+01      0.00000000      0.00000000
 -0.03900000  0.85357780E+02  0.17224200E+01      0.00000000      0.00000000
 -0.03880000  0.87100769E+02  0.17943747E+01      0.00000000      0.00000000
 -0.03860000  0.88930168E+02  0.18711467E+01      0.00000000      0.00000000
 -0.03840000  0.90866364E+02  0.19540408E+01      0.00000000      0.00000000
 -0.03820000  0.92864197E+02  0.20421834E+01      0.00000000      0.00000000
 -0.03800000  0.94927170E+02  0.21353903E+01      0.00000000      0.00000000
 -0.03780000  0.97118767E+02  0.22365496E+01      0.00000000      0.00000000
 -0.03760000  0.99383270E+02  0.23432386E+01      0.00000000      0.00000000
 -0.03740000  0.10180831E+03  0.24602995E+01      0.00000000      0.00000000
 -0.03720000  0.10434328E+03  0.25858731E+01      0.00000000      0.00000000
 -0.03700000  0.10698529E+03  0.27206361E+01      0.00000000      0.00000000
 -0.03680000  0.10977609E+03  0.28671954E+01      0.00000000      0.00000000
 -0.03660000  0.11271872E+03  0.30275500E+01      0.00000000      0.00000000
 -0.03640000  0.11579730E+03  0.31988516E+01      0.00000000      0.00000000
 -0.03620000  0.11910095E+03  0.33888938E+01      0.00000000      0.00000000
 -0.03600000  0.12258854E+03  0.35963755E+01      0.00000000      0.00000000
 -0.03580000  0.12631303E+03  0.38233731E+01      0.00000000      0.00000000
 -0.03560000  0.13026337E+03  0.40760250E+01      0.00000000      0.00000000
 -0.03540000  0.13445720E+03  0.43513122E+01      0.00000000      0.00000000
 -0.03520000  0.13895815E+03  0.46560979E+01      0.00000000      0.00000000
 -0.03500000  0.14379971E+03  0.49990749E+01      0.00000000      0.00000000
 -0.03480000  0.14901944E+03  0.53828583E+01      0.00000000      0.00000000
 -0.03460000  0.15452295E+03  0.58067942E+01      0.00000000      0.00000000
 -0.03440000  0.16047021E+03  0.62863121E+01      0.00000000      0.00000000
 -0.03420000  0.16711382E+03  0.68436356E+01      0.00000000      0.00000000
 -0.03400000  0.17420772E+03  0.74681406E+01      0.00000000      0.00000000
 -0.03380000  0.18204137E+03  0.81973343E+01      0.00000000      0.00000000
 -0.03360000  0.19057167E+03  0.90317593E+01      0.00000000      0.00000000
 -0.03340000  0.19997839E+03  0.10008356E+02      0.00000000      0.00000000
 -0.03320000  0.21041534E+03  0.11158236E+02      0.00000000      0.00000000
 -0.03300000  0.22233151E+03  0.12564219E+02      0.00000000      0.00000000
 -0.03280000  0.23562131E+03  0.14240984E+02      0.00000000      0.00000000
 -0.03260000  0.25055408E+03  0.16274563E+02      0.00000000      0.00000000
 -0.03240000  0.26793256E+03  0.18851711E+02      0.00000000      0.00000000
 -0.03220000  0.28807495E+03  0.22115967E+02      0.00000000      0.00000000
 -0.03200000  0.31193936E+03  0.26381441E+02      0.00000000      0.00000000
 -0.03180000  0.34034949E+03  0.32066170E+02      0.00000000      0.00000000
 -0.03160000  0.37532971E+03  0.39984856E+02      0.00000000      0.00000000
 -0.03140000  0.41890765E+03  0.51358192E+02      0.00000000      0.00000000
 -0.03120000  0.47500275E+03  0.68596474E+02      0.00000000      0.00000000
 -0.03100000  0.55063599E+03  0.96896461E+02      0.00000000      0.00000000
 -0.03080000  0.65832526E+03  0.14836357E+03      0.00000000      0.00000000
 -0.03060000  0.82213416E+03  0.25798077E+03      0.00000000      0.00000000
 -0.03040000  0.10625322E+04  0.53550220E+03      0.00000000      0.00000000
 -0.03020000  0.11531724E+04  0.13496724E+04      0.00000000      0.00000000
 -0.03000000 -0.16015216E+03  0.20019902E+04      0.00000000      0.00000000
 -0.02980000 -0.89351740E+03  0.97394849E+03      0.00000000      0.00000000
 -0.02960000 -0.66116919E+03  0.41260565E+03      0.00000000      0.00000000
 -0.02940000 -0.44131985E+03  0.22112733E+03      0.00000000      0.00000000
 -0.02920000 -0.28716513E+03  0.14177782E+03      0.00000000      0.00000000
 -0.02900000 -0.17497272E+03  0.10556215E+03      0.00000000      0.00000000
 -0.02880000 -0.84384857E+02  0.88846512E+02      0.00000000      0.00000000
 -0.02860000 -0.25348272E+01  0.83696243E+02      0.00000000      0.00000000
 -0.02840000  0.78320435E+02  0.88142845E+02      0.00000000      0.00000000
 -0.02820000  0.16863977E+03  0.10400739E+03      0.00000000      0.00000000
 -0.02800000  0.28001184E+03  0.13903008E+03      0.00000000      0.00000000
 -0.02780000  0.42889758E+03  0.21331340E+03      0.00000000      0.00000000
 -0.02760000  0.64831189E+03  0.39705725E+03      0.00000000      0.00000000
 -0.02740000  0.89227313E+03  0.93518927E+03      0.00000000      0.00000000
 -0.02720000  0.21547159E+03  0.19913457E+04      0.00000000      0.00000000
 -0.02700000 -0.11375701E+04  0.14064702E+04      0.00000000      0.00000000
 -0.02680000 -0.10796184E+04  0.55982886E+03      0.00000000      0.00000000
 -0.02660000 -0.83576495E+03  0.26682272E+03      0.00000000      0.00000000
 -0.02640000 -0.67123718E+03  0.15398563E+03      0.00000000      0.00000000
 -0.02620000 -0.55983093E+03  0.99694138E+02      0.00000000      0.00000000
 -0.02600000 -0.48208966E+03  0.70211182E+02      0.00000000      0.00000000
 -0.02580000 -0.42456738E+03  0.52355320E+02      0.00000000      0.00000000
 -0.02560000 -0.38002182E+03  0.40623859E+02      0.00000000      0.00000000
 -0.02540000 -0.34488116E+03  0.32585732E+02      0.00000000      0.00000000
 -0.02520000 -0.31581348E+03  0.26730362E+02      0.00000000      0.00000000
 -0.02500000 -0.29139981E+03  0.22338261E+02      0.00000000      0.00000000
 -0.02480000 -0.27096356E+03  0.19002710E+02      0.00000000      0.00000000
 -0.02460000 -0.25384395E+03  0.16463140E+02      0.00000000      0.00000000
 -0.02440000 -0.23863641E+03  0.14381456E+02      0.00000000      0.00000000
 -0.02420000 -0.22529376E+03  0.12686062E+02      0.00000000      0.00000000
 -0.02400000 -0.21339032E+03  0.11274567E+02      0.00000000      0.00000000
 -0.02380000 -0.20282947E+03  0.10100000E+02      0.00000000      0.00000000
 -0.02360000 -0.19335710E+03  0.91173306E+01      0.00000000      0.00000000
 -0.02340000 -0.18470380E+03  0.82662468E+01      0.00000000      0.00000000
 -0.02320000 -0.17685696E+03  0.75325665E+01      0.00000000      0.00000000
 -0.02300000 -0.16975677E+03  0.69033461E+01      0.00000000      0.00000000
 -0.02280000 -0.16313177E+03  0.63442240E+01      0.00000000      0.00000000
 -0.02260000 -0.15703682E+03  0.58522706E+01      0.00000000      0.00000000
 -0.02240000 -0.15146469E+03  0.54225712E+01      0.00000000      0.00000000
 -0.02220000 -0.14628265E+03  0.50387068E+01      0.00000000      0.00000000
 -0.02200000 -0.14141272E+03  0.46924434E+01      0.00000000      0.00000000
 -0.02180000 -0.13685291E+03  0.43816524E+01      0.00000000      0.00000000
 -0.02160000 -0.13259631E+03  0.40999684E+01      0.00000000      0.00000000
 -0.02140000 -0.12866559E+03  0.38509696E+01      0.00000000      0.00000000
 -0.02120000 -0.12491331E+03  0.36209693E+01      0.00000000      0.00000000
 -0.02100000 -0.12141328E+03  0.34118710E+01      0.00000000      0.00000000
 -0.02080000 -0.11808673E+03  0.32205012E+01      0.00000000      0.00000000
 -0.02060000 -0.11495404E+03  0.30455413E+01      0.00000000      0.00000000
 -0.02040000 -0.11198995E+03  0.28845000E+01      0.00000000      0.00000000
 -0.02020000 -0.10917644E+03  0.27353230E+01      0.00000000      0.00000000
 -0.02000000 -0.10654318E+03  0.26005700E+01      0.00000000      0.00000000
 -0.01980000 -0.10401460E+03  0.24747257E+01      0.00000000      0.00000000
 -0.01960000 -0.10158391E+03  0.23567381E+01      0.00000000      0.00000000
 -0.01940000 -0.99277992E+02  0.22460785E+01      0.00000000      0.00000000
 -0.01920000 -0.97100342E+02  0.21464972E+01      0.00000000      0.00000000
 -0.01900000 -0.94983139E+02  0.20511751E+01      0.00000000      0.00000000
 -0.01880000 -0.92974686E+02  0.19618633E+01      0.00000000      0.00000000
 -0.01860000 -0.91030914E+02  0.18782544E+01      0.00000000      0.00000000
 -0.01840000 -0.89168892E+02  0.18006898E+01      0.00000000      0.00000000
 -0.01820000 -0.87410271E+02  0.17281501E+01      0.00000000      0.00000000
 -0.01800000 -0.85725136E+02  0.16594801E+01      0.00000000      0.00000000
 -0.01780000 -0.84088760E+02  0.15951760E+01      0.00000000      0.00000000
 -0.01760000 -0.82537727E+02  0.15357623E+01      0.00000000      0.00000000
 -0.01740000 -0.81047348E+02  0.14789996E+01      0.00000000      0.00000000
 -0.01720000 -0.79602280E+02  0.14248224E+01      0.00000000      0.00000000
 -0.01700000 -0.78190941E+02  0.13733193E+01      0.00000000      0.00000000
 -0.01680000 -0.76837852E+02  0.13252325E+01      0.00000000      0.00000000
 -0.01660000 -0.75532051E+02  0.12792350E+01      0.00000000      0.00000000
 -0.01640000 -0.74281921E+02  0.12362927E+01      0.00000000      0.00000000
 -0.01620000 -0.73072617E+02  0.11953019E+01      0.00000000      0.00000000
 -0.01600000 -0.71895256E+02  0.11560434E+01      0.00000000      0.00000000
 -0.01580000 -0.70763718E+02  0.11189566E+01      0.00000000      0.00000000
 -0.01560000 -0.69650513E+02  0.10828872E+01      0.00000000      0.00000000
 -0.01540000 -0.68590546E+02  0.10496168E+01      0.00000000      0.00000000
 -0.01520000 -0.67560410E+02  0.10174848E+01      0.00000000      0.00000000
 -0.01500000 -0.66577415E+02  0.98686838E+00      0.00000000      0.00000000
 -0.01480000 -0.65603081E+02  0.95771599E+00      0.00000000      0.00000000
 -0.01460000 -0.64663696E+02  0.92990625E+00      0.00000000      0.00000000
 -0.01440000 -0.63738998E+02  0.90284526E+00      0.00000000      0.00000000
 -0.01420000 -0.62846970E+02  0.87735546E+00      0.00000000      0.00000000
 -0.01400000 -0.61982109E+02  0.85251367E+00      0.00000000      0.00000000
 -0.01380000 -0.61148079E+02  0.82901859E+00      0.00000000      0.00000000
 -0.01360000 -0.60332787E+02  0.80627358E+00      0.00000000      0.00000000
 -0.01340000 -0.59539322E+02  0.78480566E+00      0.00000000      0.00000000
 -0.01320000 -0.58770180E+02  0.76436579E+00      0.00000000      0.00000000
 -0.01300000 -0.58019066E+02  0.74421251E+00      0.00000000      0.00000000
 -0.01280000 -0.57287491E+02  0.72508746E+00      0.00000000      0.00000000
 -0.01260000 -0.56569973E+02  0.70662981E+00      0.00000000      0.00000000
 -0.01240000 -0.55870872E+02  0.68857765E+00      0.00000000      0.00000000
 -0.01220000 -0.55197937E+02  0.67189872E+00      0.00000000      0.00000000
 -0.01200000 -0.54533295E+02  0.65549552E+00      0.00000000      0.00000000
 -0.01180000 -0.53880707E+02  0.63943344E+00      0.00000000      0.00000000
 -0.01160000 -0.53243385E+02  0.62416190E+00      0.00000000      0.00000000
 -0.01140000 -0.52630222E+02  0.60957444E+00      0.00000000      0.00000000
 -0.01120000 -0.52025085E+02  0.59520495E+00      0.00000000      0.00000000
 -0.01100000 -0.51436497E+02  0.58136398E+00      0.00000000      0.00000000
 -0.01080000 -0.50855095E+02  0.56778723E+00      0.00000000      0.00000000
 -0.01060000 -0.50288906E+02  0.55516064E+00      0.00000000      0.00000000
 -0.01040000 -0.49738064E+02  0.54245150E+00      0.00000000      0.00000000
 -0.01020000 -0.49198898E+02  0.53036422E+00      0.00000000      0.00000000
 -0.01000000 -0.48674454E+02  0.51882619E+00      0.00000000      0.00000000
 -0.00980000 -0.48166672E+02  0.50779599E+00      0.00000000      0.00000000
 -0.00960000 -0.47663658E+02  0.49719724E+00      0.00000000      0.00000000
 -0.00940000 -0.47166634E+02  0.48654616E+00      0.00000000      0.00000000
 -0.00920000 -0.46680965E+02  0.47619182E+00      0.00000000      0.00000000
 -0.00900000 -0.46209602E+02  0.46655697E+00      0.00000000      0.00000000
 -0.00880000 -0.45753052E+02  0.45708287E+00      0.00000000      0.00000000
 -0.00860000 -0.45302242E+02  0.44761544E+00      0.00000000      0.00000000
 -0.00840000 -0.44859463E+02  0.43883765E+00      0.00000000      0.00000000
 -0.00820000 -0.44424618E+02  0.43006438E+00      0.00000000      0.00000000
 -0.00800000 -0.44001350E+02  0.42164454E+00      0.00000000      0.00000000
 -0.00780000 -0.43584675E+02  0.41355821E+00      0.00000000      0.00000000
 -0.00760000 -0.43172253E+02  0.40551418E+00      0.00000000      0.00000000
 -0.00740000 -0.42766777E+02  0.39772871E+00      0.00000000      0.00000000
 -0.00720000 -0.42376011E+02  0.39028034E+00      0.00000000      0.00000000
 -0.00700000 -0.41989704E+02  0.38303202E+00      0.00000000      0.00000000
 -0.00680000 -0.41610756E+02  0.37604254E+00      0.00000000      0.00000000
 -0.00660000 -0.41237209E+02  0.36917406E+00      0.00000000      0.00000000
 -0.00640000 -0.40871731E+02  0.36228964E+00      0.00000000      0.00000000
 -0.00620000 -0.40508129E+02  0.35557050E+00      0.00000000      0.00000000
 -0.00600000 -0.40153740E+02  0.34918439E+00      0.00000000      0.00000000
 -0.00580000 -0.39805302E+02  0.34306744E+00      0.00000000      0.00000000
 -0.00560000 -0.39466698E+02  0.33702606E+00      0.00000000      0.00000000
 -0.00540000 -0.39135792E+02  0.33121231E+00      0.00000000      0.00000000
 -0.00520000 -0.38809406E+02  0.32561594E+00      0.00000000      0.00000000
 -0.00500000 -0.38485847E+02  0.32009867E+00      0.00000000      0.00000000
 -0.00480000 -0.38170391E+02  0.31469274E+00      0.00000000      0.00000000
 -0.00460000 -0.37861843E+02  0.30938542E+00      0.00000000      0.00000000
 -0.00440000 -0.37553257E+02  0.30416396E+00      0.00000000      0.00000000
 -0.00420000 -0.37254238E+02  0.29922974E+00      0.00000000      0.00000000
 -0.00400000 -0.36956310E+02  0.29444772E+00      0.00000000      0.00000000
 -0.00380000 -0.36664066E+02  0.28949746E+00      0.00000000      0.00000000
 -0.00360000 -0.36377270E+02  0.28480518E+00      0.00000000      0.00000000
 -0.00340000 -0.36098110E+02  0.28057289E+00      0.00000000      0.00000000
 -0.00320000 -0.35816296E+02  0.27589011E+00      0.00000000      0.00000000
 -0.00300000 -0.35546886E+02  0.27159485E+00      0.00000000      0.00000000
 -0.00280000 -0.35276340E+02  0.26731554E+00      0.00000000      0.00000000
 -0.00260000 -0.35007835E+02  0.26318488E+00      0.00000000      0.00000000
 -0.00240000 -0.34746395E+02  0.25910556E+00      0.00000000      0.00000000
 -0.00220000 -0.34490871E+02  0.25513452E+00      0.00000000      0.00000000
 -0.00200000 -0.34239990E+02  0.25136772E+00      0.00000000      0.00000000
 -0.00180000 -0.33990883E+02  0.24745801E+00      0.00000000      0.00000000
 -0.00160000 -0.33742573E+02  0.24385810E+00      0.00000000      0.00000000
 -0.00140000 -0.33500568E+02  0.24026915E+00      0.00000000      0.00000000
 -0.00120000 -0.33260246E+02  0.23668513E+00      0.00000000      0.00000000
 -0.00100000 -0.33022858E+02  0.23321329E+00      0.00000000      0.00000000
 -0.00080000 -0.32795025E+02  0.22996776E+00      0.00000000      0.00000000
 -0.00060000 -0.32568058E+02  0.22650865E+00      0.00000000      0.00000000
 -0.00040000 -0.32343052E+02  0.22334483E+00      0.00000000      0.00000000
 -0.00020000 -0.32123878E+02  0.22027998E+00      0.00000000      0.00000000
  0.00000000 -0.31905544E+02  0.21719202E+00      0.00000000      0.00000000
  0.00020000 -0.31691484E+02  0.21421039E+00      0.00000000      0.00000000
  0.00040000 -0.31479635E+02  0.21121348E+00      0.00000000      0.00000000
  0.00060000 -0.31266491E+02  0.20835860E+00      0.00000000      0.00000000
  0.00080000 -0.31060053E+02  0.20539823E+00      0.00000000      0.00000000
  0.00100000 -0.30854635E+02  0.20255491E+00      0.00000000      0.00000000
  0.00120000 -0.30651909E+02  0.19985101E+00      0.00000000      0.00000000
  0.00140000 -0.30454754E+02  0.19719817E+00      0.00000000      0.00000000
  0.00160000 -0.30260427E+02  0.19461253E+00      0.00000000      0.00000000
  0.00180000 -0.30069542E+02  0.19203213E+00      0.00000000      0.00000000
  0.00200000 -0.29878498E+02  0.18950343E+00      0.00000000      0.00000000
  0.00220000 -0.29689049E+02  0.18697056E+00      0.00000000      0.00000000
  0.00240000 -0.29502766E+02  0.18459611E+00      0.00000000      0.00000000
  0.00260000 -0.29320040E+02  0.18222432E+00      0.00000000      0.00000000
  0.00280000 -0.29138275E+02  0.17983645E+00      0.00000000      0.00000000
  0.00300000 -0.28958693E+02  0.17758229E+00      0.00000000      0.00000000
  0.00320000 -0.28783871E+02  0.17537881E+00      0.00000000      0.00000000
  0.00340000 -0.28608734E+02  0.17304006E+00      0.00000000      0.00000000
  0.00360000 -0.28436607E+02  0.17090750E+00      0.00000000      0.00000000
  0.00380000 -0.28266380E+02  0.16878605E+00      0.00000000      0.00000000
  0.00400000 -0.28099403E+02  0.16677058E+00      0.00000000      0.00000000
  0.00420000 -0.27932203E+02  0.16475853E+00      0.00000000      0.00000000
  0.00440000 -0.27768160E+02  0.16270941E+00      0.00000000      0.00000000
  0.00460000 -0.27605776E+02  0.16066271E+00      0.00000000      0.00000000
  0.00480000 -0.27446432E+02  0.15886337E+00      0.00000000      0.00000000
  0.00500000 -0.27289345E+02  0.15688978E+00      0.00000000      0.00000000
  0.00520000 -0.27134537E+02  0.15499529E+00      0.00000000      0.00000000
  0.00540000 -0.26979328E+02  0.15325630E+00      0.00000000      0.00000000
  0.00560000 -0.26827770E+02  0.15151682E+00      0.00000000      0.00000000
  0.00580000 -0.26677732E+02  0.14963007E+00      0.00000000      0.00000000
  0.00600000 -0.26530724E+02  0.14794028E+00      0.00000000      0.00000000
  0.00620000 -0.26383131E+02  0.14624599E+00      0.00000000      0.00000000
  0.00640000 -0.26236797E+02  0.14453989E+00      0.00000000      0.00000000
  0.00660000 -0.26092579E+02  0.14286044E+00      0.00000000      0.00000000
  0.00680000 -0.25950882E+02  0.14128968E+00      0.00000000      0.00000000
  0.00700000 -0.25810549E+02  0.13975063E+00      0.00000000      0.00000000
  0.00720000 -0.25671228E+02  0.13809034E+00      0.00000000      0.00000000
  0.00740000 -0.25535675E+02  0.13657200E+00      0.00000000      0.00000000
  0.00760000 -0.25401138E+02  0.13510635E+00      0.00000000      0.00000000
  0.00780000 -0.25266544E+02  0.13358350E+00      0.00000000      0.00000000
  0.00800000 -0.25134083E+02  0.13213971E+00      0.00000000      0.00000000
  0.00820000 -0.25002705E+02  0.13069123E+00      0.00000000      0.00000000
  0.00840000 -0.24873196E+02  0.12930132E+00      0.00000000      0.00000000
  0.00860000 -0.24744440E+02  0.12786670E+00      0.00000000      0.00000000
  0.00880000 -0.24617142E+02  0.12643282E+00      0.00000000      0.00000000
  0.00900000 -0.24490303E+02  0.12515625E+00      0.00000000      0.00000000
  0.00920000 -0.24366047E+02  0.12384509E+00      0.00000000      0.00000000
  0.00940000 -0.24242401E+02  0.12250012E+00      0.00000000      0.00000000
  0.00960000 -0.24120785E+02  0.12122791E+00      0.00000000      0.00000000
  0.00980000 -0.23999290E+02  0.11991076E+00      0.00000000      0.00000000
  0.01000000 -0.23880127E+02  0.11870851E+00      0.00000000      0.00000000
  0.01020000 -0.23761921E+02  0.11743711E+00      0.00000000      0.00000000
  0.01040000 -0.23645546E+02  0.11624333E+00      0.00000000      0.00000000
  0.01060000 -0.23531044E+02  0.11502956E+00      0.00000000      0.00000000
  0.01080000 -0.23415306E+02  0.11383390E+00      0.00000000      0.00000000
  0.01100000 -0.23302637E+02  0.11268871E+00      0.00000000      0.00000000
  0.01120000 -0.23191996E+02  0.11161362E+00      0.00000000      0.00000000
  0.01140000 -0.23080418E+02  0.11056849E+00      0.00000000      0.00000000
  0.01160000 -0.22970140E+02  0.10942605E+00      0.00000000      0.00000000
  0.01180000 -0.22860771E+02  0.10829830E+00      0.00000000      0.00000000
  0.01200000 -0.22751881E+02  0.10720459E+00      0.00000000      0.00000000
  0.01220000 -0.22644491E+02  0.10618150E+00      0.00000000      0.00000000
  0.01240000 -0.22540934E+02  0.10515645E+00      0.00000000      0.00000000
  0.01260000 -0.22436626E+02  0.10411507E+00      0.00000000      0.00000000
  0.01280000 -0.22333429E+02  0.10308477E+00      0.00000000      0.00000000
  0.01300000 -0.22230980E+02  0.10211682E+00      0.00000000      0.00000000
  0.01320000 -0.22128328E+02  0.10112378E+00      0.00000000      0.00000000
  0.01340000 -0.22027252E+02  0.10016182E+00      0.00000000      0.00000000
  0.01360000 -0.21926319E+02  0.99189758E-01      0.00000000      0.00000000
  0.01380000 -0.21826984E+02  0.98244637E-01      0.00000000      0.00000000
  0.01400000 -0.21729622E+02  0.97308099E-01      0.00000000      0.00000000
  0.01420000 -0.21633036E+02  0.96403658E-01      0.00000000      0.00000000
  0.01440000 -0.21537415E+02  0.95500588E-01      0.00000000      0.00000000
  0.01460000 -0.21442757E+02  0.94666570E-01      0.00000000      0.00000000
  0.01480000 -0.21349737E+02  0.93784839E-01      0.00000000      0.00000000
  0.01500000 -0.21255634E+02  0.92882454E-01      0.00000000      0.00000000
  0.01520000 -0.21162867E+02  0.92026561E-01      0.00000000      0.00000000
  0.01540000 -0.21071358E+02  0.91128647E-01      0.00000000      0.00000000
  0.01560000 -0.20981276E+02  0.90304792E-01      0.00000000      0.00000000
  0.01580000 -0.20890598E+02  0.89516163E-01      0.00000000      0.00000000
  0.01600000 -0.20801188E+02  0.88734627E-01      0.00000000      0.00000000
  0.01619999 -0.20712978E+02  0.87986171E-01      0.00000000      0.00000000
  0.01640000 -0.20624771E+02  0.87167382E-01      0.00000000      0.00000000
  0.01660000 -0.20537512E+02  0.86378098E-01      0.00000000      0.00000000
  0.01680000 -0.20450022E+02  0.85605443E-01      0.00000000      0.00000000
  0.01700000 -0.20365818E+02  0.84905386E-01      0.00000000      0.00000000
  0.01720000 -0.20282381E+02  0.84190190E-01      0.00000000      0.00000000
  0.01740000 -0.20197906E+02  0.83435297E-01      0.00000000      0.00000000
  0.01760000 -0.20114470E+02  0.82691193E-01      0.00000000      0.00000000
  0.01780000 -0.20031670E+02  0.81966579E-01      0.00000000      0.00000000
  0.01800000 -0.19950436E+02  0.81222892E-01      0.00000000      0.00000000
  0.01820000 -0.19868954E+02  0.80528557E-01      0.00000000      0.00000000
  0.01840000 -0.19789143E+02  0.79868376E-01      0.00000000      0.00000000
  0.01860000 -0.19709911E+02  0.79194427E-01      0.00000000      0.00000000
  0.01880000 -0.19631565E+02  0.78486979E-01      0.00000000      0.00000000
  0.01900000 -0.19552536E+02  0.77806950E-01      0.00000000      0.00000000
  0.01920000 -0.19475407E+02  0.77226877E-01      0.00000000      0.00000000
  0.01940000 -0.19399105E+02  0.76553345E-01      0.00000000      0.00000000
  0.01960000 -0.19323540E+02  0.75893760E-01      0.00000000      0.00000000
  0.01980000 -0.19247200E+02  0.75249553E-01      0.00000000      0.00000000
  0.02000000 -0.19172714E+02  0.74633956E-01      0.00000000      0.00000000
  0.02020000 -0.19098114E+02  0.74043393E-01      0.00000000      0.00000000
  0.02040000 -0.19024738E+02  0.73417306E-01      0.00000000      0.00000000
  0.02060000 -0.18951721E+02  0.72808266E-01      0.00000000      0.00000000
  0.02080000 -0.18879341E+02  0.72217345E-01      0.00000000      0.00000000
  0.02100000 -0.18807297E+02  0.71652412E-01      0.00000000      0.00000000
  0.02120000 -0.18735432E+02  0.71076035E-01      0.00000000      0.00000000
  0.02140000 -0.18665394E+02  0.70505857E-01      0.00000000      0.00000000
  0.02160000 -0.18594719E+02  0.69957495E-01      0.00000000      0.00000000
  0.02180000 -0.18525505E+02  0.69359064E-01      0.00000000      0.00000000
  0.02200000 -0.18455391E+02  0.68830729E-01      0.00000000      0.00000000
  0.02220000 -0.18386589E+02  0.68326712E-01      0.00000000      0.00000000
  0.02240000 -0.18318329E+02  0.67772388E-01      0.00000000      0.00000000
  0.02260000 -0.18251694E+02  0.67238569E-01      0.00000000      0.00000000
  0.02280000 -0.18185059E+02  0.66731453E-01      0.00000000      0.00000000
  0.02300000 -0.18117676E+02  0.66197395E-01      0.00000000      0.00000000
  0.02320000 -0.18051910E+02  0.65669775E-01      0.00000000      0.00000000
  0.02340000 -0.17986992E+02  0.65118790E-01      0.00000000      0.00000000
  0.02360000 -0.17922363E+02  0.64626217E-01      0.00000000      0.00000000
  0.02380000 -0.17858177E+02  0.64147949E-01      0.00000000      0.00000000
  0.02400000 -0.17793678E+02  0.63676357E-01      0.00000000      0.00000000
  0.02420000 -0.17730667E+02  0.63155174E-01      0.00000000      0.00000000
  0.02440000 -0.17667557E+02  0.62682629E-01      0.00000000      0.00000000
  0.02460000 -0.17604713E+02  0.62222481E-01      0.00000000      0.00000000
  0.02480000 -0.17541992E+02  0.61771393E-01      0.00000000      0.00000000
  0.02500000 -0.17480347E+02  0.61268806E-01      0.00000000      0.00000000
  0.02520000 -0.17420013E+02  0.60818672E-01      0.00000000      0.00000000
  0.02540000 -0.17359055E+02  0.60401917E-01      0.00000000      0.00000000
  0.02560000 -0.17299271E+02  0.59951782E-01      0.00000000      0.00000000
  0.02580000 -0.17239548E+02  0.59507370E-01      0.00000000      0.00000000
  0.02600000 -0.17181274E+02  0.59051514E-01      0.00000000      0.00000000
  0.02620000 -0.17122314E+02  0.58650970E-01      0.00000000      0.00000000
  0.02640000 -0.17063568E+02  0.58219910E-01      0.00000000      0.00000000
  0.02660000 -0.17005280E+02  0.57769775E-01      0.00000000      0.00000000
  0.02680000 -0.16947754E+02  0.57403564E-01      0.00000000      0.00000000
  0.02700000 -0.16891113E+02  0.56884766E-01      0.00000000      0.00000000
  0.02720000 -0.16834747E+02  0.56518555E-01      0.00000000      0.00000000
  0.02740000 -0.16778748E+02  0.56091309E-01      0.00000000      0.00000000
  0.02760000 -0.16723083E+02  0.55755615E-01      0.00000000      0.00000000
  0.02780000 -0.16667480E+02  0.55358887E-01      0.00000000      0.00000000
  0.02800000 -0.16611771E+02  0.54931641E-01      0.00000000      0.00000000
  0.02820000 -0.16557129E+02  0.54538727E-01      0.00000000      0.00000000
  0.02840000 -0.16502613E+02  0.54161072E-01      0.00000000      0.00000000
  0.02860000 -0.16448927E+02  0.53756714E-01      0.00000000      0.00000000
  0.02880000 -0.16394211E+02  0.53405762E-01      0.00000000      0.00000000
  0.02900000 -0.16340607E+02  0.53058624E-01      0.00000000      0.00000000
  0.02920000 -0.16287704E+02  0.52696228E-01      0.00000000      0.00000000
  0.02940000 -0.16235184E+02  0.52330017E-01      0.00000000      0.00000000
  0.02959999 -0.16183075E+02  0.51925659E-01      0.00000000      0.00000000
  0.02980000 -0.16131165E+02  0.51574707E-01      0.00000000      0.00000000
  0.03000000 -0.16079338E+02  0.51269531E-01      0.00000000      0.00000000
  0.03020000 -0.16028748E+02  0.50964355E-01      0.00000000      0.00000000
  0.03040000 -0.15977844E+02  0.50476074E-01      0.00000000      0.00000000
  0.03060000 -0.15927216E+02  0.50155640E-01      0.00000000      0.00000000
  0.03080000 -0.15877441E+02  0.49835205E-01      0.00000000      0.00000000
  0.03100000 -0.15827789E+02  0.49495697E-01      0.00000000      0.00000000
  0.03120000 -0.15778366E+02  0.49186707E-01      0.00000000      0.00000000
  0.03140000 -0.15729477E+02  0.48849106E-01      0.00000000      0.00000000
  0.03160000 -0.15680328E+02  0.48503876E-01      0.00000000      0.00000000
  0.03179999 -0.15632248E+02  0.48154831E-01      0.00000000      0.00000000
  0.03200001 -0.15583984E+02  0.47854424E-01      0.00000000      0.00000000
  0.03220000 -0.15536835E+02  0.47574997E-01      0.00000000      0.00000000
  0.03240000 -0.15489670E+02  0.47220230E-01      0.00000000      0.00000000
  0.03260000 -0.15442581E+02  0.46911240E-01      0.00000000      0.00000000
  0.03280000 -0.15395386E+02  0.46648026E-01      0.00000000      0.00000000
  0.03300000 -0.15349258E+02  0.46351910E-01      0.00000000      0.00000000
  0.03320000 -0.15303009E+02  0.46028614E-01      0.00000000      0.00000000
  0.03340000 -0.15257233E+02  0.45742035E-01      0.00000000      0.00000000
  0.03360000 -0.15211914E+02  0.45436859E-01      0.00000000      0.00000000
  0.03380000 -0.15166580E+02  0.45136929E-01      0.00000000      0.00000000
  0.03399999 -0.15121117E+02  0.44822931E-01      0.00000000      0.00000000
  0.03420001 -0.15076424E+02  0.44546604E-01      0.00000000      0.00000000
  0.03440000 -0.15031570E+02  0.44277191E-01      0.00000000      0.00000000
  0.03460000 -0.14987778E+02  0.43993473E-01      0.00000000      0.00000000
  0.03479999 -0.14944008E+02  0.43759584E-01      0.00000000      0.00000000
  0.03500000 -0.14900391E+02  0.43462038E-01      0.00000000      0.00000000
  0.03520000 -0.14856834E+02  0.43152809E-01      0.00000000      0.00000000
  0.03540000 -0.14814617E+02  0.42869806E-01      0.00000000      0.00000000
  0.03560000 -0.14771221E+02  0.42616129E-01      0.00000000      0.00000000
  0.03580000 -0.14728230E+02  0.42353749E-01      0.00000000      0.00000000
  0.03600000 -0.14686081E+02  0.42097092E-01      0.00000000      0.00000000
  0.03619999 -0.14643997E+02  0.41834116E-01      0.00000000      0.00000000
  0.03640000 -0.14602394E+02  0.41561604E-01      0.00000000      0.00000000
  0.03660000 -0.14561188E+02  0.41296124E-01      0.00000000      0.00000000
  0.03680000 -0.14520271E+02  0.41046739E-01      0.00000000      0.00000000
  0.03700000 -0.14479752E+02  0.40816188E-01      0.00000000      0.00000000
  0.03720000 -0.14438900E+02  0.40564418E-01      0.00000000      0.00000000
  0.03740000 -0.14398540E+02  0.40309429E-01      0.00000000      0.00000000
  0.03760000 -0.14358006E+02  0.40070176E-01      0.00000000      0.00000000
  0.03780000 -0.14318432E+02  0.39826870E-01      0.00000000      0.00000000
  0.03800000 -0.14278408E+02  0.39587259E-01      0.00000000      0.00000000
  0.03820000 -0.14239262E+02  0.39347887E-01      0.00000000      0.00000000
  0.03839999 -0.14199932E+02  0.39099038E-01      0.00000000      0.00000000
  0.03860000 -0.14160774E+02  0.38866043E-01      0.00000000      0.00000000
  0.03880000 -0.14122002E+02  0.38644135E-01      0.00000000      0.00000000
  0.03900000 -0.14083317E+02  0.38414001E-01      0.00000000      0.00000000
  0.03920000 -0.14045174E+02  0.38186729E-01      0.00000000      0.00000000
  0.03940000 -0.14006927E+02  0.37956834E-01      0.00000000      0.00000000
  0.03960000 -0.13969296E+02  0.37737668E-01      0.00000000      0.00000000
  0.03980000 -0.13931679E+02  0.37504256E-01      0.00000000      0.00000000
  0.04000000 -0.13894142E+02  0.37304699E-01      0.00000000      0.00000000
  0.04020000 -0.13856796E+02  0.37090838E-01      0.00000000      0.00000000
  0.04040000 -0.13820049E+02  0.36857367E-01      0.00000000      0.00000000
  0.04060000 -0.13783340E+02  0.36663413E-01      0.00000000      0.00000000
  0.04080000 -0.13747137E+02  0.36457419E-01      0.00000000      0.00000000
  0.04100000 -0.13710495E+02  0.36215365E-01      0.00000000      0.00000000
  0.04120000 -0.13674276E+02  0.35999835E-01      0.00000000      0.00000000
  0.04140000 -0.13638702E+02  0.35797954E-01      0.00000000      0.00000000
  0.04160000 -0.13602713E+02  0.35598755E-01      0.00000000      0.00000000
  0.04180000 -0.13567127E+02  0.35408437E-01      0.00000000      0.00000000
  0.04200000 -0.13531851E+02  0.35205066E-01      0.00000000      0.00000000
  0.04220000 -0.13496910E+02  0.34998298E-01      0.00000000      0.00000000
  0.04240000 -0.13462383E+02  0.34800112E-01      0.00000000      0.00000000
  0.04260000 -0.13427967E+02  0.34619182E-01      0.00000000      0.00000000
  0.04280000 -0.13393084E+02  0.34417748E-01      0.00000000      0.00000000
  0.04300000 -0.13358753E+02  0.34185708E-01      0.00000000      0.00000000
  0.04320000 -0.13324963E+02  0.33987880E-01      0.00000000      0.00000000
  0.04340000 -0.13291121E+02  0.33825368E-01      0.00000000      0.00000000
  0.04360000 -0.13257574E+02  0.33650190E-01      0.00000000      0.00000000
  0.04380000 -0.13223988E+02  0.33453077E-01      0.00000000      0.00000000
  0.04400000 -0.13190340E+02  0.33259302E-01      0.00000000      0.00000000
  0.04420000 -0.13156921E+02  0.33073902E-01      0.00000000      0.00000000
  0.04440000 -0.13124268E+02  0.32908052E-01      0.00000000      0.00000000
  0.04460000 -0.13091810E+02  0.32722622E-01      0.00000000      0.00000000
  0.04480000 -0.13059206E+02  0.32533705E-01      0.00000000      0.00000000
  0.04500000 -0.13026812E+02  0.32343417E-01      0.00000000      0.00000000
  0.04520000 -0.12994230E+02  0.32172531E-01      0.00000000      0.00000000
  0.04539999 -0.12961933E+02  0.32010347E-01      0.00000000      0.00000000
  0.04560000 -0.12930317E+02  0.31839788E-01      0.00000000      0.00000000
  0.04580000 -0.12898531E+02  0.31654328E-01      0.00000000      0.00000000
  0.04600000 -0.12867355E+02  0.31484157E-01      0.00000000      0.00000000
  0.04620000 -0.12835817E+02  0.31318992E-01      0.00000000      0.00000000
  0.04640000 -0.12804264E+02  0.31165719E-01      0.00000000      0.00000000
  0.04660000 -0.12773272E+02  0.30995518E-01      0.00000000      0.00000000
  0.04680000 -0.12742319E+02  0.30813634E-01      0.00000000      0.00000000
  0.04700000 -0.12711767E+02  0.30645311E-01      0.00000000      0.00000000
  0.04720000 -0.12680765E+02  0.30492485E-01      0.00000000      0.00000000
  0.04740000 -0.12650591E+02  0.30327663E-01      0.00000000      0.00000000
  0.04759999 -0.12620384E+02  0.30162662E-01      0.00000000      0.00000000
  0.04780000 -0.12590158E+02  0.30005276E-01      0.00000000      0.00000000
  0.04800000 -0.12560335E+02  0.29870927E-01      0.00000000      0.00000000
  0.04820000 -0.12530645E+02  0.29704303E-01      0.00000000      0.00000000
  0.04840000 -0.12500476E+02  0.29539689E-01      0.00000000      0.00000000
  0.04860000 -0.12470923E+02  0.29385686E-01      0.00000000      0.00000000
  0.04880000 -0.12441690E+02  0.29234245E-01      0.00000000      0.00000000
  0.04899999 -0.12412580E+02  0.29070839E-01      0.00000000      0.00000000
  0.04920000 -0.12383484E+02  0.28918236E-01      0.00000000      0.00000000
  0.04940000 -0.12355015E+02  0.28774768E-01      0.00000000      0.00000000
  0.04960000 -0.12326395E+02  0.28627247E-01      0.00000000      0.00000000
  0.04979999 -0.12297695E+02  0.28488815E-01      0.00000000      0.00000000
  0.05000000 -0.12269304E+02  0.28335288E-01      0.00000000      0.00000000
  0.05020000 -0.12240932E+02  0.28198883E-01      0.00000000      0.00000000
  0.05040000 -0.12212941E+02  0.28045177E-01      0.00000000      0.00000000
  0.05060000 -0.12185010E+02  0.27878404E-01      0.00000000      0.00000000
  0.05080000 -0.12157225E+02  0.27733952E-01      0.00000000      0.00000000
  0.05100000 -0.12129819E+02  0.27617320E-01      0.00000000      0.00000000
  0.05119999 -0.12102045E+02  0.27482927E-01      0.00000000      0.00000000
  0.05140000 -0.12074464E+02  0.27353898E-01      0.00000000      0.00000000
  0.05160000 -0.12047338E+02  0.27210951E-01      0.00000000      0.00000000
  0.05180000 -0.12020176E+02  0.27079687E-01      0.00000000      0.00000000
  0.05199999 -0.11993232E+02  0.26959851E-01      0.00000000      0.00000000
  0.05220000 -0.11966087E+02  0.26806623E-01      0.00000000      0.00000000
  0.05240000 -0.11939334E+02  0.26676551E-01      0.00000000      0.00000000
  0.05260000 -0.11912429E+02  0.26558757E-01      0.00000000      0.00000000
  0.05280000 -0.11886463E+02  0.26385367E-01      0.00000000      0.00000000
  0.05300000 -0.11859934E+02  0.26254877E-01      0.00000000      0.00000000
  0.05320000 -0.11833808E+02  0.26115462E-01      0.00000000      0.00000000
  0.05339999 -0.11807888E+02  0.25997996E-01      0.00000000      0.00000000
  0.05360000 -0.11781954E+02  0.25888458E-01      0.00000000      0.00000000
  0.05380000 -0.11756016E+02  0.25756553E-01      0.00000000      0.00000000
  0.05400000 -0.11730420E+02  0.25622211E-01      0.00000000      0.00000000
  0.05420000 -0.11704853E+02  0.25495507E-01      0.00000000      0.00000000
  0.05440000 -0.11679248E+02  0.25380179E-01      0.00000000      0.00000000
  0.05460000 -0.11654084E+02  0.25271811E-01      0.00000000      0.00000000
  0.05480000 -0.11628864E+02  0.25151342E-01      0.00000000      0.00000000
  0.05500000 -0.11603822E+02  0.25019579E-01      0.00000000      0.00000000
  0.05520000 -0.11578737E+02  0.24892665E-01      0.00000000      0.00000000
  0.05540000 -0.11553991E+02  0.24769261E-01      0.00000000      0.00000000
  0.05560000 -0.11529453E+02  0.24652973E-01      0.00000000      0.00000000
  0.05580000 -0.11504581E+02  0.24535015E-01      0.00000000      0.00000000
  0.05600000 -0.11480206E+02  0.24420500E-01      0.00000000      0.00000000
  0.05620000 -0.11455288E+02  0.24293624E-01      0.00000000      0.00000000
  0.05640000 -0.11430864E+02  0.24170108E-01      0.00000000      0.00000000
  0.05660000 -0.11407140E+02  0.24059154E-01      0.00000000      0.00000000
  0.05680000 -0.11383294E+02  0.23945138E-01      0.00000000      0.00000000
  0.05700000 -0.11359442E+02  0.23832567E-01      0.00000000      0.00000000
  0.05720000 -0.11335838E+02  0.23709454E-01      0.00000000      0.00000000
  0.05740000 -0.11311676E+02  0.23605548E-01      0.00000000      0.00000000
  0.05760000 -0.11288115E+02  0.23513690E-01      0.00000000      0.00000000
  0.05780000 -0.11264447E+02  0.23413382E-01      0.00000000      0.00000000
  0.05800000 -0.11241322E+02  0.23303188E-01      0.00000000      0.00000000
  0.05819999 -0.11218265E+02  0.23178734E-01      0.00000000      0.00000000
  0.05840000 -0.11195009E+02  0.23055196E-01      0.00000000      0.00000000
  0.05860000 -0.11172240E+02  0.22964343E-01      0.00000000      0.00000000
  0.05880000 -0.11149224E+02  0.22856995E-01      0.00000000      0.00000000
  0.05900000 -0.11126496E+02  0.22754572E-01      0.00000000      0.00000000
  0.05920000 -0.11104076E+02  0.22661418E-01      0.00000000      0.00000000
  0.05940000 -0.11081700E+02  0.22539996E-01      0.00000000      0.00000000
  0.05960000 -0.11058940E+02  0.22431329E-01      0.00000000      0.00000000
  0.05980000 -0.11036617E+02  0.22357620E-01      0.00000000      0.00000000
  0.06000000 -0.11014493E+02  0.22263944E-01      0.00000000      0.00000000
  0.06020000 -0.10992234E+02  0.22127524E-01      0.00000000      0.00000000
  0.06039999 -0.10970090E+02  0.22028878E-01      0.00000000      0.00000000
  0.06060000 -0.10948181E+02  0.21929577E-01      0.00000000      0.00000000
  0.06080000 -0.10926218E+02  0.21837525E-01      0.00000000      0.00000000
  0.06100000 -0.10904282E+02  0.21751054E-01      0.00000000      0.00000000
  0.06119999 -0.10882570E+02  0.21638617E-01      0.00000000      0.00000000
  0.06140000 -0.10860906E+02  0.21542527E-01      0.00000000      0.00000000
  0.06160000 -0.10839532E+02  0.21440335E-01      0.00000000      0.00000000
  0.06180000 -0.10818279E+02  0.21329731E-01      0.00000000      0.00000000
  0.06200000 -0.10796923E+02  0.21250576E-01      0.00000000      0.00000000
  0.06220000 -0.10775686E+02  0.21172479E-01      0.00000000      0.00000000
  0.06240000 -0.10754635E+02  0.21062203E-01      0.00000000      0.00000000
  0.06259999 -0.10733925E+02  0.20953566E-01      0.00000000      0.00000000
  0.06280001 -0.10713023E+02  0.20869479E-01      0.00000000      0.00000000
  0.06300000 -0.10692301E+02  0.20784348E-01      0.00000000      0.00000000
  0.06320000 -0.10671410E+02  0.20688988E-01      0.00000000      0.00000000
  0.06339999 -0.10650486E+02  0.20599738E-01      0.00000000      0.00000000
  0.06360000 -0.10629892E+02  0.20511650E-01      0.00000000      0.00000000
  0.06380000 -0.10609533E+02  0.20415250E-01      0.00000000      0.00000000
  0.06400000 -0.10589392E+02  0.20325292E-01      0.00000000      0.00000000
  0.06420000 -0.10568846E+02  0.20246070E-01      0.00000000      0.00000000
  0.06440000 -0.10548587E+02  0.20164538E-01      0.00000000      0.00000000
  0.06460000 -0.10528376E+02  0.20062756E-01      0.00000000      0.00000000
  0.06479999 -0.10507984E+02  0.19988023E-01      0.00000000      0.00000000
  0.06500000 -0.10488153E+02  0.19903619E-01      0.00000000      0.00000000
  0.06520000 -0.10468319E+02  0.19803196E-01      0.00000000      0.00000000
  0.06540000 -0.10448702E+02  0.19719552E-01      0.00000000      0.00000000
  0.06559999 -0.10429134E+02  0.19636691E-01      0.00000000      0.00000000
  0.06580000 -0.10409519E+02  0.19547548E-01      0.00000000      0.00000000
  0.06600000 -0.10389952E+02  0.19480478E-01      0.00000000      0.00000000
  0.06620000 -0.10370467E+02  0.19392330E-01      0.00000000      0.00000000
  0.06640000 -0.10351234E+02  0.19292019E-01      0.00000000      0.00000000
  0.06660000 -0.10332038E+02  0.19217182E-01      0.00000000      0.00000000
  0.06680001 -0.10312823E+02  0.19131392E-01      0.00000000      0.00000000
  0.06699999 -0.10293732E+02  0.19054882E-01      0.00000000      0.00000000
  0.06720000 -0.10274647E+02  0.18979613E-01      0.00000000      0.00000000
  0.06739999 -0.10255859E+02  0.18904075E-01      0.00000000      0.00000000
  0.06760000 -0.10237002E+02  0.18825941E-01      0.00000000      0.00000000
  0.06780000 -0.10217985E+02  0.18735636E-01      0.00000000      0.00000000
  0.06800000 -0.10199121E+02  0.18659342E-01      0.00000000      0.00000000
  0.06820000 -0.10180486E+02  0.18584553E-01      0.00000000      0.00000000
  0.06840000 -0.10162216E+02  0.18501643E-01      0.00000000      0.00000000
  0.06859999 -0.10143707E+02  0.18400747E-01      0.00000000      0.00000000
  0.06880000 -0.10125359E+02  0.18339630E-01      0.00000000      0.00000000
  0.06900001 -0.10107028E+02  0.18275619E-01      0.00000000      0.00000000
  0.06919999 -0.10088812E+02  0.18198255E-01      0.00000000      0.00000000
  0.06940000 -0.10070573E+02  0.18110633E-01      0.00000000      0.00000000
  0.06960000 -0.10052432E+02  0.18042304E-01      0.00000000      0.00000000
  0.06980000 -0.10034400E+02  0.17984591E-01      0.00000000      0.00000000
  0.07000000 -0.10016650E+02  0.17908033E-01      0.00000000      0.00000000
  0.07020000 -0.99985886E+01  0.17818369E-01      0.00000000      0.00000000
  0.07040000 -0.99805336E+01  0.17746374E-01      0.00000000      0.00000000
  0.07060000 -0.99629583E+01  0.17676327E-01      0.00000000      0.00000000
  0.07079999 -0.99454498E+01  0.17605603E-01      0.00000000      0.00000000
  0.07099999 -0.99278889E+01  0.17526217E-01      0.00000000      0.00000000
  0.07120001 -0.99103937E+01  0.17466791E-01      0.00000000      0.00000000
  0.07139999 -0.98930187E+01  0.17386287E-01      0.00000000      0.00000000
  0.07160000 -0.98757887E+01  0.17319418E-01      0.00000000      0.00000000
  0.07180000 -0.98583088E+01  0.17246872E-01      0.00000000      0.00000000
  0.07200000 -0.98410892E+01  0.17178543E-01      0.00000000      0.00000000
  0.07220000 -0.98241568E+01  0.17113820E-01      0.00000000      0.00000000
  0.07239999 -0.98069620E+01  0.17047524E-01      0.00000000      0.00000000
  0.07260000 -0.97897997E+01  0.16970523E-01      0.00000000      0.00000000
  0.07280000 -0.97729597E+01  0.16903710E-01      0.00000000      0.00000000
  0.07299999 -0.97561245E+01  0.16840711E-01      0.00000000      0.00000000
  0.07319999 -0.97394724E+01  0.16775932E-01      0.00000000      0.00000000
  0.07340001 -0.97227631E+01  0.16712997E-01      0.00000000      0.00000000
  0.07359999 -0.97058058E+01  0.16637903E-01      0.00000000      0.00000000
  0.07380000 -0.96892462E+01  0.16570449E-01      0.00000000      0.00000000
  0.07400000 -0.96725693E+01  0.16500443E-01      0.00000000      0.00000000
  0.07420000 -0.96559944E+01  0.16433589E-01      0.00000000      0.00000000
  0.07440000 -0.96396427E+01  0.16367875E-01      0.00000000      0.00000000
  0.07460000 -0.96232758E+01  0.16306065E-01      0.00000000      0.00000000
  0.07480000 -0.96070347E+01  0.16232252E-01      0.00000000      0.00000000
  0.07500000 -0.95912037E+01  0.16182147E-01      0.00000000      0.00000000
  0.07519999 -0.95750065E+01  0.16136259E-01      0.00000000      0.00000000
  0.07539999 -0.95589361E+01  0.16048405E-01      0.00000000      0.00000000
  0.07560000 -0.95426407E+01  0.15987989E-01      0.00000000      0.00000000
  0.07579999 -0.95267143E+01  0.15932888E-01      0.00000000      0.00000000
  0.07600000 -0.95109806E+01  0.15864700E-01      0.00000000      0.00000000
  0.07620000 -0.94951134E+01  0.15799318E-01      0.00000000      0.00000000
  0.07640000 -0.94795284E+01  0.15739866E-01      0.00000000      0.00000000
  0.07660000 -0.94636660E+01  0.15684249E-01      0.00000000      0.00000000
  0.07680000 -0.94481144E+01  0.15619149E-01      0.00000000      0.00000000
  0.07699999 -0.94327803E+01  0.15574992E-01      0.00000000      0.00000000
  0.07720000 -0.94171124E+01  0.15506199E-01      0.00000000      0.00000000
  0.07739999 -0.94015913E+01  0.15444413E-01      0.00000000      0.00000000
  0.07759999 -0.93861761E+01  0.15399024E-01      0.00000000      0.00000000
  0.07780000 -0.93708668E+01  0.15323663E-01      0.00000000      0.00000000
  0.07799999 -0.93555260E+01  0.15259750E-01      0.00000000      0.00000000
  0.07820000 -0.93402767E+01  0.15212052E-01      0.00000000      0.00000000
  0.07840000 -0.93250952E+01  0.15151180E-01      0.00000000      0.00000000
  0.07860000 -0.93098927E+01  0.15089085E-01      0.00000000      0.00000000
  0.07880000 -0.92948627E+01  0.15041975E-01      0.00000000      0.00000000
  0.07900000 -0.92798271E+01  0.14981654E-01      0.00000000      0.00000000
  0.07919999 -0.92649288E+01  0.14927752E-01      0.00000000      0.00000000
  0.07940000 -0.92500801E+01  0.14866479E-01      0.00000000      0.00000000
  0.07960001 -0.92351770E+01  0.14808623E-01      0.00000000      0.00000000
  0.07979999 -0.92204266E+01  0.14754860E-01      0.00000000      0.00000000
