 -0.04000000  0.40385315E+02  0.33275241E+00      0.00000000      0.00000000
 -0.03980000  0.40721535E+02  0.33822477E+00      0.00000000      0.00000000
 -0.03960000  0.41064392E+02  0.34385157E+00      0.00000000      0.00000000
 -0.03940000  0.41411602E+02  0.34970921E+00      0.00000000      0.00000000
 -0.03920000  0.41767220E+02  0.35539028E+00      0.00000000      0.00000000
 -0.03900000  0.42123798E+02  0.36130717E+00      0.00000000      0.00000000
 -0.03880000  0.42488155E+02  0.36743504E+00      0.00000000      0.00000000
 -0.03860000  0.42857525E+02  0.37386855E+00      0.00000000      0.00000000
 -0.03840000  0.43232319E+02  0.38028419E+00      0.00000000      0.00000000
 -0.03820000  0.43614250E+02  0.38680637E+00      0.00000000      0.00000000
 -0.03800000  0.44001068E+02  0.39360353E+00      0.00000000      0.00000000
 -0.03780000  0.44398849E+02  0.40059191E+00      0.00000000      0.00000000
 -0.03760000  0.44801754E+02  0.40786791E+00      0.00000000      0.00000000
 -0.03740000  0.45213314E+02  0.41502100E+00      0.00000000      0.00000000
 -0.03720000  0.45632847E+02  0.42271966E+00      0.00000000      0.00000000
 -0.03700000  0.46057220E+02  0.43035734E+00      0.00000000      0.00000000
 -0.03680000  0.46495499E+02  0.43842834E+00      0.00000000      0.00000000
 -0.03660000  0.46945072E+02  0.44677335E+00      0.00000000      0.00000000
 -0.03640000  0.47393929E+02  0.45532763E+00      0.00000000      0.00000000
 -0.03620000  0.47856018E+02  0.46416527E+00      0.00000000      0.00000000
 -0.03600000  0.48326996E+02  0.47319049E+00      0.00000000      0.00000000
 -0.03580000  0.48805153E+02  0.48245293E+00      0.00000000      0.00000000
 -0.03560000  0.49285347E+02  0.49169809E+00      0.00000000      0.00000000
 -0.03540000  0.49782978E+02  0.50152862E+00      0.00000000      0.00000000
 -0.03520000  0.50294193E+02  0.51165777E+00      0.00000000      0.00000000
 -0.03500000  0.50810638E+02  0.52210999E+00      0.00000000      0.00000000
 -0.03480000  0.51337555E+02  0.53281218E+00      0.00000000      0.00000000
 -0.03460000  0.51874313E+02  0.54380798E+00      0.00000000      0.00000000
 -0.03440000  0.52421951E+02  0.55521506E+00      0.00000000      0.00000000
 -0.03420000  0.52985302E+02  0.56691569E+00      0.00000000      0.00000000
 -0.03400000  0.53562340E+02  0.57903969E+00      0.00000000      0.00000000
 -0.03380000  0.54143845E+02  0.59149921E+00      0.00000000      0.00000000
 -0.03360000  0.54734726E+02  0.60434932E+00      0.00000000      0.00000000
 -0.03340000  0.55340824E+02  0.61761802E+00      0.00000000      0.00000000
 -0.03320000  0.55963066E+02  0.63138676E+00      0.00000000      0.00000000
 -0.03300000  0.56606468E+02  0.64580512E+00      0.00000000      0.00000000
 -0.03280000  0.57258316E+02  0.66093457E+00      0.00000000      0.00000000
 -0.03260000  0.57934982E+02  0.67613947E+00      0.00000000      0.00000000
 -0.03240000  0.58623013E+02  0.69203424E+00      0.00000000      0.00000000
 -0.03220000  0.59325687E+02  0.70876533E+00      0.00000000      0.00000000
 -0.03200000  0.60038326E+02  0.72548163E+00      0.00000000      0.00000000
 -0.03180000  0.60765221E+02  0.74290276E+00      0.00000000      0.00000000
 -0.03160000  0.61516842E+02  0.76121980E+00      0.00000000      0.00000000
 -0.03140000  0.62285183E+02  0.77998090E+00      0.00000000      0.00000000
 -0.03120000  0.63075195E+02  0.79986286E+00      0.00000000      0.00000000
 -0.03100000  0.63877979E+02  0.81985831E+00      0.00000000      0.00000000
 -0.03080000  0.64715553E+02  0.84163851E+00      0.00000000      0.00000000
 -0.03060000  0.65574188E+02  0.86391222E+00      0.00000000      0.00000000
 -0.03040000  0.66443520E+02  0.88659590E+00      0.00000000      0.00000000
 -0.03020000  0.67344421E+02  0.91084361E+00      0.00000000      0.00000000
 -0.03000000  0.68267532E+02  0.93585503E+00      0.00000000      0.00000000
 -0.02980000  0.69208908E+02  0.96130544E+00      0.00000000      0.00000000
 -0.02960000  0.70193245E+02  0.98873627E+00      0.00000000      0.00000000
 -0.02940000  0.71198357E+02  0.10173019E+01      0.00000000      0.00000000
 -0.02920000  0.72221992E+02  0.10464867E+01      0.00000000      0.00000000
 -0.02900000  0.73287148E+02  0.10774612E+01      0.00000000      0.00000000
 -0.02880000  0.74380554E+02  0.11095812E+01      0.00000000      0.00000000
 -0.02860000  0.75501511E+02  0.11432536E+01      0.00000000      0.00000000
 -0.02840000  0.76658066E+02  0.11783135E+01      0.00000000      0.00000000
 -0.02820000  0.77848152E+02  0.12148986E+01      0.00000000      0.00000000
 -0.02800000  0.79082710E+02  0.12539244E+01      0.00000000      0.00000000
 -0.02780000  0.80355194E+02  0.12942197E+01      0.00000000      0.00000000
 -0.02760000  0.81670044E+02  0.13365865E+01      0.00000000      0.00000000
 -0.02740000  0.83027954E+02  0.13809906E+01      0.00000000      0.00000000
 -0.02720000  0.84438950E+02  0.14284513E+01      0.00000000      0.00000000
 -0.02700000  0.85890015E+02  0.14788711E+01      0.00000000      0.00000000
 -0.02680000  0.87390076E+02  0.15304469E+01      0.00000000      0.00000000
 -0.02660000  0.88946495E+02  0.15854037E+01      0.00000000      0.00000000
 -0.02640000  0.90556335E+02  0.16434102E+01      0.00000000      0.00000000
 -0.02620000  0.92210571E+02  0.17048135E+01      0.00000000      0.00000000
 -0.02600000  0.93959259E+02  0.17693632E+01      0.00000000      0.00000000
 -0.02580000  0.95765045E+02  0.18383998E+01      0.00000000      0.00000000
 -0.02560000  0.97606827E+02  0.19104371E+01      0.00000000      0.00000000
 -0.02540000  0.99569740E+02  0.19893831E+01      0.00000000      0.00000000
 -0.02520000  0.10159480E+03  0.20718148E+01      0.00000000      0.00000000
 -0.02500000  0.10370947E+03  0.21584268E+01      0.00000000      0.00000000
 -0.02480000  0.10591682E+03  0.22527766E+01      0.00000000      0.00000000
 -0.02460000  0.10822774E+03  0.23523331E+01      0.00000000      0.00000000
 -0.02440000  0.11063802E+03  0.24595776E+01      0.00000000      0.00000000
 -0.02420000  0.11314848E+03  0.25746703E+01      0.00000000      0.00000000
 -0.02400000  0.11577774E+03  0.26963978E+01      0.00000000      0.00000000
 -0.02380000  0.11855324E+03  0.28291578E+01      0.00000000      0.00000000
 -0.02360000  0.12148660E+03  0.29733791E+01      0.00000000      0.00000000
 -0.02340000  0.12450185E+03  0.31257405E+01      0.00000000      0.00000000
 -0.02320000  0.12771378E+03  0.32915878E+01      0.00000000      0.00000000
 -0.02300000  0.13110217E+03  0.34714069E+01      0.00000000      0.00000000
 -0.02280000  0.13467285E+03  0.36665270E+01      0.00000000      0.00000000
 -0.02260000  0.13841182E+03  0.38794630E+01      0.00000000      0.00000000
 -0.02240000  0.14237695E+03  0.41107349E+01      0.00000000      0.00000000
 -0.02220000  0.14665788E+03  0.43699646E+01      0.00000000      0.00000000
 -0.02200000  0.15111343E+03  0.46471882E+01      0.00000000      0.00000000
 -0.02180000  0.15591644E+03  0.49564629E+01      0.00000000      0.00000000
 -0.02160000  0.16099112E+03  0.52971363E+01      0.00000000      0.00000000
 -0.02140000  0.16640598E+03  0.56717067E+01      0.00000000      0.00000000
 -0.02120000  0.17230124E+03  0.60991983E+01      0.00000000      0.00000000
 -0.02100000  0.17862120E+03  0.65751786E+01      0.00000000      0.00000000
 -0.02080000  0.18540881E+03  0.71115952E+01      0.00000000      0.00000000
 -0.02060000  0.19291960E+03  0.77321210E+01      0.00000000      0.00000000
 -0.02040000  0.20100537E+03  0.84324646E+01      0.00000000      0.00000000
 -0.02020000  0.20973013E+03  0.92283754E+01      0.00000000      0.00000000
 -0.02000000  0.21944089E+03  0.10169380E+02      0.00000000      0.00000000
 -0.01980000  0.22998793E+03  0.11256638E+02      0.00000000      0.00000000
 -0.01960000  0.24190382E+03  0.12551600E+02      0.00000000      0.00000000
 -0.01940000  0.25501347E+03  0.14081905E+02      0.00000000      0.00000000
 -0.01920000  0.27007809E+03  0.15979663E+02      0.00000000      0.00000000
 -0.01900000  0.28680856E+03  0.18267822E+02      0.00000000      0.00000000
 -0.01880000  0.30614261E+03  0.21154129E+02      0.00000000      0.00000000
 -0.01860000  0.32897324E+03  0.24931334E+02      0.00000000      0.00000000
 -0.01840000  0.35577167E+03  0.29898315E+02      0.00000000      0.00000000
 -0.01820000  0.38791959E+03  0.36653542E+02      0.00000000      0.00000000
 -0.01800000  0.42828265E+03  0.46527634E+02      0.00000000      0.00000000
 -0.01780000  0.47915060E+03  0.61449871E+02      0.00000000      0.00000000
 -0.01760000  0.54709467E+03  0.86322266E+02      0.00000000      0.00000000
 -0.01740000  0.64125580E+03  0.13209630E+03      0.00000000      0.00000000
 -0.01720000  0.78082593E+03  0.23395326E+03      0.00000000      0.00000000
 -0.01700000  0.96425891E+03  0.51604364E+03      0.00000000      0.00000000
 -0.01680000  0.72308325E+03  0.12408086E+04      0.00000000      0.00000000
 -0.01660000 -0.17980615E+03  0.92417468E+03      0.00000000      0.00000000
 -0.01640000 -0.64233322E+02  0.42148663E+03      0.00000000      0.00000000
 -0.01620000  0.18043088E+03  0.30212247E+03      0.00000000      0.00000000
 -0.01600000  0.42417261E+03  0.36747614E+03      0.00000000      0.00000000
 -0.01580000  0.63945410E+03  0.72156982E+03      0.00000000      0.00000000
 -0.01560000  0.72252197E+02  0.13667971E+04      0.00000000      0.00000000
 -0.01540000 -0.51439124E+03  0.72599121E+03      0.00000000      0.00000000
 -0.01520000 -0.31766367E+03  0.34505728E+03      0.00000000      0.00000000
 -0.01500000 -0.10356435E+03  0.23424881E+03      0.00000000      0.00000000
 -0.01480000  0.90552711E+02  0.22448651E+03      0.00000000      0.00000000
 -0.01460000  0.30009967E+03  0.30491125E+03      0.00000000      0.00000000
 -0.01440000  0.52871271E+03  0.58637842E+03      0.00000000      0.00000000
 -0.01420000  0.28102219E+03  0.13122356E+04      0.00000000      0.00000000
 -0.01400000 -0.55939923E+03  0.94128577E+03      0.00000000      0.00000000
 -0.01380000 -0.37726898E+03  0.48790997E+03      0.00000000      0.00000000
 -0.01360000 -0.76698715E+02  0.47799634E+03      0.00000000      0.00000000
 -0.01340000  0.11423033E+03  0.89827612E+03      0.00000000      0.00000000
 -0.01320000 -0.70371002E+03  0.13145573E+04      0.00000000      0.00000000
 -0.01300000 -0.10281625E+04  0.57894342E+03      0.00000000      0.00000000
 -0.01280000 -0.83485864E+03  0.25792743E+03      0.00000000      0.00000000
 -0.01260000 -0.68389209E+03  0.14503015E+03      0.00000000      0.00000000
 -0.01240000 -0.58071655E+03  0.94086655E+02      0.00000000      0.00000000
 -0.01220000 -0.50669119E+03  0.66678932E+02      0.00000000      0.00000000
 -0.01200000 -0.45184546E+03  0.50381050E+02      0.00000000      0.00000000
 -0.01180000 -0.40867896E+03  0.39664120E+02      0.00000000      0.00000000
 -0.01160000 -0.37410071E+03  0.32270519E+02      0.00000000      0.00000000
 -0.01140000 -0.34539478E+03  0.26847921E+02      0.00000000      0.00000000
 -0.01120000 -0.32089777E+03  0.22715843E+02      0.00000000      0.00000000
 -0.01100000 -0.30018079E+03  0.19563538E+02      0.00000000      0.00000000
 -0.01080000 -0.28183066E+03  0.17008564E+02      0.00000000      0.00000000
 -0.01060000 -0.26582568E+03  0.14958706E+02      0.00000000      0.00000000
 -0.01040000 -0.25180429E+03  0.13282146E+02      0.00000000      0.00000000
 -0.01020000 -0.23937692E+03  0.11901215E+02      0.00000000      0.00000000
 -0.01000000 -0.22803287E+03  0.10717452E+02      0.00000000      0.00000000
 -0.00980000 -0.21781857E+03  0.97151814E+01      0.00000000      0.00000000
 -0.00960000 -0.20866925E+03  0.88629551E+01      0.00000000      0.00000000
 -0.00940000 -0.20040442E+03  0.81312571E+01      0.00000000      0.00000000
 -0.00920000 -0.19263882E+03  0.74810295E+01      0.00000000      0.00000000
 -0.00900000 -0.18548659E+03  0.69037962E+01      0.00000000      0.00000000
 -0.00880000 -0.17890025E+03  0.63951397E+01      0.00000000      0.00000000
 -0.00860000 -0.17280922E+03  0.59453669E+01      0.00000000      0.00000000
 -0.00840000 -0.16708559E+03  0.55410156E+01      0.00000000      0.00000000
 -0.00820000 -0.16172473E+03  0.51748476E+01      0.00000000      0.00000000
 -0.00800000 -0.15665698E+03  0.48414474E+01      0.00000000      0.00000000
 -0.00780000 -0.15197705E+03  0.45435762E+01      0.00000000      0.00000000
 -0.00760000 -0.14759882E+03  0.42759199E+01      0.00000000      0.00000000
 -0.00740000 -0.14344508E+03  0.40280390E+01      0.00000000      0.00000000
 -0.00720000 -0.13950082E+03  0.38023701E+01      0.00000000      0.00000000
 -0.00700000 -0.13583502E+03  0.35980039E+01      0.00000000      0.00000000
 -0.00680000 -0.13234222E+03  0.34089048E+01      0.00000000      0.00000000
 -0.00660000 -0.12901080E+03  0.32336361E+01      0.00000000      0.00000000
 -0.00640000 -0.12584535E+03  0.30717506E+01      0.00000000      0.00000000
 -0.00620000 -0.12285315E+03  0.29217424E+01      0.00000000      0.00000000
 -0.00600000 -0.12003249E+03  0.27854404E+01      0.00000000      0.00000000
 -0.00580000 -0.11732745E+03  0.26563718E+01      0.00000000      0.00000000
 -0.00560000 -0.11472292E+03  0.25366249E+01      0.00000000      0.00000000
 -0.00540000 -0.11223551E+03  0.24252772E+01      0.00000000      0.00000000
 -0.00520000 -0.10988402E+03  0.23216798E+01      0.00000000      0.00000000
 -0.00500000 -0.10761817E+03  0.22247007E+01      0.00000000      0.00000000
 -0.00480000 -0.10544999E+03  0.21322298E+01      0.00000000      0.00000000
 -0.00460000 -0.10334850E+03  0.20463634E+01      0.00000000      0.00000000
 -0.00440000 -0.10134187E+03  0.19652278E+01      0.00000000      0.00000000
 -0.00420000 -0.99413406E+02  0.18892717E+01      0.00000000      0.00000000
 -0.00400000 -0.97565994E+02  0.18182480E+01      0.00000000      0.00000000
 -0.00380000 -0.95776413E+02  0.17499981E+01      0.00000000      0.00000000
 -0.00360000 -0.94056847E+02  0.16857889E+01      0.00000000      0.00000000
 -0.00340000 -0.92412788E+02  0.16256585E+01      0.00000000      0.00000000
 -0.00320000 -0.90819824E+02  0.15687885E+01      0.00000000      0.00000000
 -0.00300000 -0.89265823E+02  0.15146174E+01      0.00000000      0.00000000
 -0.00280000 -0.87793930E+02  0.14629822E+01      0.00000000      0.00000000
 -0.00260000 -0.86346024E+02  0.14141978E+01      0.00000000      0.00000000
 -0.00240000 -0.84968452E+02  0.13684089E+01      0.00000000      0.00000000
 -0.00220000 -0.83636208E+02  0.13247803E+01      0.00000000      0.00000000
 -0.00200000 -0.82338997E+02  0.12827336E+01      0.00000000      0.00000000
 -0.00180000 -0.81069061E+02  0.12429929E+01      0.00000000      0.00000000
 -0.00160000 -0.79846603E+02  0.12051231E+01      0.00000000      0.00000000
 -0.00140000 -0.78666473E+02  0.11681784E+01      0.00000000      0.00000000
 -0.00120000 -0.77509018E+02  0.11336027E+01      0.00000000      0.00000000
 -0.00100000 -0.76398056E+02  0.11007611E+01      0.00000000      0.00000000
 -0.00080000 -0.75310318E+02  0.10684292E+01      0.00000000      0.00000000
 -0.00060000 -0.74258667E+02  0.10380257E+01      0.00000000      0.00000000
 -0.00040000 -0.73229210E+02  0.10085782E+01      0.00000000      0.00000000
 -0.00020000 -0.72228767E+02  0.98060077E+00      0.00000000      0.00000000
  0.00000000 -0.71260201E+02  0.95392436E+00      0.00000000      0.00000000
  0.00020000 -0.70322212E+02  0.92860150E+00      0.00000000      0.00000000
  0.00040000 -0.69400925E+02  0.90385610E+00      0.00000000      0.00000000
  0.00060000 -0.68505188E+02  0.87965047E+00      0.00000000      0.00000000
  0.00080000 -0.67633347E+02  0.85687971E+00      0.00000000      0.00000000
  0.00100000 -0.66790947E+02  0.83538610E+00      0.00000000      0.00000000
  0.00120000 -0.65967140E+02  0.81463838E+00      0.00000000      0.00000000
  0.00140000 -0.65166382E+02  0.79406023E+00      0.00000000      0.00000000
  0.00160000 -0.64377800E+02  0.77444983E+00      0.00000000      0.00000000
  0.00180000 -0.63615955E+02  0.75574273E+00      0.00000000      0.00000000
  0.00200000 -0.62869061E+02  0.73786634E+00      0.00000000      0.00000000
  0.00220000 -0.62131050E+02  0.72035217E+00      0.00000000      0.00000000
  0.00240000 -0.61423958E+02  0.70353973E+00      0.00000000      0.00000000
  0.00260000 -0.60731331E+02  0.68727458E+00      0.00000000      0.00000000
  0.00280000 -0.60051613E+02  0.67126954E+00      0.00000000      0.00000000
  0.00300000 -0.59387691E+02  0.65649027E+00      0.00000000      0.00000000
  0.00320000 -0.58735413E+02  0.64178389E+00      0.00000000      0.00000000
  0.00340000 -0.58101387E+02  0.62775439E+00      0.00000000      0.00000000
  0.00360000 -0.57478226E+02  0.61364847E+00      0.00000000      0.00000000
  0.00380000 -0.56872902E+02  0.60058725E+00      0.00000000      0.00000000
  0.00400000 -0.56273800E+02  0.58766150E+00      0.00000000      0.00000000
  0.00420000 -0.55689606E+02  0.57522547E+00      0.00000000      0.00000000
  0.00440000 -0.55122658E+02  0.56307125E+00      0.00000000      0.00000000
  0.00460000 -0.54564175E+02  0.55123276E+00      0.00000000      0.00000000
  0.00480000 -0.54023167E+02  0.54027468E+00      0.00000000      0.00000000
  0.00500000 -0.53491215E+02  0.52957040E+00      0.00000000      0.00000000
  0.00520000 -0.52965309E+02  0.51888204E+00      0.00000000      0.00000000
  0.00540000 -0.52452385E+02  0.50854796E+00      0.00000000      0.00000000
  0.00560000 -0.51945431E+02  0.49865937E+00      0.00000000      0.00000000
  0.00580000 -0.51454491E+02  0.48883903E+00      0.00000000      0.00000000
  0.00600000 -0.50974022E+02  0.47949791E+00      0.00000000      0.00000000
  0.00620000 -0.50497189E+02  0.47042382E+00      0.00000000      0.00000000
  0.00640000 -0.50032398E+02  0.46139586E+00      0.00000000      0.00000000
  0.00660000 -0.49579628E+02  0.45283902E+00      0.00000000      0.00000000
  0.00680000 -0.49137512E+02  0.44436884E+00      0.00000000      0.00000000
  0.00700000 -0.48693233E+02  0.43628311E+00      0.00000000      0.00000000
  0.00720000 -0.48254513E+02  0.42831469E+00      0.00000000      0.00000000
  0.00740000 -0.47823639E+02  0.42061472E+00      0.00000000      0.00000000
  0.00760000 -0.47409134E+02  0.41307890E+00      0.00000000      0.00000000
  0.00780000 -0.47004082E+02  0.40576673E+00      0.00000000      0.00000000
  0.00800000 -0.46604836E+02  0.39866900E+00      0.00000000      0.00000000
  0.00820000 -0.46205002E+02  0.39153910E+00      0.00000000      0.00000000
  0.00840000 -0.45818810E+02  0.38492918E+00      0.00000000      0.00000000
  0.00860000 -0.45438087E+02  0.37830448E+00      0.00000000      0.00000000
  0.00880000 -0.45061897E+02  0.37187052E+00      0.00000000      0.00000000
  0.00900000 -0.44688652E+02  0.36553574E+00      0.00000000      0.00000000
  0.00920000 -0.44328583E+02  0.35955429E+00      0.00000000      0.00000000
  0.00940000 -0.43974045E+02  0.35359764E+00      0.00000000      0.00000000
  0.00960000 -0.43622314E+02  0.34779692E+00      0.00000000      0.00000000
  0.00980000 -0.43277893E+02  0.34208250E+00      0.00000000      0.00000000
  0.01000000 -0.42938599E+02  0.33665037E+00      0.00000000      0.00000000
  0.01020000 -0.42606758E+02  0.33134699E+00      0.00000000      0.00000000
  0.01040000 -0.42276978E+02  0.32606936E+00      0.00000000      0.00000000
  0.01060000 -0.41953522E+02  0.32086563E+00      0.00000000      0.00000000
  0.01080000 -0.41633751E+02  0.31594086E+00      0.00000000      0.00000000
  0.01100000 -0.41321182E+02  0.31088829E+00      0.00000000      0.00000000
  0.01120000 -0.41013474E+02  0.30624866E+00      0.00000000      0.00000000
  0.01140000 -0.40706070E+02  0.30146408E+00      0.00000000      0.00000000
  0.01160000 -0.40410172E+02  0.29690933E+00      0.00000000      0.00000000
  0.01180000 -0.40118805E+02  0.29260063E+00      0.00000000      0.00000000
  0.01200000 -0.39827744E+02  0.28810501E+00      0.00000000      0.00000000
  0.01220000 -0.39543839E+02  0.28399277E+00      0.00000000      0.00000000
  0.01240000 -0.39260376E+02  0.27982330E+00      0.00000000      0.00000000
  0.01260000 -0.38983490E+02  0.27561188E+00      0.00000000      0.00000000
  0.01280000 -0.38708344E+02  0.27168274E+00      0.00000000      0.00000000
  0.01300000 -0.38437164E+02  0.26773071E+00      0.00000000      0.00000000
  0.01320000 -0.38174072E+02  0.26397705E+00      0.00000000      0.00000000
  0.01340000 -0.37910736E+02  0.26019287E+00      0.00000000      0.00000000
  0.01360000 -0.37656052E+02  0.25654602E+00      0.00000000      0.00000000
  0.01380000 -0.37401993E+02  0.25302124E+00      0.00000000      0.00000000
  0.01400000 -0.37150238E+02  0.24942017E+00      0.00000000      0.00000000
  0.01420000 -0.36901245E+02  0.24603271E+00      0.00000000      0.00000000
  0.01440000 -0.36657242E+02  0.24273682E+00      0.00000000      0.00000000
  0.01460000 -0.36413528E+02  0.23934937E+00      0.00000000      0.00000000
  0.01480000 -0.36174435E+02  0.23611450E+00      0.00000000      0.00000000
  0.01500000 -0.35942886E+02  0.23291016E+00      0.00000000      0.00000000
  0.01520000 -0.35709930E+02  0.22970581E+00      0.00000000      0.00000000
  0.01540000 -0.35481750E+02  0.22665405E+00      0.00000000      0.00000000
  0.01560000 -0.35255619E+02  0.22381592E+00      0.00000000      0.00000000
  0.01580000 -0.35032043E+02  0.22082520E+00      0.00000000      0.00000000
  0.01600000 -0.34812759E+02  0.21791077E+00      0.00000000      0.00000000
  0.01619999 -0.34596642E+02  0.21508789E+00      0.00000000      0.00000000
  0.01640000 -0.34379490E+02  0.21228027E+00      0.00000000      0.00000000
  0.01660000 -0.34170074E+02  0.20959473E+00      0.00000000      0.00000000
  0.01680000 -0.33961945E+02  0.20703125E+00      0.00000000      0.00000000
  0.01700000 -0.33757019E+02  0.20437622E+00      0.00000000      0.00000000
  0.01720000 -0.33553741E+02  0.20195007E+00      0.00000000      0.00000000
  0.01740000 -0.33353333E+02  0.19947052E+00      0.00000000      0.00000000
  0.01760000 -0.33155914E+02  0.19697952E+00      0.00000000      0.00000000
  0.01780000 -0.32960297E+02  0.19454193E+00      0.00000000      0.00000000
  0.01800000 -0.32766129E+02  0.19209671E+00      0.00000000      0.00000000
  0.01820000 -0.32577744E+02  0.18982315E+00      0.00000000      0.00000000
  0.01840000 -0.32388458E+02  0.18745327E+00      0.00000000      0.00000000
  0.01860000 -0.32202560E+02  0.18523884E+00      0.00000000      0.00000000
  0.01880000 -0.32017181E+02  0.18307781E+00      0.00000000      0.00000000
  0.01900000 -0.31835075E+02  0.18097782E+00      0.00000000      0.00000000
  0.01920000 -0.31655380E+02  0.17875481E+00      0.00000000      0.00000000
  0.01940000 -0.31477058E+02  0.17665005E+00      0.00000000      0.00000000
  0.01960000 -0.31303703E+02  0.17456436E+00      0.00000000      0.00000000
  0.01980000 -0.31131386E+02  0.17273569E+00      0.00000000      0.00000000
  0.02000000 -0.30958595E+02  0.17073727E+00      0.00000000      0.00000000
  0.02020000 -0.30789932E+02  0.16871500E+00      0.00000000      0.00000000
  0.02040000 -0.30622635E+02  0.16675520E+00      0.00000000      0.00000000
  0.02060000 -0.30457565E+02  0.16489196E+00      0.00000000      0.00000000
  0.02080000 -0.30292740E+02  0.16310740E+00      0.00000000      0.00000000
  0.02100000 -0.30129608E+02  0.16120172E+00      0.00000000      0.00000000
  0.02120000 -0.29970497E+02  0.15948153E+00      0.00000000      0.00000000
  0.02140000 -0.29813957E+02  0.15773726E+00      0.00000000      0.00000000
  0.02160000 -0.29657158E+02  0.15593362E+00      0.00000000      0.00000000
  0.02180000 -0.29502369E+02  0.15430474E+00      0.00000000      0.00000000
  0.02200000 -0.29349373E+02  0.15262508E+00      0.00000000      0.00000000
  0.02220000 -0.29196476E+02  0.15095186E+00      0.00000000      0.00000000
  0.02240000 -0.29044361E+02  0.14929295E+00      0.00000000      0.00000000
  0.02260000 -0.28895645E+02  0.14775646E+00      0.00000000      0.00000000
  0.02280000 -0.28746010E+02  0.14620447E+00      0.00000000      0.00000000
  0.02300000 -0.28599461E+02  0.14457071E+00      0.00000000      0.00000000
  0.02320000 -0.28456093E+02  0.14300036E+00      0.00000000      0.00000000
  0.02340000 -0.28314552E+02  0.14153457E+00      0.00000000      0.00000000
  0.02360000 -0.28172539E+02  0.14010978E+00      0.00000000      0.00000000
  0.02380000 -0.28033859E+02  0.13860345E+00      0.00000000      0.00000000
  0.02400000 -0.27895439E+02  0.13718009E+00      0.00000000      0.00000000
  0.02420000 -0.27759613E+02  0.13577867E+00      0.00000000      0.00000000
  0.02440000 -0.27622765E+02  0.13436234E+00      0.00000000      0.00000000
  0.02460000 -0.27490273E+02  0.13307738E+00      0.00000000      0.00000000
  0.02480000 -0.27357899E+02  0.13174808E+00      0.00000000      0.00000000
  0.02500000 -0.27228493E+02  0.13040841E+00      0.00000000      0.00000000
  0.02520000 -0.27097469E+02  0.12911028E+00      0.00000000      0.00000000
  0.02540000 -0.26968048E+02  0.12776536E+00      0.00000000      0.00000000
  0.02560000 -0.26840736E+02  0.12648934E+00      0.00000000      0.00000000
  0.02580000 -0.26714909E+02  0.12527698E+00      0.00000000      0.00000000
  0.02600000 -0.26590851E+02  0.12403613E+00      0.00000000      0.00000000
  0.02620000 -0.26466908E+02  0.12273002E+00      0.00000000      0.00000000
  0.02640000 -0.26344166E+02  0.12161613E+00      0.00000000      0.00000000
  0.02660000 -0.26223717E+02  0.12045681E+00      0.00000000      0.00000000
  0.02680000 -0.26102942E+02  0.11929655E+00      0.00000000      0.00000000
  0.02700000 -0.25985315E+02  0.11814928E+00      0.00000000      0.00000000
  0.02720000 -0.25868830E+02  0.11706889E+00      0.00000000      0.00000000
  0.02740000 -0.25753284E+02  0.11596423E+00      0.00000000      0.00000000
  0.02760000 -0.25637928E+02  0.11486220E+00      0.00000000      0.00000000
  0.02780000 -0.25521967E+02  0.11376184E+00      0.00000000      0.00000000
  0.02800000 -0.25408491E+02  0.11271477E+00      0.00000000      0.00000000
  0.02820000 -0.25296368E+02  0.11166835E+00      0.00000000      0.00000000
  0.02840000 -0.25184887E+02  0.11060137E+00      0.00000000      0.00000000
  0.02860000 -0.25075697E+02  0.10955441E+00      0.00000000      0.00000000
  0.02880000 -0.24967361E+02  0.10852569E+00      0.00000000      0.00000000
  0.02900000 -0.24858475E+02  0.10755453E+00      0.00000000      0.00000000
  0.02920000 -0.24750837E+02  0.10658798E+00      0.00000000      0.00000000
  0.02940000 -0.24645752E+02  0.10567766E+00      0.00000000      0.00000000
  0.02959999 -0.24540358E+02  0.10473886E+00      0.00000000      0.00000000
  0.02980000 -0.24437147E+02  0.10379282E+00      0.00000000      0.00000000
  0.03000000 -0.24331926E+02  0.10287869E+00      0.00000000      0.00000000
  0.03020000 -0.24229740E+02  0.10194263E+00      0.00000000      0.00000000
  0.03040000 -0.24127256E+02  0.10099319E+00      0.00000000      0.00000000
  0.03060000 -0.24029230E+02  0.10008711E+00      0.00000000      0.00000000
  0.03080000 -0.23928186E+02  0.99207729E-01      0.00000000      0.00000000
  0.03100000 -0.23828953E+02  0.98376274E-01      0.00000000      0.00000000
  0.03120000 -0.23731689E+02  0.97510070E-01      0.00000000      0.00000000
  0.03140000 -0.23634790E+02  0.96731246E-01      0.00000000      0.00000000
  0.03160000 -0.23538237E+02  0.95896184E-01      0.00000000      0.00000000
  0.03179999 -0.23443470E+02  0.95033467E-01      0.00000000      0.00000000
  0.03200001 -0.23348833E+02  0.94202399E-01      0.00000000      0.00000000
  0.03220000 -0.23254890E+02  0.93403578E-01      0.00000000      0.00000000
  0.03240000 -0.23162647E+02  0.92625439E-01      0.00000000      0.00000000
  0.03260000 -0.23070055E+02  0.91871738E-01      0.00000000      0.00000000
  0.03280000 -0.22978653E+02  0.91087401E-01      0.00000000      0.00000000
  0.03300000 -0.22888308E+02  0.90306371E-01      0.00000000      0.00000000
  0.03320000 -0.22798187E+02  0.89553028E-01      0.00000000      0.00000000
  0.03340000 -0.22709789E+02  0.88836163E-01      0.00000000      0.00000000
  0.03360000 -0.22622345E+02  0.88128358E-01      0.00000000      0.00000000
  0.03380000 -0.22533806E+02  0.87371677E-01      0.00000000      0.00000000
  0.03399999 -0.22446968E+02  0.86636558E-01      0.00000000      0.00000000
  0.03420001 -0.22360462E+02  0.85901633E-01      0.00000000      0.00000000
  0.03440000 -0.22274067E+02  0.85219875E-01      0.00000000      0.00000000
  0.03460000 -0.22188808E+02  0.84546283E-01      0.00000000      0.00000000
  0.03479999 -0.22103828E+02  0.83819449E-01      0.00000000      0.00000000
  0.03500000 -0.22021034E+02  0.83172590E-01      0.00000000      0.00000000
  0.03520000 -0.21938450E+02  0.82535699E-01      0.00000000      0.00000000
  0.03540000 -0.21856310E+02  0.81889257E-01      0.00000000      0.00000000
  0.03560000 -0.21774658E+02  0.81204861E-01      0.00000000      0.00000000
  0.03580000 -0.21693306E+02  0.80624342E-01      0.00000000      0.00000000
  0.03600000 -0.21613951E+02  0.79979882E-01      0.00000000      0.00000000
  0.03619999 -0.21535343E+02  0.79284921E-01      0.00000000      0.00000000
  0.03640000 -0.21456453E+02  0.78700647E-01      0.00000000      0.00000000
  0.03660000 -0.21377867E+02  0.78088567E-01      0.00000000      0.00000000
  0.03680000 -0.21299862E+02  0.77470705E-01      0.00000000      0.00000000
  0.03700000 -0.21222366E+02  0.76839969E-01      0.00000000      0.00000000
  0.03720000 -0.21146355E+02  0.76223940E-01      0.00000000      0.00000000
  0.03740000 -0.21069702E+02  0.75665355E-01      0.00000000      0.00000000
  0.03760000 -0.20994282E+02  0.75132951E-01      0.00000000      0.00000000
  0.03780000 -0.20919647E+02  0.74537888E-01      0.00000000      0.00000000
  0.03800000 -0.20844395E+02  0.73946595E-01      0.00000000      0.00000000
  0.03820000 -0.20770479E+02  0.73412761E-01      0.00000000      0.00000000
  0.03839999 -0.20697437E+02  0.72852343E-01      0.00000000      0.00000000
  0.03860000 -0.20625528E+02  0.72306231E-01      0.00000000      0.00000000
  0.03880000 -0.20553211E+02  0.71783364E-01      0.00000000      0.00000000
  0.03900000 -0.20481117E+02  0.71243033E-01      0.00000000      0.00000000
  0.03920000 -0.20410137E+02  0.70715830E-01      0.00000000      0.00000000
  0.03940000 -0.20340221E+02  0.70222393E-01      0.00000000      0.00000000
  0.03960000 -0.20270596E+02  0.69664583E-01      0.00000000      0.00000000
  0.03980000 -0.20202013E+02  0.69167346E-01      0.00000000      0.00000000
  0.04000000 -0.20132544E+02  0.68639994E-01      0.00000000      0.00000000
  0.04020000 -0.20064075E+02  0.68150684E-01      0.00000000      0.00000000
  0.04040000 -0.19995564E+02  0.67634985E-01      0.00000000      0.00000000
  0.04060000 -0.19928413E+02  0.67140460E-01      0.00000000      0.00000000
  0.04080000 -0.19861168E+02  0.66664360E-01      0.00000000      0.00000000
  0.04100000 -0.19795109E+02  0.66183642E-01      0.00000000      0.00000000
  0.04120000 -0.19729809E+02  0.65746963E-01      0.00000000      0.00000000
  0.04140000 -0.19664188E+02  0.65268770E-01      0.00000000      0.00000000
  0.04160000 -0.19599426E+02  0.64790830E-01      0.00000000      0.00000000
  0.04180000 -0.19534025E+02  0.64355709E-01      0.00000000      0.00000000
  0.04200000 -0.19470764E+02  0.63906431E-01      0.00000000      0.00000000
  0.04220000 -0.19406261E+02  0.63445546E-01      0.00000000      0.00000000
  0.04240000 -0.19343918E+02  0.62991545E-01      0.00000000      0.00000000
  0.04260000 -0.19281216E+02  0.62588900E-01      0.00000000      0.00000000
  0.04280000 -0.19219454E+02  0.62149681E-01      0.00000000      0.00000000
  0.04300000 -0.19157494E+02  0.61704233E-01      0.00000000      0.00000000
  0.04320000 -0.19096115E+02  0.61287798E-01      0.00000000      0.00000000
  0.04340000 -0.19035425E+02  0.60842723E-01      0.00000000      0.00000000
  0.04360000 -0.18974300E+02  0.60419716E-01      0.00000000      0.00000000
  0.04380000 -0.18912931E+02  0.59982136E-01      0.00000000      0.00000000
  0.04400000 -0.18852734E+02  0.59586115E-01      0.00000000      0.00000000
  0.04420000 -0.18792679E+02  0.59172817E-01      0.00000000      0.00000000
  0.04440000 -0.18734184E+02  0.58776475E-01      0.00000000      0.00000000
  0.04460000 -0.18675915E+02  0.58384851E-01      0.00000000      0.00000000
  0.04480000 -0.18618315E+02  0.58019787E-01      0.00000000      0.00000000
  0.04500000 -0.18561054E+02  0.57646319E-01      0.00000000      0.00000000
  0.04520000 -0.18503139E+02  0.57252303E-01      0.00000000      0.00000000
  0.04539999 -0.18445759E+02  0.56853525E-01      0.00000000      0.00000000
  0.04560000 -0.18389141E+02  0.56469843E-01      0.00000000      0.00000000
  0.04580000 -0.18332668E+02  0.56071356E-01      0.00000000      0.00000000
  0.04600000 -0.18276857E+02  0.55735603E-01      0.00000000      0.00000000
  0.04620000 -0.18221096E+02  0.55373810E-01      0.00000000      0.00000000
  0.04640000 -0.18165199E+02  0.55007540E-01      0.00000000      0.00000000
  0.04660000 -0.18110275E+02  0.54631852E-01      0.00000000      0.00000000
  0.04680000 -0.18056780E+02  0.54257177E-01      0.00000000      0.00000000
  0.04700000 -0.18002676E+02  0.53918891E-01      0.00000000      0.00000000
  0.04720000 -0.17948776E+02  0.53606525E-01      0.00000000      0.00000000
  0.04740000 -0.17895514E+02  0.53248443E-01      0.00000000      0.00000000
  0.04759999 -0.17842628E+02  0.52901350E-01      0.00000000      0.00000000
  0.04780000 -0.17790266E+02  0.52545346E-01      0.00000000      0.00000000
  0.04800000 -0.17737387E+02  0.52198820E-01      0.00000000      0.00000000
  0.04820000 -0.17685257E+02  0.51895998E-01      0.00000000      0.00000000
  0.04840000 -0.17634602E+02  0.51578395E-01      0.00000000      0.00000000
  0.04860000 -0.17583218E+02  0.51252462E-01      0.00000000      0.00000000
  0.04880000 -0.17531237E+02  0.50912462E-01      0.00000000      0.00000000
  0.04899999 -0.17481274E+02  0.50609075E-01      0.00000000      0.00000000
  0.04920000 -0.17430809E+02  0.50301164E-01      0.00000000      0.00000000
  0.04940000 -0.17380138E+02  0.49960822E-01      0.00000000      0.00000000
  0.04960000 -0.17330276E+02  0.49622066E-01      0.00000000      0.00000000
  0.04979999 -0.17280821E+02  0.49316872E-01      0.00000000      0.00000000
  0.05000000 -0.17231323E+02  0.49022980E-01      0.00000000      0.00000000
  0.05020000 -0.17182606E+02  0.48718479E-01      0.00000000      0.00000000
  0.05040000 -0.17134420E+02  0.48394721E-01      0.00000000      0.00000000
  0.05060000 -0.17086269E+02  0.48098270E-01      0.00000000      0.00000000
  0.05080000 -0.17038174E+02  0.47831643E-01      0.00000000      0.00000000
  0.05100000 -0.16990005E+02  0.47535654E-01      0.00000000      0.00000000
  0.05119999 -0.16942766E+02  0.47266092E-01      0.00000000      0.00000000
  0.05140000 -0.16895718E+02  0.46988312E-01      0.00000000      0.00000000
  0.05160000 -0.16848862E+02  0.46685789E-01      0.00000000      0.00000000
  0.05180000 -0.16802494E+02  0.46414007E-01      0.00000000      0.00000000
  0.05199999 -0.16756216E+02  0.46137337E-01      0.00000000      0.00000000
  0.05220000 -0.16710102E+02  0.45861475E-01      0.00000000      0.00000000
  0.05240000 -0.16664328E+02  0.45580197E-01      0.00000000      0.00000000
  0.05260000 -0.16618834E+02  0.45288898E-01      0.00000000      0.00000000
  0.05280000 -0.16573477E+02  0.45015018E-01      0.00000000      0.00000000
  0.05300000 -0.16528664E+02  0.44743899E-01      0.00000000      0.00000000
  0.05320000 -0.16483793E+02  0.44478260E-01      0.00000000      0.00000000
  0.05339999 -0.16439535E+02  0.44206403E-01      0.00000000      0.00000000
  0.05360000 -0.16395601E+02  0.43966696E-01      0.00000000      0.00000000
  0.05380000 -0.16352058E+02  0.43729309E-01      0.00000000      0.00000000
  0.05400000 -0.16308208E+02  0.43470263E-01      0.00000000      0.00000000
  0.05420000 -0.16264629E+02  0.43193221E-01      0.00000000      0.00000000
  0.05440000 -0.16221458E+02  0.42938113E-01      0.00000000      0.00000000
  0.05460000 -0.16178677E+02  0.42711321E-01      0.00000000      0.00000000
  0.05480000 -0.16136265E+02  0.42494167E-01      0.00000000      0.00000000
  0.05500000 -0.16094316E+02  0.42231444E-01      0.00000000      0.00000000
  0.05520000 -0.16051788E+02  0.41985389E-01      0.00000000      0.00000000
  0.05540000 -0.16010105E+02  0.41717779E-01      0.00000000      0.00000000
  0.05560000 -0.15969116E+02  0.41498758E-01      0.00000000      0.00000000
  0.05580000 -0.15927488E+02  0.41265216E-01      0.00000000      0.00000000
  0.05600000 -0.15886115E+02  0.41012827E-01      0.00000000      0.00000000
  0.05620000 -0.15844765E+02  0.40781416E-01      0.00000000      0.00000000
  0.05640000 -0.15804155E+02  0.40542964E-01      0.00000000      0.00000000
  0.05660000 -0.15764267E+02  0.40340137E-01      0.00000000      0.00000000
  0.05680000 -0.15724231E+02  0.40100373E-01      0.00000000      0.00000000
  0.05700000 -0.15684482E+02  0.39872404E-01      0.00000000      0.00000000
  0.05720000 -0.15644274E+02  0.39656710E-01      0.00000000      0.00000000
  0.05740000 -0.15604693E+02  0.39445501E-01      0.00000000      0.00000000
  0.05760000 -0.15565762E+02  0.39241172E-01      0.00000000      0.00000000
  0.05780000 -0.15526332E+02  0.39007995E-01      0.00000000      0.00000000
  0.05800000 -0.15487366E+02  0.38754337E-01      0.00000000      0.00000000
  0.05819999 -0.15448609E+02  0.38563885E-01      0.00000000      0.00000000
  0.05840000 -0.15410677E+02  0.38393479E-01      0.00000000      0.00000000
  0.05860000 -0.15372675E+02  0.38157560E-01      0.00000000      0.00000000
  0.05880000 -0.15334370E+02  0.37972804E-01      0.00000000      0.00000000
  0.05900000 -0.15296514E+02  0.37736174E-01      0.00000000      0.00000000
  0.05920000 -0.15258982E+02  0.37539449E-01      0.00000000      0.00000000
  0.05940000 -0.15221352E+02  0.37354529E-01      0.00000000      0.00000000
  0.05960000 -0.15183919E+02  0.37165429E-01      0.00000000      0.00000000
  0.05980000 -0.15147251E+02  0.36928028E-01      0.00000000      0.00000000
  0.06000000 -0.15110373E+02  0.36725990E-01      0.00000000      0.00000000
  0.06020000 -0.15073799E+02  0.36541287E-01      0.00000000      0.00000000
  0.06039999 -0.15037149E+02  0.36353838E-01      0.00000000      0.00000000
  0.06060000 -0.15000685E+02  0.36140393E-01      0.00000000      0.00000000
  0.06080000 -0.14964475E+02  0.35934824E-01      0.00000000      0.00000000
  0.06100000 -0.14928726E+02  0.35748754E-01      0.00000000      0.00000000
  0.06119999 -0.14893268E+02  0.35556965E-01      0.00000000      0.00000000
  0.06140000 -0.14857562E+02  0.35370354E-01      0.00000000      0.00000000
  0.06160000 -0.14822775E+02  0.35191573E-01      0.00000000      0.00000000
  0.06180000 -0.14787724E+02  0.35005465E-01      0.00000000      0.00000000
  0.06200000 -0.14752664E+02  0.34824692E-01      0.00000000      0.00000000
  0.06220000 -0.14717903E+02  0.34639508E-01      0.00000000      0.00000000
  0.06240000 -0.14682944E+02  0.34462385E-01      0.00000000      0.00000000
  0.06259999 -0.14648193E+02  0.34267150E-01      0.00000000      0.00000000
  0.06280001 -0.14613956E+02  0.34115151E-01      0.00000000      0.00000000
  0.06300000 -0.14580276E+02  0.33933584E-01      0.00000000      0.00000000
  0.06320000 -0.14546694E+02  0.33753391E-01      0.00000000      0.00000000
  0.06339999 -0.14513240E+02  0.33577077E-01      0.00000000      0.00000000
  0.06360000 -0.14480199E+02  0.33405855E-01      0.00000000      0.00000000
  0.06380000 -0.14446759E+02  0.33226825E-01      0.00000000      0.00000000
  0.06400000 -0.14413700E+02  0.33052787E-01      0.00000000      0.00000000
  0.06420000 -0.14380395E+02  0.32880895E-01      0.00000000      0.00000000
  0.06440000 -0.14347733E+02  0.32706987E-01      0.00000000      0.00000000
  0.06460000 -0.14315043E+02  0.32549292E-01      0.00000000      0.00000000
  0.06479999 -0.14282341E+02  0.32398015E-01      0.00000000      0.00000000
  0.06500000 -0.14250026E+02  0.32239966E-01      0.00000000      0.00000000
  0.06520000 -0.14217815E+02  0.32063682E-01      0.00000000      0.00000000
  0.06540000 -0.14185755E+02  0.31907011E-01      0.00000000      0.00000000
  0.06559999 -0.14153698E+02  0.31751417E-01      0.00000000      0.00000000
  0.06580000 -0.14121885E+02  0.31594902E-01      0.00000000      0.00000000
  0.06600000 -0.14090571E+02  0.31433515E-01      0.00000000      0.00000000
  0.06620000 -0.14059190E+02  0.31265832E-01      0.00000000      0.00000000
  0.06640000 -0.14027885E+02  0.31131146E-01      0.00000000      0.00000000
  0.06660000 -0.13997042E+02  0.30971177E-01      0.00000000      0.00000000
  0.06680001 -0.13966031E+02  0.30814268E-01      0.00000000      0.00000000
  0.06699999 -0.13935463E+02  0.30655419E-01      0.00000000      0.00000000
  0.06720000 -0.13904894E+02  0.30499959E-01      0.00000000      0.00000000
  0.06739999 -0.13874310E+02  0.30372918E-01      0.00000000      0.00000000
  0.06760000 -0.13843966E+02  0.30223195E-01      0.00000000      0.00000000
  0.06780000 -0.13813795E+02  0.30062590E-01      0.00000000      0.00000000
  0.06800000 -0.13784004E+02  0.29920440E-01      0.00000000      0.00000000
  0.06820000 -0.13754154E+02  0.29775130E-01      0.00000000      0.00000000
  0.06840000 -0.13724344E+02  0.29651627E-01      0.00000000      0.00000000
  0.06859999 -0.13694860E+02  0.29500272E-01      0.00000000      0.00000000
  0.06880000 -0.13665319E+02  0.29342055E-01      0.00000000      0.00000000
  0.06900001 -0.13636256E+02  0.29200880E-01      0.00000000      0.00000000
  0.06919999 -0.13607014E+02  0.29064104E-01      0.00000000      0.00000000
  0.06940000 -0.13578143E+02  0.28932879E-01      0.00000000      0.00000000
  0.06960000 -0.13549006E+02  0.28770164E-01      0.00000000      0.00000000
  0.06980000 -0.13520160E+02  0.28637854E-01      0.00000000      0.00000000
  0.07000000 -0.13491199E+02  0.28510660E-01      0.00000000      0.00000000
  0.07020000 -0.13463078E+02  0.28368689E-01      0.00000000      0.00000000
  0.07040000 -0.13434864E+02  0.28236350E-01      0.00000000      0.00000000
  0.07060000 -0.13406568E+02  0.28104525E-01      0.00000000      0.00000000
  0.07079999 -0.13378627E+02  0.27961120E-01      0.00000000      0.00000000
  0.07099999 -0.13350939E+02  0.27838415E-01      0.00000000      0.00000000
  0.07120001 -0.13322816E+02  0.27711116E-01      0.00000000      0.00000000
  0.07139999 -0.13295040E+02  0.27586833E-01      0.00000000      0.00000000
  0.07160000 -0.13267745E+02  0.27468149E-01      0.00000000      0.00000000
  0.07180000 -0.13240356E+02  0.27331473E-01      0.00000000      0.00000000
  0.07200000 -0.13213404E+02  0.27195476E-01      0.00000000      0.00000000
  0.07220000 -0.13186657E+02  0.27060097E-01      0.00000000      0.00000000
  0.07239999 -0.13159517E+02  0.26941912E-01      0.00000000      0.00000000
  0.07260000 -0.13132348E+02  0.26819782E-01      0.00000000      0.00000000
  0.07280000 -0.13105278E+02  0.26691221E-01      0.00000000      0.00000000
  0.07299999 -0.13078893E+02  0.26576335E-01      0.00000000      0.00000000
  0.07319999 -0.13052433E+02  0.26455969E-01      0.00000000      0.00000000
  0.07340001 -0.13026142E+02  0.26339596E-01      0.00000000      0.00000000
  0.07359999 -0.12999879E+02  0.26222300E-01      0.00000000      0.00000000
  0.07380000 -0.12973858E+02  0.26088204E-01      0.00000000      0.00000000
  0.07400000 -0.12947731E+02  0.25970809E-01      0.00000000      0.00000000
  0.07420000 -0.12921524E+02  0.25860948E-01      0.00000000      0.00000000
  0.07440000 -0.12895579E+02  0.25748132E-01      0.00000000      0.00000000
  0.07460000 -0.12869697E+02  0.25623284E-01      0.00000000      0.00000000
  0.07480000 -0.12844134E+02  0.25513291E-01      0.00000000      0.00000000
  0.07500000 -0.12818927E+02  0.25379073E-01      0.00000000      0.00000000
  0.07519999 -0.12793200E+02  0.25274087E-01      0.00000000      0.00000000
  0.07539999 -0.12768044E+02  0.25175223E-01      0.00000000      0.00000000
  0.07560000 -0.12743097E+02  0.25053579E-01      0.00000000      0.00000000
  0.07579999 -0.12718098E+02  0.24937492E-01      0.00000000      0.00000000
  0.07600000 -0.12693124E+02  0.24820121E-01      0.00000000      0.00000000
  0.07620000 -0.12668495E+02  0.24719976E-01      0.00000000      0.00000000
  0.07640000 -0.12643604E+02  0.24604056E-01      0.00000000      0.00000000
  0.07660000 -0.12619097E+02  0.24495179E-01      0.00000000      0.00000000
  0.07680000 -0.12594492E+02  0.24402507E-01      0.00000000      0.00000000
  0.07699999 -0.12570383E+02  0.24304856E-01      0.00000000      0.00000000
  0.07720000 -0.12546249E+02  0.24178706E-01      0.00000000      0.00000000
  0.07739999 -0.12521963E+02  0.24059694E-01      0.00000000      0.00000000
  0.07759999 -0.12498031E+02  0.23954175E-01      0.00000000      0.00000000
  0.07780000 -0.12473824E+02  0.23844671E-01      0.00000000      0.00000000
  0.07799999 -0.12449994E+02  0.23756895E-01      0.00000000      0.00000000
  0.07820000 -0.12426548E+02  0.23646386E-01      0.00000000      0.00000000
  0.07840000 -0.12402954E+02  0.23549672E-01      0.00000000      0.00000000
  0.07860000 -0.12379487E+02  0.23430983E-01      0.00000000      0.00000000
  0.07880000 -0.12356174E+02  0.23339964E-01      0.00000000      0.00000000
  0.07900000 -0.12332914E+02  0.23237459E-01      0.00000000      0.00000000
  0.07919999 -0.12309325E+02  0.23153391E-01      0.00000000      0.00000000
  0.07940000 -0.12286225E+02  0.23056932E-01      0.00000000      0.00000000
  0.07960001 -0.12263437E+02  0.22951672E-01      0.00000000      0.00000000
  0.07979999 -0.12240687E+02  0.22833947E-01      0.00000000      0.00000000
