 -0.04000000  0.11321217E+02  0.35035312E-01      0.00000000      0.00000000
 -0.03980000  0.11356544E+02  0.35237908E-01      0.00000000      0.00000000
 -0.03960000  0.11391857E+02  0.35444260E-01      0.00000000      0.00000000
 -0.03940000  0.11427586E+02  0.35650492E-01      0.00000000      0.00000000
 -0.03920000  0.11463482E+02  0.35871625E-01      0.00000000      0.00000000
 -0.03900000  0.11499340E+02  0.36079168E-01      0.00000000      0.00000000
 -0.03880000  0.11535622E+02  0.36290169E-01      0.00000000      0.00000000
 -0.03860000  0.11571938E+02  0.36498308E-01      0.00000000      0.00000000
 -0.03840000  0.11608582E+02  0.36717534E-01      0.00000000      0.00000000
 -0.03820000  0.11645210E+02  0.36931872E-01      0.00000000      0.00000000
 -0.03800000  0.11682194E+02  0.37174582E-01      0.00000000      0.00000000
 -0.03780000  0.11719440E+02  0.37386894E-01      0.00000000      0.00000000
 -0.03760000  0.11757156E+02  0.37619591E-01      0.00000000      0.00000000
 -0.03740000  0.11795055E+02  0.37843704E-01      0.00000000      0.00000000
 -0.03720000  0.11832836E+02  0.38075447E-01      0.00000000      0.00000000
 -0.03700000  0.11871033E+02  0.38306952E-01      0.00000000      0.00000000
 -0.03680000  0.11909782E+02  0.38551807E-01      0.00000000      0.00000000
 -0.03660000  0.11948471E+02  0.38793325E-01      0.00000000      0.00000000
 -0.03640000  0.11987389E+02  0.39011955E-01      0.00000000      0.00000000
 -0.03620000  0.12026054E+02  0.39263725E-01      0.00000000      0.00000000
 -0.03600000  0.12065407E+02  0.39514065E-01      0.00000000      0.00000000
 -0.03580000  0.12105194E+02  0.39753914E-01      0.00000000      0.00000000
 -0.03560000  0.12144417E+02  0.39993763E-01      0.00000000      0.00000000
 -0.03540000  0.12184982E+02  0.40245056E-01      0.00000000      0.00000000
 -0.03520000  0.12224922E+02  0.40480614E-01      0.00000000      0.00000000
 -0.03500000  0.12265556E+02  0.40758133E-01      0.00000000      0.00000000
 -0.03480000  0.12306808E+02  0.41015625E-01      0.00000000      0.00000000
 -0.03460000  0.12347916E+02  0.41276932E-01      0.00000000      0.00000000
 -0.03440000  0.12389145E+02  0.41538239E-01      0.00000000      0.00000000
 -0.03420000  0.12430908E+02  0.41786194E-01      0.00000000      0.00000000
 -0.03400000  0.12473206E+02  0.42098999E-01      0.00000000      0.00000000
 -0.03380000  0.12515198E+02  0.42419434E-01      0.00000000      0.00000000
 -0.03360000  0.12558151E+02  0.42602539E-01      0.00000000      0.00000000
 -0.03340000  0.12600830E+02  0.42892456E-01      0.00000000      0.00000000
 -0.03320000  0.12643852E+02  0.43190002E-01      0.00000000      0.00000000
 -0.03300000  0.12687099E+02  0.43453217E-01      0.00000000      0.00000000
 -0.03280000  0.12730518E+02  0.43737411E-01      0.00000000      0.00000000
 -0.03260000  0.12774486E+02  0.44025421E-01      0.00000000      0.00000000
 -0.03240000  0.12818504E+02  0.44296265E-01      0.00000000      0.00000000
 -0.03220000  0.12862803E+02  0.44615746E-01      0.00000000      0.00000000
 -0.03200000  0.12908195E+02  0.44904709E-01      0.00000000      0.00000000
 -0.03180000  0.12953522E+02  0.45197487E-01      0.00000000      0.00000000
 -0.03160000  0.12998821E+02  0.45492172E-01      0.00000000      0.00000000
 -0.03140000  0.13044563E+02  0.45802116E-01      0.00000000      0.00000000
 -0.03120000  0.13090302E+02  0.46112061E-01      0.00000000      0.00000000
 -0.03100000  0.13136520E+02  0.46430588E-01      0.00000000      0.00000000
 -0.03080000  0.13183281E+02  0.46718597E-01      0.00000000      0.00000000
 -0.03060000  0.13230194E+02  0.47042847E-01      0.00000000      0.00000000
 -0.03040000  0.13277283E+02  0.47359467E-01      0.00000000      0.00000000
 -0.03020000  0.13324905E+02  0.47676086E-01      0.00000000      0.00000000
 -0.03000000  0.13372986E+02  0.48034668E-01      0.00000000      0.00000000
 -0.02980000  0.13421173E+02  0.48309326E-01      0.00000000      0.00000000
 -0.02960000  0.13469681E+02  0.48675537E-01      0.00000000      0.00000000
 -0.02940000  0.13518044E+02  0.48995972E-01      0.00000000      0.00000000
 -0.02920000  0.13567356E+02  0.49316406E-01      0.00000000      0.00000000
 -0.02900000  0.13616592E+02  0.49652100E-01      0.00000000      0.00000000
 -0.02880000  0.13666565E+02  0.50018311E-01      0.00000000      0.00000000
 -0.02860000  0.13716736E+02  0.50369263E-01      0.00000000      0.00000000
 -0.02840000  0.13766388E+02  0.50758362E-01      0.00000000      0.00000000
 -0.02820000  0.13817307E+02  0.51097870E-01      0.00000000      0.00000000
 -0.02800000  0.13868454E+02  0.51479340E-01      0.00000000      0.00000000
 -0.02780000  0.13920197E+02  0.51826477E-01      0.00000000      0.00000000
 -0.02760000  0.13972519E+02  0.52196503E-01      0.00000000      0.00000000
 -0.02740000  0.14025009E+02  0.52577972E-01      0.00000000      0.00000000
 -0.02720000  0.14077995E+02  0.52953720E-01      0.00000000      0.00000000
 -0.02700000  0.14131222E+02  0.53320885E-01      0.00000000      0.00000000
 -0.02680000  0.14184513E+02  0.53708076E-01      0.00000000      0.00000000
 -0.02660000  0.14238670E+02  0.54085732E-01      0.00000000      0.00000000
 -0.02640000  0.14292752E+02  0.54489136E-01      0.00000000      0.00000000
 -0.02620000  0.14347142E+02  0.54882050E-01      0.00000000      0.00000000
 -0.02600000  0.14402411E+02  0.55295944E-01      0.00000000      0.00000000
 -0.02580000  0.14457407E+02  0.55696487E-01      0.00000000      0.00000000
 -0.02560000  0.14513622E+02  0.56118011E-01      0.00000000      0.00000000
 -0.02540000  0.14569717E+02  0.56526184E-01      0.00000000      0.00000000
 -0.02520000  0.14626663E+02  0.56945801E-01      0.00000000      0.00000000
 -0.02500000  0.14683792E+02  0.57373047E-01      0.00000000      0.00000000
 -0.02480000  0.14741959E+02  0.57800293E-01      0.00000000      0.00000000
 -0.02460000  0.14800079E+02  0.58227539E-01      0.00000000      0.00000000
 -0.02440000  0.14858139E+02  0.58670044E-01      0.00000000      0.00000000
 -0.02420000  0.14917862E+02  0.59127808E-01      0.00000000      0.00000000
 -0.02400000  0.14976517E+02  0.59579849E-01      0.00000000      0.00000000
 -0.02380000  0.15035965E+02  0.60033798E-01      0.00000000      0.00000000
 -0.02360000  0.15096466E+02  0.60494423E-01      0.00000000      0.00000000
 -0.02340000  0.15157150E+02  0.60981750E-01      0.00000000      0.00000000
 -0.02320000  0.15218300E+02  0.61466217E-01      0.00000000      0.00000000
 -0.02300000  0.15280052E+02  0.61934948E-01      0.00000000      0.00000000
 -0.02280000  0.15342216E+02  0.62406540E-01      0.00000000      0.00000000
 -0.02260000  0.15404701E+02  0.62874794E-01      0.00000000      0.00000000
 -0.02240000  0.15468102E+02  0.63379288E-01      0.00000000      0.00000000
 -0.02220000  0.15530846E+02  0.63873291E-01      0.00000000      0.00000000
 -0.02200000  0.15595200E+02  0.64376593E-01      0.00000000      0.00000000
 -0.02180000  0.15659088E+02  0.64884424E-01      0.00000000      0.00000000
 -0.02160000  0.15724380E+02  0.65402985E-01      0.00000000      0.00000000
 -0.02140000  0.15790989E+02  0.65925360E-01      0.00000000      0.00000000
 -0.02120000  0.15857685E+02  0.66469669E-01      0.00000000      0.00000000
 -0.02100000  0.15923996E+02  0.66999435E-01      0.00000000      0.00000000
 -0.02080000  0.15992004E+02  0.67566633E-01      0.00000000      0.00000000
 -0.02060000  0.16060329E+02  0.68125248E-01      0.00000000      0.00000000
 -0.02040000  0.16128471E+02  0.68652391E-01      0.00000000      0.00000000
 -0.02020000  0.16196964E+02  0.69217920E-01      0.00000000      0.00000000
 -0.02000000  0.16266880E+02  0.69802761E-01      0.00000000      0.00000000
 -0.01980000  0.16336483E+02  0.70370793E-01      0.00000000      0.00000000
 -0.01960000  0.16407204E+02  0.70939541E-01      0.00000000      0.00000000
 -0.01940000  0.16478466E+02  0.71550965E-01      0.00000000      0.00000000
 -0.01920000  0.16549881E+02  0.72146058E-01      0.00000000      0.00000000
 -0.01900000  0.16621834E+02  0.72751522E-01      0.00000000      0.00000000
 -0.01880000  0.16694733E+02  0.73358417E-01      0.00000000      0.00000000
 -0.01860000  0.16768524E+02  0.73982477E-01      0.00000000      0.00000000
 -0.01840000  0.16842861E+02  0.74613571E-01      0.00000000      0.00000000
 -0.01820000  0.16917027E+02  0.75263679E-01      0.00000000      0.00000000
 -0.01800000  0.16993052E+02  0.75900018E-01      0.00000000      0.00000000
 -0.01780000  0.17069376E+02  0.76539040E-01      0.00000000      0.00000000
 -0.01760000  0.17146757E+02  0.77233851E-01      0.00000000      0.00000000
 -0.01740000  0.17224884E+02  0.77888310E-01      0.00000000      0.00000000
 -0.01720000  0.17303530E+02  0.78591526E-01      0.00000000      0.00000000
 -0.01700000  0.17382826E+02  0.79272807E-01      0.00000000      0.00000000
 -0.01680000  0.17461418E+02  0.79969585E-01      0.00000000      0.00000000
 -0.01660000  0.17541941E+02  0.80693603E-01      0.00000000      0.00000000
 -0.01640000  0.17622456E+02  0.81390917E-01      0.00000000      0.00000000
 -0.01620000  0.17703829E+02  0.82122982E-01      0.00000000      0.00000000
 -0.01600000  0.17787561E+02  0.82891226E-01      0.00000000      0.00000000
 -0.01580000  0.17871254E+02  0.83622694E-01      0.00000000      0.00000000
 -0.01560000  0.17954721E+02  0.84396631E-01      0.00000000      0.00000000
 -0.01540000  0.18038944E+02  0.85144728E-01      0.00000000      0.00000000
 -0.01520000  0.18125212E+02  0.85936338E-01      0.00000000      0.00000000
 -0.01500000  0.18210613E+02  0.86719334E-01      0.00000000      0.00000000
 -0.01480000  0.18298082E+02  0.87510288E-01      0.00000000      0.00000000
 -0.01460000  0.18385357E+02  0.88315785E-01      0.00000000      0.00000000
 -0.01440000  0.18474739E+02  0.89128554E-01      0.00000000      0.00000000
 -0.01420000  0.18565220E+02  0.89990020E-01      0.00000000      0.00000000
 -0.01400000  0.18655828E+02  0.90829879E-01      0.00000000      0.00000000
 -0.01380000  0.18747091E+02  0.91730207E-01      0.00000000      0.00000000
 -0.01360000  0.18839451E+02  0.92603654E-01      0.00000000      0.00000000
 -0.01340000  0.18931372E+02  0.93452692E-01      0.00000000      0.00000000
 -0.01320000  0.19025126E+02  0.94377041E-01      0.00000000      0.00000000
 -0.01300000  0.19119787E+02  0.95283270E-01      0.00000000      0.00000000
 -0.01280000  0.19215769E+02  0.96188426E-01      0.00000000      0.00000000
 -0.01260000  0.19312506E+02  0.97159117E-01      0.00000000      0.00000000
 -0.01240000  0.19410725E+02  0.98101079E-01      0.00000000      0.00000000
 -0.01220000  0.19509106E+02  0.99070519E-01      0.00000000      0.00000000
 -0.01200000  0.19608631E+02  0.10003826E+00      0.00000000      0.00000000
 -0.01180000  0.19708664E+02  0.10104695E+00      0.00000000      0.00000000
 -0.01160000  0.19809292E+02  0.10201710E+00      0.00000000      0.00000000
 -0.01140000  0.19911070E+02  0.10304420E+00      0.00000000      0.00000000
 -0.01120000  0.20015522E+02  0.10408932E+00      0.00000000      0.00000000
 -0.01100000  0.20119684E+02  0.10516453E+00      0.00000000      0.00000000
 -0.01080000  0.20224855E+02  0.10625267E+00      0.00000000      0.00000000
 -0.01060000  0.20333054E+02  0.10733081E+00      0.00000000      0.00000000
 -0.01040000  0.20441643E+02  0.10843542E+00      0.00000000      0.00000000
 -0.01020000  0.20553015E+02  0.10953841E+00      0.00000000      0.00000000
 -0.01000000  0.20662724E+02  0.11070848E+00      0.00000000      0.00000000
 -0.00980000  0.20773205E+02  0.11185965E+00      0.00000000      0.00000000
 -0.00960000  0.20885359E+02  0.11303498E+00      0.00000000      0.00000000
 -0.00940000  0.20998295E+02  0.11424921E+00      0.00000000      0.00000000
 -0.00920000  0.21111755E+02  0.11548173E+00      0.00000000      0.00000000
 -0.00900000  0.21227512E+02  0.11669946E+00      0.00000000      0.00000000
 -0.00880000  0.21344501E+02  0.11794771E+00      0.00000000      0.00000000
 -0.00860000  0.21462917E+02  0.11918148E+00      0.00000000      0.00000000
 -0.00840000  0.21582703E+02  0.12046032E+00      0.00000000      0.00000000
 -0.00820000  0.21704807E+02  0.12180087E+00      0.00000000      0.00000000
 -0.00800000  0.21826410E+02  0.12315653E+00      0.00000000      0.00000000
 -0.00780000  0.21951893E+02  0.12452829E+00      0.00000000      0.00000000
 -0.00760000  0.22076307E+02  0.12589690E+00      0.00000000      0.00000000
 -0.00740000  0.22204529E+02  0.12730749E+00      0.00000000      0.00000000
 -0.00720000  0.22332993E+02  0.12872182E+00      0.00000000      0.00000000
 -0.00700000  0.22461805E+02  0.13018659E+00      0.00000000      0.00000000
 -0.00680000  0.22591749E+02  0.13167557E+00      0.00000000      0.00000000
 -0.00660000  0.22723747E+02  0.13315448E+00      0.00000000      0.00000000
 -0.00640000  0.22857492E+02  0.13470332E+00      0.00000000      0.00000000
 -0.00620000  0.22994160E+02  0.13628265E+00      0.00000000      0.00000000
 -0.00600000  0.23130423E+02  0.13786583E+00      0.00000000      0.00000000
 -0.00580000  0.23268377E+02  0.13946551E+00      0.00000000      0.00000000
 -0.00560000  0.23408186E+02  0.14114571E+00      0.00000000      0.00000000
 -0.00540000  0.23551359E+02  0.14282353E+00      0.00000000      0.00000000
 -0.00520000  0.23696581E+02  0.14453912E+00      0.00000000      0.00000000
 -0.00500000  0.23843781E+02  0.14630045E+00      0.00000000      0.00000000
 -0.00480000  0.23989241E+02  0.14804423E+00      0.00000000      0.00000000
 -0.00460000  0.24136322E+02  0.14976469E+00      0.00000000      0.00000000
 -0.00440000  0.24287630E+02  0.15160373E+00      0.00000000      0.00000000
 -0.00420000  0.24439835E+02  0.15347113E+00      0.00000000      0.00000000
 -0.00400000  0.24594248E+02  0.15540609E+00      0.00000000      0.00000000
 -0.00380000  0.24752443E+02  0.15737052E+00      0.00000000      0.00000000
 -0.00360000  0.24909338E+02  0.15931572E+00      0.00000000      0.00000000
 -0.00340000  0.25068901E+02  0.16135518E+00      0.00000000      0.00000000
 -0.00320000  0.25230907E+02  0.16339274E+00      0.00000000      0.00000000
 -0.00300000  0.25396524E+02  0.16552992E+00      0.00000000      0.00000000
 -0.00280000  0.25564022E+02  0.16766679E+00      0.00000000      0.00000000
 -0.00260000  0.25730305E+02  0.16977774E+00      0.00000000      0.00000000
 -0.00240000  0.25903149E+02  0.17201358E+00      0.00000000      0.00000000
 -0.00220000  0.26076515E+02  0.17427248E+00      0.00000000      0.00000000
 -0.00200000  0.26249641E+02  0.17652951E+00      0.00000000      0.00000000
 -0.00180000  0.26427307E+02  0.17887789E+00      0.00000000      0.00000000
 -0.00160000  0.26606117E+02  0.18128063E+00      0.00000000      0.00000000
 -0.00140000  0.26787832E+02  0.18374553E+00      0.00000000      0.00000000
 -0.00120000  0.26974148E+02  0.18625963E+00      0.00000000      0.00000000
 -0.00100000  0.27160955E+02  0.18878250E+00      0.00000000      0.00000000
 -0.00080000  0.27353018E+02  0.19142182E+00      0.00000000      0.00000000
 -0.00060000  0.27545586E+02  0.19405282E+00      0.00000000      0.00000000
 -0.00040000  0.27739534E+02  0.19672987E+00      0.00000000      0.00000000
 -0.00020000  0.27938471E+02  0.19955078E+00      0.00000000      0.00000000
  0.00000000  0.28139351E+02  0.20242013E+00      0.00000000      0.00000000
  0.00020000  0.28341019E+02  0.20529550E+00      0.00000000      0.00000000
  0.00040000  0.28547546E+02  0.20832227E+00      0.00000000      0.00000000
  0.00060000  0.28756670E+02  0.21124165E+00      0.00000000      0.00000000
  0.00080000  0.28971821E+02  0.21436931E+00      0.00000000      0.00000000
  0.00100000  0.29188738E+02  0.21754111E+00      0.00000000      0.00000000
  0.00120000  0.29407282E+02  0.22079000E+00      0.00000000      0.00000000
  0.00140000  0.29631857E+02  0.22406986E+00      0.00000000      0.00000000
  0.00160000  0.29855032E+02  0.22739974E+00      0.00000000      0.00000000
  0.00180000  0.30084871E+02  0.23088379E+00      0.00000000      0.00000000
  0.00200000  0.30318329E+02  0.23441879E+00      0.00000000      0.00000000
  0.00220000  0.30553223E+02  0.23801897E+00      0.00000000      0.00000000
  0.00240000  0.30792952E+02  0.24173722E+00      0.00000000      0.00000000
  0.00260000  0.31034468E+02  0.24550197E+00      0.00000000      0.00000000
  0.00280000  0.31281824E+02  0.24936032E+00      0.00000000      0.00000000
  0.00300000  0.31533319E+02  0.25331837E+00      0.00000000      0.00000000
  0.00320000  0.31788307E+02  0.25738090E+00      0.00000000      0.00000000
  0.00340000  0.32047688E+02  0.26163724E+00      0.00000000      0.00000000
  0.00360000  0.32310318E+02  0.26588440E+00      0.00000000      0.00000000
  0.00380000  0.32579948E+02  0.27032998E+00      0.00000000      0.00000000
  0.00400000  0.32850098E+02  0.27476281E+00      0.00000000      0.00000000
  0.00420000  0.33128372E+02  0.27945367E+00      0.00000000      0.00000000
  0.00440000  0.33410107E+02  0.28419751E+00      0.00000000      0.00000000
  0.00460000  0.33694733E+02  0.28901550E+00      0.00000000      0.00000000
  0.00480000  0.33986679E+02  0.29398143E+00      0.00000000      0.00000000
  0.00500000  0.34286270E+02  0.29918021E+00      0.00000000      0.00000000
  0.00520000  0.34592354E+02  0.30455032E+00      0.00000000      0.00000000
  0.00540000  0.34896305E+02  0.30981013E+00      0.00000000      0.00000000
  0.00560000  0.35208237E+02  0.31534880E+00      0.00000000      0.00000000
  0.00580000  0.35525520E+02  0.32099313E+00      0.00000000      0.00000000
  0.00600000  0.35851814E+02  0.32687435E+00      0.00000000      0.00000000
  0.00620000  0.36181511E+02  0.33287525E+00      0.00000000      0.00000000
  0.00640000  0.36517826E+02  0.33918905E+00      0.00000000      0.00000000
  0.00660000  0.36861683E+02  0.34558928E+00      0.00000000      0.00000000
  0.00680000  0.37207657E+02  0.35219780E+00      0.00000000      0.00000000
  0.00700000  0.37565804E+02  0.35892805E+00      0.00000000      0.00000000
  0.00720000  0.37929359E+02  0.36589327E+00      0.00000000      0.00000000
  0.00740000  0.38295502E+02  0.37292311E+00      0.00000000      0.00000000
  0.00760000  0.38672615E+02  0.38028359E+00      0.00000000      0.00000000
  0.00780000  0.39051414E+02  0.38773227E+00      0.00000000      0.00000000
  0.00800000  0.39438900E+02  0.39553434E+00      0.00000000      0.00000000
  0.00820000  0.39833691E+02  0.40362582E+00      0.00000000      0.00000000
  0.00840000  0.40245491E+02  0.41197801E+00      0.00000000      0.00000000
  0.00860000  0.40658123E+02  0.42050666E+00      0.00000000      0.00000000
  0.00880000  0.41086517E+02  0.42938030E+00      0.00000000      0.00000000
  0.00900000  0.41522934E+02  0.43860239E+00      0.00000000      0.00000000
  0.00920000  0.41963814E+02  0.44806907E+00      0.00000000      0.00000000
  0.00940000  0.42416805E+02  0.45781368E+00      0.00000000      0.00000000
  0.00960000  0.42882919E+02  0.46804029E+00      0.00000000      0.00000000
  0.00980000  0.43363358E+02  0.47873110E+00      0.00000000      0.00000000
  0.01000000  0.43849174E+02  0.48965013E+00      0.00000000      0.00000000
  0.01020000  0.44341202E+02  0.50080842E+00      0.00000000      0.00000000
  0.01040000  0.44843006E+02  0.51231498E+00      0.00000000      0.00000000
  0.01060000  0.45360271E+02  0.52437723E+00      0.00000000      0.00000000
  0.01080000  0.45899750E+02  0.53704226E+00      0.00000000      0.00000000
  0.01100000  0.46433846E+02  0.54988831E+00      0.00000000      0.00000000
  0.01120000  0.46990353E+02  0.56323445E+00      0.00000000      0.00000000
  0.01140000  0.47565861E+02  0.57722974E+00      0.00000000      0.00000000
  0.01160000  0.48156223E+02  0.59196836E+00      0.00000000      0.00000000
  0.01180000  0.48752239E+02  0.60681796E+00      0.00000000      0.00000000
  0.01200000  0.49366592E+02  0.62257862E+00      0.00000000      0.00000000
  0.01220000  0.49997074E+02  0.63891429E+00      0.00000000      0.00000000
  0.01240000  0.50646477E+02  0.65605259E+00      0.00000000      0.00000000
  0.01260000  0.51309685E+02  0.67360353E+00      0.00000000      0.00000000
  0.01280000  0.51999565E+02  0.69222879E+00      0.00000000      0.00000000
  0.01300000  0.52706352E+02  0.71171272E+00      0.00000000      0.00000000
  0.01320000  0.53434235E+02  0.73196340E+00      0.00000000      0.00000000
  0.01340000  0.54176785E+02  0.75321448E+00      0.00000000      0.00000000
  0.01360000  0.54928970E+02  0.77478206E+00      0.00000000      0.00000000
  0.01380000  0.55709045E+02  0.79753864E+00      0.00000000      0.00000000
  0.01400000  0.56530869E+02  0.82205474E+00      0.00000000      0.00000000
  0.01420000  0.57362297E+02  0.84731477E+00      0.00000000      0.00000000
  0.01440000  0.58224075E+02  0.87363124E+00      0.00000000      0.00000000
  0.01460000  0.59123322E+02  0.90208125E+00      0.00000000      0.00000000
  0.01480000  0.60031342E+02  0.93100810E+00      0.00000000      0.00000000
  0.01500000  0.60972900E+02  0.96156383E+00      0.00000000      0.00000000
  0.01520000  0.61936729E+02  0.99354708E+00      0.00000000      0.00000000
  0.01540000  0.62937401E+02  0.10273879E+01      0.00000000      0.00000000
  0.01560000  0.63995525E+02  0.10636621E+01      0.00000000      0.00000000
  0.01580000  0.65092262E+02  0.11023774E+01      0.00000000      0.00000000
  0.01600000  0.66207840E+02  0.11423016E+01      0.00000000      0.00000000
  0.01619999  0.67371681E+02  0.11851978E+01      0.00000000      0.00000000
  0.01640000  0.68581490E+02  0.12304255E+01      0.00000000      0.00000000
  0.01660000  0.69841904E+02  0.12784288E+01      0.00000000      0.00000000
  0.01680000  0.71154327E+02  0.13299069E+01      0.00000000      0.00000000
  0.01700000  0.72490387E+02  0.13839147E+01      0.00000000      0.00000000
  0.01720000  0.73875053E+02  0.14406540E+01      0.00000000      0.00000000
  0.01740000  0.75350113E+02  0.15028090E+01      0.00000000      0.00000000
  0.01760000  0.76886353E+02  0.15691712E+01      0.00000000      0.00000000
  0.01780000  0.78494644E+02  0.16403919E+01      0.00000000      0.00000000
  0.01800000  0.80148590E+02  0.17160248E+01      0.00000000      0.00000000
  0.01820000  0.81915161E+02  0.17990999E+01      0.00000000      0.00000000
  0.01840000  0.83768982E+02  0.18889612E+01      0.00000000      0.00000000
  0.01860000  0.85695923E+02  0.19848748E+01      0.00000000      0.00000000
  0.01880000  0.87732155E+02  0.20892463E+01      0.00000000      0.00000000
  0.01900000  0.89889702E+02  0.22046382E+01      0.00000000      0.00000000
  0.01920000  0.92161140E+02  0.23298693E+01      0.00000000      0.00000000
  0.01940000  0.94545105E+02  0.24663315E+01      0.00000000      0.00000000
  0.01960000  0.97060364E+02  0.26148252E+01      0.00000000      0.00000000
  0.01980000  0.99763596E+02  0.27810004E+01      0.00000000      0.00000000
  0.02000000  0.10261620E+03  0.29642320E+01      0.00000000      0.00000000
  0.02020000  0.10568044E+03  0.31692452E+01      0.00000000      0.00000000
  0.02040000  0.10897060E+03  0.34006252E+01      0.00000000      0.00000000
  0.02060000  0.11251506E+03  0.36597190E+01      0.00000000      0.00000000
  0.02080000  0.11627308E+03  0.39496636E+01      0.00000000      0.00000000
  0.02100000  0.12037399E+03  0.42840562E+01      0.00000000      0.00000000
  0.02120000  0.12485333E+03  0.46697187E+01      0.00000000      0.00000000
  0.02140000  0.12970598E+03  0.51119885E+01      0.00000000      0.00000000
  0.02160000  0.13504552E+03  0.56309614E+01      0.00000000      0.00000000
  0.02180000  0.14092166E+03  0.62441902E+01      0.00000000      0.00000000
  0.02200000  0.14740742E+03  0.69701614E+01      0.00000000      0.00000000
  0.02220000  0.15466077E+03  0.78472862E+01      0.00000000      0.00000000
  0.02240000  0.16291652E+03  0.89356136E+01      0.00000000      0.00000000
  0.02260000  0.17253571E+03  0.10325782E+02      0.00000000      0.00000000
  0.02280000  0.18351184E+03  0.12080923E+02      0.00000000      0.00000000
  0.02300000  0.19645325E+03  0.14398069E+02      0.00000000      0.00000000
  0.02320000  0.21195096E+03  0.17533035E+02      0.00000000      0.00000000
  0.02340000  0.23089902E+03  0.21934948E+02      0.00000000      0.00000000
  0.02360000  0.25508517E+03  0.28525330E+02      0.00000000      0.00000000
  0.02380000  0.28644537E+03  0.38808693E+02      0.00000000      0.00000000
  0.02400000  0.32917749E+03  0.56271538E+02      0.00000000      0.00000000
  0.02420000  0.39178247E+03  0.90222656E+02      0.00000000      0.00000000
  0.02440000  0.48764398E+03  0.16785248E+03      0.00000000      0.00000000
  0.02460000  0.61491388E+03  0.38584091E+03      0.00000000      0.00000000
  0.02480000  0.42277530E+03  0.94945544E+03      0.00000000      0.00000000
  0.02500000 -0.36292075E+03  0.72042017E+03      0.00000000      0.00000000
  0.02520000 -0.33169302E+03  0.27910745E+03      0.00000000      0.00000000
  0.02540000 -0.20807298E+03  0.13336215E+03      0.00000000      0.00000000
  0.02560000 -0.12373291E+03  0.78460083E+02      0.00000000      0.00000000
  0.02580000 -0.65986153E+02  0.53328053E+02      0.00000000      0.00000000
  0.02600000 -0.22546688E+02  0.40077839E+02      0.00000000      0.00000000
  0.02620000  0.11913167E+02  0.32810089E+02      0.00000000      0.00000000
  0.02640000  0.41572212E+02  0.28784195E+02      0.00000000      0.00000000
  0.02660000  0.68889923E+02  0.26830227E+02      0.00000000      0.00000000
  0.02680000  0.94609772E+02  0.26463589E+02      0.00000000      0.00000000
  0.02700000  0.12121260E+03  0.27463520E+02      0.00000000      0.00000000
  0.02720000  0.14947273E+03  0.29952425E+02      0.00000000      0.00000000
  0.02740000  0.18078610E+03  0.34279358E+02      0.00000000      0.00000000
  0.02760000  0.21702313E+03  0.41233505E+02      0.00000000      0.00000000
  0.02780000  0.26142593E+03  0.52559914E+02      0.00000000      0.00000000
  0.02800000  0.31858087E+03  0.71738068E+02      0.00000000      0.00000000
  0.02820000  0.39605725E+03  0.10723752E+03      0.00000000      0.00000000
  0.02840000  0.50893469E+03  0.18421442E+03      0.00000000      0.00000000
  0.02860000  0.66543567E+03  0.39700171E+03      0.00000000      0.00000000
  0.02880000  0.55803766E+03  0.97070544E+03      0.00000000      0.00000000
  0.02900000 -0.19641089E+03  0.85180835E+03      0.00000000      0.00000000
  0.02920000 -0.11757768E+03  0.43909839E+03      0.00000000      0.00000000
  0.02940000  0.12584436E+03  0.44333075E+03      0.00000000      0.00000000
  0.02959999  0.18287332E+03  0.88059119E+03      0.00000000      0.00000000
  0.02980000 -0.59560266E+03  0.93003687E+03      0.00000000      0.00000000
  0.03000000 -0.65968738E+03  0.38133905E+03      0.00000000      0.00000000
  0.03020000 -0.50506140E+03  0.17982224E+03      0.00000000      0.00000000
  0.03040000 -0.39404749E+03  0.10518747E+03      0.00000000      0.00000000
  0.03060000 -0.31652332E+03  0.70230705E+02      0.00000000      0.00000000
  0.03080000 -0.26025232E+03  0.51633114E+02      0.00000000      0.00000000
  0.03100000 -0.21612250E+03  0.40596451E+02      0.00000000      0.00000000
  0.03120000 -0.17999426E+03  0.33784378E+02      0.00000000      0.00000000
  0.03140000 -0.14912366E+03  0.29596252E+02      0.00000000      0.00000000
  0.03160000 -0.12136380E+03  0.27174229E+02      0.00000000      0.00000000
  0.03179999 -0.95086990E+02  0.26177986E+02      0.00000000      0.00000000
  0.03200001 -0.69532562E+02  0.26545155E+02      0.00000000      0.00000000
  0.03220000 -0.42581558E+02  0.28424648E+02      0.00000000      0.00000000
  0.03240000 -0.13390082E+02  0.32289978E+02      0.00000000      0.00000000
  0.03260000  0.20654123E+02  0.39284779E+02      0.00000000      0.00000000
  0.03280000  0.62475189E+02  0.51647606E+02      0.00000000      0.00000000
  0.03300000  0.11990433E+03  0.75817856E+02      0.00000000      0.00000000
  0.03320000  0.20108105E+03  0.12642863E+03      0.00000000      0.00000000
  0.03340000  0.32002017E+03  0.25475043E+03      0.00000000      0.00000000
  0.03360000  0.39279352E+03  0.64767102E+03      0.00000000      0.00000000
  0.03380000 -0.32275012E+03  0.10201112E+04      0.00000000      0.00000000
  0.03399999 -0.63301221E+03  0.43645087E+03      0.00000000      0.00000000
  0.03420001 -0.50617377E+03  0.18359943E+03      0.00000000      0.00000000
  0.03440000 -0.40603766E+03  0.97571053E+02      0.00000000      0.00000000
  0.03460000 -0.33976001E+03  0.60065842E+02      0.00000000      0.00000000
  0.03479999 -0.29450647E+03  0.40933006E+02      0.00000000      0.00000000
  0.03500000 -0.26133600E+03  0.29763933E+02      0.00000000      0.00000000
  0.03520000 -0.23618570E+03  0.22757439E+02      0.00000000      0.00000000
  0.03540000 -0.21666919E+03  0.18136671E+02      0.00000000      0.00000000
  0.03560000 -0.20060428E+03  0.14828173E+02      0.00000000      0.00000000
  0.03580000 -0.18724579E+03  0.12395924E+02      0.00000000      0.00000000
  0.03600000 -0.17597058E+03  0.10568347E+02      0.00000000      0.00000000
  0.03619999 -0.16632266E+03  0.91571445E+01      0.00000000      0.00000000
  0.03640000 -0.15782629E+03  0.80210629E+01      0.00000000      0.00000000
  0.03660000 -0.15038968E+03  0.71080074E+01      0.00000000      0.00000000
  0.03680000 -0.14374672E+03  0.63576221E+01      0.00000000      0.00000000
  0.03700000 -0.13777589E+03  0.57291722E+01      0.00000000      0.00000000
  0.03720000 -0.13228604E+03  0.51893969E+01      0.00000000      0.00000000
  0.03740000 -0.12735829E+03  0.47342672E+01      0.00000000      0.00000000
  0.03760000 -0.12285984E+03  0.43434715E+01      0.00000000      0.00000000
  0.03780000 -0.11866943E+03  0.40014076E+01      0.00000000      0.00000000
  0.03800000 -0.11483411E+03  0.37019281E+01      0.00000000      0.00000000
  0.03820000 -0.11126832E+03  0.34386561E+01      0.00000000      0.00000000
  0.03839999 -0.10800058E+03  0.32076266E+01      0.00000000      0.00000000
  0.03860000 -0.10492455E+03  0.30006714E+01      0.00000000      0.00000000
  0.03880000 -0.10202341E+03  0.28132260E+01      0.00000000      0.00000000
  0.03900000 -0.99327545E+02  0.26457124E+01      0.00000000      0.00000000
  0.03920000 -0.96763016E+02  0.24924583E+01      0.00000000      0.00000000
  0.03940000 -0.94327904E+02  0.23528736E+01      0.00000000      0.00000000
  0.03960000 -0.92039513E+02  0.22258139E+01      0.00000000      0.00000000
  0.03980000 -0.89873222E+02  0.21095667E+01      0.00000000      0.00000000
  0.04000000 -0.87819336E+02  0.20034955E+01      0.00000000      0.00000000
  0.04020000 -0.85853241E+02  0.19049270E+01      0.00000000      0.00000000
  0.04040000 -0.84009720E+02  0.18152258E+01      0.00000000      0.00000000
  0.04060000 -0.82231110E+02  0.17312729E+01      0.00000000      0.00000000
  0.04080000 -0.80544846E+02  0.16535983E+01      0.00000000      0.00000000
  0.04100000 -0.78932953E+02  0.15817037E+01      0.00000000      0.00000000
  0.04120000 -0.77393883E+02  0.15146501E+01      0.00000000      0.00000000
  0.04140000 -0.75894081E+02  0.14515243E+01      0.00000000      0.00000000
  0.04160000 -0.74461060E+02  0.13923216E+01      0.00000000      0.00000000
  0.04180000 -0.73103149E+02  0.13376846E+01      0.00000000      0.00000000
  0.04200000 -0.71803581E+02  0.12862961E+01      0.00000000      0.00000000
  0.04220000 -0.70544289E+02  0.12378341E+01      0.00000000      0.00000000
  0.04240000 -0.69331345E+02  0.11922328E+01      0.00000000      0.00000000
  0.04260000 -0.68172348E+02  0.11495538E+01      0.00000000      0.00000000
  0.04280000 -0.67052094E+02  0.11094787E+01      0.00000000      0.00000000
  0.04300000 -0.65948792E+02  0.10705918E+01      0.00000000      0.00000000
  0.04320000 -0.64896667E+02  0.10342391E+01      0.00000000      0.00000000
  0.04340000 -0.63879280E+02  0.99937654E+00      0.00000000      0.00000000
  0.04360000 -0.62887772E+02  0.96654999E+00      0.00000000      0.00000000
  0.04380000 -0.61931915E+02  0.93551290E+00      0.00000000      0.00000000
  0.04400000 -0.61021236E+02  0.90628672E+00      0.00000000      0.00000000
  0.04420000 -0.60132584E+02  0.87855744E+00      0.00000000      0.00000000
  0.04440000 -0.59267357E+02  0.85177755E+00      0.00000000      0.00000000
  0.04460000 -0.58437130E+02  0.82638109E+00      0.00000000      0.00000000
  0.04480000 -0.57629822E+02  0.80228329E+00      0.00000000      0.00000000
  0.04500000 -0.56838322E+02  0.77903485E+00      0.00000000      0.00000000
  0.04520000 -0.56065353E+02  0.75684988E+00      0.00000000      0.00000000
  0.04539999 -0.55314835E+02  0.73558682E+00      0.00000000      0.00000000
  0.04560000 -0.54591404E+02  0.71512902E+00      0.00000000      0.00000000
  0.04580000 -0.53891251E+02  0.69571686E+00      0.00000000      0.00000000
  0.04600000 -0.53210686E+02  0.67732739E+00      0.00000000      0.00000000
  0.04620000 -0.52534897E+02  0.65925837E+00      0.00000000      0.00000000
  0.04640000 -0.51880939E+02  0.64205384E+00      0.00000000      0.00000000
  0.04660000 -0.51244049E+02  0.62542242E+00      0.00000000      0.00000000
  0.04680000 -0.50624325E+02  0.60954916E+00      0.00000000      0.00000000
  0.04700000 -0.50020279E+02  0.59444916E+00      0.00000000      0.00000000
  0.04720000 -0.49433956E+02  0.57991660E+00      0.00000000      0.00000000
  0.04740000 -0.48869419E+02  0.56599325E+00      0.00000000      0.00000000
  0.04759999 -0.48317223E+02  0.55265844E+00      0.00000000      0.00000000
  0.04780000 -0.47764404E+02  0.53941119E+00      0.00000000      0.00000000
  0.04800000 -0.47232468E+02  0.52689350E+00      0.00000000      0.00000000
  0.04820000 -0.46706207E+02  0.51464474E+00      0.00000000      0.00000000
  0.04840000 -0.46194313E+02  0.50290477E+00      0.00000000      0.00000000
  0.04860000 -0.45698151E+02  0.49154598E+00      0.00000000      0.00000000
  0.04880000 -0.45212402E+02  0.48056430E+00      0.00000000      0.00000000
  0.04899999 -0.44735741E+02  0.47004825E+00      0.00000000      0.00000000
  0.04920000 -0.44271858E+02  0.45978546E+00      0.00000000      0.00000000
  0.04940000 -0.43815628E+02  0.45000374E+00      0.00000000      0.00000000
  0.04960000 -0.43369789E+02  0.44033229E+00      0.00000000      0.00000000
  0.04979999 -0.42937283E+02  0.43118995E+00      0.00000000      0.00000000
  0.05000000 -0.42509186E+02  0.42226657E+00      0.00000000      0.00000000
  0.05020000 -0.42091965E+02  0.41357088E+00      0.00000000      0.00000000
  0.05040000 -0.41677067E+02  0.40510264E+00      0.00000000      0.00000000
  0.05060000 -0.41279526E+02  0.39703819E+00      0.00000000      0.00000000
  0.05080000 -0.40888622E+02  0.38918138E+00      0.00000000      0.00000000
  0.05100000 -0.40499737E+02  0.38149190E+00      0.00000000      0.00000000
  0.05119999 -0.40123764E+02  0.37412679E+00      0.00000000      0.00000000
  0.05140000 -0.39754227E+02  0.36703655E+00      0.00000000      0.00000000
  0.05160000 -0.39391388E+02  0.36008805E+00      0.00000000      0.00000000
  0.05180000 -0.39033115E+02  0.35321113E+00      0.00000000      0.00000000
  0.05199999 -0.38684471E+02  0.34663761E+00      0.00000000      0.00000000
  0.05220000 -0.38337906E+02  0.34020388E+00      0.00000000      0.00000000
  0.05240000 -0.38003487E+02  0.33400625E+00      0.00000000      0.00000000
  0.05260000 -0.37671394E+02  0.32789031E+00      0.00000000      0.00000000
  0.05280000 -0.37346947E+02  0.32203144E+00      0.00000000      0.00000000
  0.05300000 -0.37029419E+02  0.31640851E+00      0.00000000      0.00000000
  0.05320000 -0.36718021E+02  0.31089333E+00      0.00000000      0.00000000
  0.05339999 -0.36411533E+02  0.30538747E+00      0.00000000      0.00000000
  0.05360000 -0.36108089E+02  0.30002898E+00      0.00000000      0.00000000
  0.05380000 -0.35810600E+02  0.29495925E+00      0.00000000      0.00000000
  0.05400000 -0.35515728E+02  0.28987944E+00      0.00000000      0.00000000
  0.05420000 -0.35229301E+02  0.28498948E+00      0.00000000      0.00000000
  0.05440000 -0.34945541E+02  0.28020713E+00      0.00000000      0.00000000
  0.05460000 -0.34669678E+02  0.27564541E+00      0.00000000      0.00000000
  0.05480000 -0.34395065E+02  0.27106842E+00      0.00000000      0.00000000
  0.05500000 -0.34127052E+02  0.26668799E+00      0.00000000      0.00000000
  0.05520000 -0.33860729E+02  0.26235962E+00      0.00000000      0.00000000
  0.05540000 -0.33598133E+02  0.25816819E+00      0.00000000      0.00000000
  0.05560000 -0.33340126E+02  0.25398353E+00      0.00000000      0.00000000
  0.05580000 -0.33089428E+02  0.24998760E+00      0.00000000      0.00000000
  0.05600000 -0.32842468E+02  0.24611114E+00      0.00000000      0.00000000
  0.05620000 -0.32598347E+02  0.24237305E+00      0.00000000      0.00000000
  0.05640000 -0.32357628E+02  0.23860686E+00      0.00000000      0.00000000
  0.05660000 -0.32120644E+02  0.23499228E+00      0.00000000      0.00000000
  0.05680000 -0.31889050E+02  0.23144482E+00      0.00000000      0.00000000
  0.05700000 -0.31660717E+02  0.22798730E+00      0.00000000      0.00000000
  0.05720000 -0.31435749E+02  0.22462131E+00      0.00000000      0.00000000
  0.05740000 -0.31212662E+02  0.22130860E+00      0.00000000      0.00000000
  0.05760000 -0.30990469E+02  0.21803436E+00      0.00000000      0.00000000
  0.05780000 -0.30773808E+02  0.21490264E+00      0.00000000      0.00000000
  0.05800000 -0.30561882E+02  0.21177158E+00      0.00000000      0.00000000
  0.05819999 -0.30351748E+02  0.20873868E+00      0.00000000      0.00000000
  0.05840000 -0.30145521E+02  0.20584512E+00      0.00000000      0.00000000
  0.05860000 -0.29942108E+02  0.20291200E+00      0.00000000      0.00000000
  0.05880000 -0.29740799E+02  0.19996977E+00      0.00000000      0.00000000
  0.05900000 -0.29541050E+02  0.19724499E+00      0.00000000      0.00000000
  0.05920000 -0.29347797E+02  0.19455972E+00      0.00000000      0.00000000
  0.05940000 -0.29155354E+02  0.19193262E+00      0.00000000      0.00000000
  0.05960000 -0.28962736E+02  0.18929037E+00      0.00000000      0.00000000
  0.05980000 -0.28774395E+02  0.18667725E+00      0.00000000      0.00000000
  0.06000000 -0.28589386E+02  0.18419248E+00      0.00000000      0.00000000
  0.06020000 -0.28404156E+02  0.18168379E+00      0.00000000      0.00000000
  0.06039999 -0.28222412E+02  0.17928079E+00      0.00000000      0.00000000
  0.06060000 -0.28044037E+02  0.17689028E+00      0.00000000      0.00000000
  0.06080000 -0.27868795E+02  0.17457984E+00      0.00000000      0.00000000
  0.06100000 -0.27696804E+02  0.17237368E+00      0.00000000      0.00000000
  0.06119999 -0.27524992E+02  0.17017108E+00      0.00000000      0.00000000
  0.06140000 -0.27355188E+02  0.16793817E+00      0.00000000      0.00000000
  0.06160000 -0.27188210E+02  0.16579092E+00      0.00000000      0.00000000
  0.06180000 -0.27023010E+02  0.16369100E+00      0.00000000      0.00000000
  0.06200000 -0.26861568E+02  0.16168030E+00      0.00000000      0.00000000
  0.06220000 -0.26702305E+02  0.15965906E+00      0.00000000      0.00000000
  0.06240000 -0.26543369E+02  0.15767410E+00      0.00000000      0.00000000
  0.06259999 -0.26385838E+02  0.15571405E+00      0.00000000      0.00000000
  0.06280001 -0.26231297E+02  0.15377200E+00      0.00000000      0.00000000
  0.06300000 -0.26077072E+02  0.15191925E+00      0.00000000      0.00000000
  0.06320000 -0.25927135E+02  0.15009204E+00      0.00000000      0.00000000
  0.06339999 -0.25776554E+02  0.14826043E+00      0.00000000      0.00000000
  0.06360000 -0.25629135E+02  0.14648271E+00      0.00000000      0.00000000
  0.06380000 -0.25483845E+02  0.14479145E+00      0.00000000      0.00000000
  0.06400000 -0.25339691E+02  0.14306058E+00      0.00000000      0.00000000
  0.06420000 -0.25197380E+02  0.14133538E+00      0.00000000      0.00000000
  0.06440000 -0.25056828E+02  0.13968664E+00      0.00000000      0.00000000
  0.06460000 -0.24918488E+02  0.13810778E+00      0.00000000      0.00000000
  0.06479999 -0.24780527E+02  0.13651207E+00      0.00000000      0.00000000
  0.06500000 -0.24646309E+02  0.13497567E+00      0.00000000      0.00000000
  0.06520000 -0.24512901E+02  0.13342421E+00      0.00000000      0.00000000
  0.06540000 -0.24378513E+02  0.13185248E+00      0.00000000      0.00000000
  0.06559999 -0.24247635E+02  0.13039610E+00      0.00000000      0.00000000
  0.06580000 -0.24117796E+02  0.12893340E+00      0.00000000      0.00000000
  0.06600000 -0.23988789E+02  0.12749375E+00      0.00000000      0.00000000
  0.06620000 -0.23861931E+02  0.12606463E+00      0.00000000      0.00000000
  0.06640000 -0.23737675E+02  0.12472039E+00      0.00000000      0.00000000
  0.06660000 -0.23614622E+02  0.12337710E+00      0.00000000      0.00000000
  0.06680001 -0.23491209E+02  0.12198563E+00      0.00000000      0.00000000
  0.06699999 -0.23371273E+02  0.12067738E+00      0.00000000      0.00000000
  0.06720000 -0.23250793E+02  0.11938903E+00      0.00000000      0.00000000
  0.06739999 -0.23131374E+02  0.11808594E+00      0.00000000      0.00000000
  0.06760000 -0.23013927E+02  0.11685843E+00      0.00000000      0.00000000
  0.06780000 -0.22898186E+02  0.11559582E+00      0.00000000      0.00000000
  0.06800000 -0.22783566E+02  0.11438656E+00      0.00000000      0.00000000
  0.06820000 -0.22668863E+02  0.11319757E+00      0.00000000      0.00000000
  0.06840000 -0.22556738E+02  0.11201115E+00      0.00000000      0.00000000
  0.06859999 -0.22443359E+02  0.11080624E+00      0.00000000      0.00000000
  0.06880000 -0.22333483E+02  0.10968901E+00      0.00000000      0.00000000
  0.06900001 -0.22224136E+02  0.10857993E+00      0.00000000      0.00000000
  0.06919999 -0.22115532E+02  0.10747053E+00      0.00000000      0.00000000
  0.06940000 -0.22009750E+02  0.10636292E+00      0.00000000      0.00000000
  0.06960000 -0.21904058E+02  0.10527967E+00      0.00000000      0.00000000
  0.06980000 -0.21799955E+02  0.10421553E+00      0.00000000      0.00000000
  0.07000000 -0.21695639E+02  0.10316955E+00      0.00000000      0.00000000
  0.07020000 -0.21593632E+02  0.10216415E+00      0.00000000      0.00000000
  0.07040000 -0.21492481E+02  0.10114285E+00      0.00000000      0.00000000
  0.07060000 -0.21390404E+02  0.10013187E+00      0.00000000      0.00000000
  0.07079999 -0.21290134E+02  0.99138588E-01      0.00000000      0.00000000
  0.07099999 -0.21190989E+02  0.98165929E-01      0.00000000      0.00000000
  0.07120001 -0.21093155E+02  0.97235985E-01      0.00000000      0.00000000
  0.07139999 -0.20996008E+02  0.96273899E-01      0.00000000      0.00000000
  0.07160000 -0.20901699E+02  0.95371753E-01      0.00000000      0.00000000
  0.07180000 -0.20806293E+02  0.94428100E-01      0.00000000      0.00000000
  0.07200000 -0.20711857E+02  0.93541145E-01      0.00000000      0.00000000
  0.07220000 -0.20619246E+02  0.92666134E-01      0.00000000      0.00000000
  0.07239999 -0.20527325E+02  0.91814026E-01      0.00000000      0.00000000
  0.07260000 -0.20436296E+02  0.90932116E-01      0.00000000      0.00000000
  0.07280000 -0.20344069E+02  0.90072438E-01      0.00000000      0.00000000
  0.07299999 -0.20255129E+02  0.89262716E-01      0.00000000      0.00000000
  0.07319999 -0.20166981E+02  0.88443071E-01      0.00000000      0.00000000
  0.07340001 -0.20079567E+02  0.87600835E-01      0.00000000      0.00000000
  0.07359999 -0.19992018E+02  0.86808108E-01      0.00000000      0.00000000
  0.07380000 -0.19905390E+02  0.86003616E-01      0.00000000      0.00000000
  0.07400000 -0.19820156E+02  0.85244551E-01      0.00000000      0.00000000
  0.07420000 -0.19735888E+02  0.84459320E-01      0.00000000      0.00000000
  0.07440000 -0.19651054E+02  0.83707020E-01      0.00000000      0.00000000
  0.07460000 -0.19567339E+02  0.82939886E-01      0.00000000      0.00000000
  0.07480000 -0.19485149E+02  0.82213610E-01      0.00000000      0.00000000
  0.07500000 -0.19404106E+02  0.81511006E-01      0.00000000      0.00000000
  0.07519999 -0.19324348E+02  0.80792710E-01      0.00000000      0.00000000
  0.07539999 -0.19243597E+02  0.80047034E-01      0.00000000      0.00000000
  0.07560000 -0.19164162E+02  0.79353198E-01      0.00000000      0.00000000
  0.07579999 -0.19084620E+02  0.78633904E-01      0.00000000      0.00000000
  0.07600000 -0.19005554E+02  0.77965856E-01      0.00000000      0.00000000
  0.07620000 -0.18928011E+02  0.77306859E-01      0.00000000      0.00000000
  0.07640000 -0.18851328E+02  0.76658204E-01      0.00000000      0.00000000
  0.07660000 -0.18774803E+02  0.75967915E-01      0.00000000      0.00000000
  0.07680000 -0.18699579E+02  0.75357512E-01      0.00000000      0.00000000
  0.07699999 -0.18624413E+02  0.74674889E-01      0.00000000      0.00000000
  0.07720000 -0.18550777E+02  0.74042857E-01      0.00000000      0.00000000
  0.07739999 -0.18476732E+02  0.73426932E-01      0.00000000      0.00000000
  0.07759999 -0.18403166E+02  0.72830610E-01      0.00000000      0.00000000
  0.07780000 -0.18330196E+02  0.72209179E-01      0.00000000      0.00000000
  0.07799999 -0.18258404E+02  0.71592100E-01      0.00000000      0.00000000
  0.07820000 -0.18186905E+02  0.71013540E-01      0.00000000      0.00000000
  0.07840000 -0.18116409E+02  0.70406973E-01      0.00000000      0.00000000
  0.07860000 -0.18047123E+02  0.69850609E-01      0.00000000      0.00000000
  0.07880000 -0.17977322E+02  0.69260545E-01      0.00000000      0.00000000
  0.07900000 -0.17909008E+02  0.68720371E-01      0.00000000      0.00000000
  0.07919999 -0.17839926E+02  0.68135485E-01      0.00000000      0.00000000
  0.07940000 -0.17771204E+02  0.67587733E-01      0.00000000      0.00000000
  0.07960001 -0.17703817E+02  0.67051679E-01      0.00000000      0.00000000
  0.07979999 -0.17636824E+02  0.66495635E-01      0.00000000      0.00000000
