 -0.04000000  0.32955650E+02  0.19862586E+00      0.00000000      0.00000000
 -0.03980000  0.33156193E+02  0.20098647E+00      0.00000000      0.00000000
 -0.03960000  0.33361534E+02  0.20341831E+00      0.00000000      0.00000000
 -0.03940000  0.33563751E+02  0.20582831E+00      0.00000000      0.00000000
 -0.03920000  0.33768734E+02  0.20828715E+00      0.00000000      0.00000000
 -0.03900000  0.33979683E+02  0.21083313E+00      0.00000000      0.00000000
 -0.03880000  0.34190094E+02  0.21338810E+00      0.00000000      0.00000000
 -0.03860000  0.34408886E+02  0.21606070E+00      0.00000000      0.00000000
 -0.03840000  0.34626019E+02  0.21872967E+00      0.00000000      0.00000000
 -0.03820000  0.34845352E+02  0.22144511E+00      0.00000000      0.00000000
 -0.03800000  0.35068390E+02  0.22422324E+00      0.00000000      0.00000000
 -0.03780000  0.35294159E+02  0.22705136E+00      0.00000000      0.00000000
 -0.03760000  0.35521492E+02  0.22992101E+00      0.00000000      0.00000000
 -0.03740000  0.35753731E+02  0.23287047E+00      0.00000000      0.00000000
 -0.03720000  0.35986843E+02  0.23584978E+00      0.00000000      0.00000000
 -0.03700000  0.36227348E+02  0.23894304E+00      0.00000000      0.00000000
 -0.03680000  0.36468330E+02  0.24206612E+00      0.00000000      0.00000000
 -0.03660000  0.36713200E+02  0.24525896E+00      0.00000000      0.00000000
 -0.03640000  0.36959885E+02  0.24849817E+00      0.00000000      0.00000000
 -0.03620000  0.37212593E+02  0.25183743E+00      0.00000000      0.00000000
 -0.03600000  0.37467999E+02  0.25523752E+00      0.00000000      0.00000000
 -0.03580000  0.37721889E+02  0.25864074E+00      0.00000000      0.00000000
 -0.03560000  0.37979618E+02  0.26211846E+00      0.00000000      0.00000000
 -0.03540000  0.38239037E+02  0.26564696E+00      0.00000000      0.00000000
 -0.03520000  0.38501694E+02  0.26924217E+00      0.00000000      0.00000000
 -0.03500000  0.38771580E+02  0.27296105E+00      0.00000000      0.00000000
 -0.03480000  0.39048359E+02  0.27680287E+00      0.00000000      0.00000000
 -0.03460000  0.39327553E+02  0.28070647E+00      0.00000000      0.00000000
 -0.03440000  0.39610863E+02  0.28469816E+00      0.00000000      0.00000000
 -0.03420000  0.39900696E+02  0.28880918E+00      0.00000000      0.00000000
 -0.03400000  0.40194672E+02  0.29301071E+00      0.00000000      0.00000000
 -0.03380000  0.40490814E+02  0.29727656E+00      0.00000000      0.00000000
 -0.03360000  0.40792377E+02  0.30165356E+00      0.00000000      0.00000000
 -0.03340000  0.41096127E+02  0.30609560E+00      0.00000000      0.00000000
 -0.03320000  0.41403740E+02  0.31062740E+00      0.00000000      0.00000000
 -0.03300000  0.41713669E+02  0.31523320E+00      0.00000000      0.00000000
 -0.03280000  0.42035454E+02  0.32004678E+00      0.00000000      0.00000000
 -0.03260000  0.42356594E+02  0.32488996E+00      0.00000000      0.00000000
 -0.03240000  0.42686226E+02  0.32990134E+00      0.00000000      0.00000000
 -0.03220000  0.43013607E+02  0.33492041E+00      0.00000000      0.00000000
 -0.03200000  0.43353565E+02  0.34017015E+00      0.00000000      0.00000000
 -0.03180000  0.43692959E+02  0.34545735E+00      0.00000000      0.00000000
 -0.03160000  0.44044846E+02  0.35098377E+00      0.00000000      0.00000000
 -0.03140000  0.44395233E+02  0.35653183E+00      0.00000000      0.00000000
 -0.03120000  0.44751163E+02  0.36221430E+00      0.00000000      0.00000000
 -0.03100000  0.45115761E+02  0.36808392E+00      0.00000000      0.00000000
 -0.03080000  0.45490196E+02  0.37416321E+00      0.00000000      0.00000000
 -0.03060000  0.45871738E+02  0.38041067E+00      0.00000000      0.00000000
 -0.03040000  0.46255939E+02  0.38675863E+00      0.00000000      0.00000000
 -0.03020000  0.46649586E+02  0.39332032E+00      0.00000000      0.00000000
 -0.03000000  0.47045429E+02  0.39997578E+00      0.00000000      0.00000000
 -0.02980000  0.47452198E+02  0.40687728E+00      0.00000000      0.00000000
 -0.02960000  0.47862820E+02  0.41390672E+00      0.00000000      0.00000000
 -0.02940000  0.48275997E+02  0.42104745E+00      0.00000000      0.00000000
 -0.02920000  0.48703899E+02  0.42850947E+00      0.00000000      0.00000000
 -0.02900000  0.49135380E+02  0.43610325E+00      0.00000000      0.00000000
 -0.02880000  0.49573830E+02  0.44389164E+00      0.00000000      0.00000000
 -0.02860000  0.50022240E+02  0.45193499E+00      0.00000000      0.00000000
 -0.02840000  0.50481003E+02  0.46024108E+00      0.00000000      0.00000000
 -0.02820000  0.50939812E+02  0.46863019E+00      0.00000000      0.00000000
 -0.02800000  0.51416786E+02  0.47743624E+00      0.00000000      0.00000000
 -0.02780000  0.51898853E+02  0.48642278E+00      0.00000000      0.00000000
 -0.02760000  0.52386799E+02  0.49561346E+00      0.00000000      0.00000000
 -0.02740000  0.52882637E+02  0.50505114E+00      0.00000000      0.00000000
 -0.02720000  0.53397621E+02  0.51494902E+00      0.00000000      0.00000000
 -0.02700000  0.53926003E+02  0.52521127E+00      0.00000000      0.00000000
 -0.02680000  0.54447605E+02  0.53544742E+00      0.00000000      0.00000000
 -0.02660000  0.54983921E+02  0.54608494E+00      0.00000000      0.00000000
 -0.02640000  0.55534744E+02  0.55712777E+00      0.00000000      0.00000000
 -0.02620000  0.56099556E+02  0.56857371E+00      0.00000000      0.00000000
 -0.02600000  0.56667416E+02  0.58020997E+00      0.00000000      0.00000000
 -0.02580000  0.57257217E+02  0.59242964E+00      0.00000000      0.00000000
 -0.02560000  0.57851250E+02  0.60487944E+00      0.00000000      0.00000000
 -0.02540000  0.58467289E+02  0.61793160E+00      0.00000000      0.00000000
 -0.02520000  0.59091469E+02  0.63131368E+00      0.00000000      0.00000000
 -0.02500000  0.59728317E+02  0.64512956E+00      0.00000000      0.00000000
 -0.02480000  0.60379738E+02  0.65942907E+00      0.00000000      0.00000000
 -0.02460000  0.61038822E+02  0.67407250E+00      0.00000000      0.00000000
 -0.02440000  0.61718414E+02  0.68935931E+00      0.00000000      0.00000000
 -0.02420000  0.62411884E+02  0.70515347E+00      0.00000000      0.00000000
 -0.02400000  0.63121929E+02  0.72151291E+00      0.00000000      0.00000000
 -0.02380000  0.63859016E+02  0.73871589E+00      0.00000000      0.00000000
 -0.02360000  0.64614281E+02  0.75658107E+00      0.00000000      0.00000000
 -0.02340000  0.65379417E+02  0.77492368E+00      0.00000000      0.00000000
 -0.02320000  0.66161880E+02  0.79393065E+00      0.00000000      0.00000000
 -0.02300000  0.66960220E+02  0.81358874E+00      0.00000000      0.00000000
 -0.02280000  0.67777710E+02  0.83399069E+00      0.00000000      0.00000000
 -0.02260000  0.68624298E+02  0.85541499E+00      0.00000000      0.00000000
 -0.02240000  0.69483757E+02  0.87748826E+00      0.00000000      0.00000000
 -0.02220000  0.70368141E+02  0.90051997E+00      0.00000000      0.00000000
 -0.02200000  0.71290344E+02  0.92488956E+00      0.00000000      0.00000000
 -0.02180000  0.72226952E+02  0.95002210E+00      0.00000000      0.00000000
 -0.02160000  0.73196640E+02  0.97643530E+00      0.00000000      0.00000000
 -0.02140000  0.74189491E+02  0.10039186E+01      0.00000000      0.00000000
 -0.02120000  0.75207710E+02  0.10325335E+01      0.00000000      0.00000000
 -0.02100000  0.76245636E+02  0.10621827E+01      0.00000000      0.00000000
 -0.02080000  0.77320572E+02  0.10933847E+01      0.00000000      0.00000000
 -0.02060000  0.78436546E+02  0.11263406E+01      0.00000000      0.00000000
 -0.02040000  0.79568939E+02  0.11603460E+01      0.00000000      0.00000000
 -0.02020000  0.80750435E+02  0.11964339E+01      0.00000000      0.00000000
 -0.02000000  0.81984741E+02  0.12348299E+01      0.00000000      0.00000000
 -0.01980000  0.83247772E+02  0.12748438E+01      0.00000000      0.00000000
 -0.01960000  0.84549255E+02  0.13168628E+01      0.00000000      0.00000000
 -0.01940000  0.85881241E+02  0.13606867E+01      0.00000000      0.00000000
 -0.01920000  0.87253876E+02  0.14067297E+01      0.00000000      0.00000000
 -0.01900000  0.88672768E+02  0.14552610E+01      0.00000000      0.00000000
 -0.01880000  0.90175644E+02  0.15077226E+01      0.00000000      0.00000000
 -0.01860000  0.91716263E+02  0.15626514E+01      0.00000000      0.00000000
 -0.01840000  0.93316254E+02  0.16209308E+01      0.00000000      0.00000000
 -0.01820000  0.94956711E+02  0.16820145E+01      0.00000000      0.00000000
 -0.01800000  0.96677902E+02  0.17475629E+01      0.00000000      0.00000000
 -0.01780000  0.98458763E+02  0.18170065E+01      0.00000000      0.00000000
 -0.01760000  0.10031493E+03  0.18911010E+01      0.00000000      0.00000000
 -0.01740000  0.10226474E+03  0.19708836E+01      0.00000000      0.00000000
 -0.01720000  0.10424273E+03  0.20539069E+01      0.00000000      0.00000000
 -0.01700000  0.10631696E+03  0.21432462E+01      0.00000000      0.00000000
 -0.01680000  0.10850946E+03  0.22402174E+01      0.00000000      0.00000000
 -0.01660000  0.11078087E+03  0.23435051E+01      0.00000000      0.00000000
 -0.01640000  0.11317288E+03  0.24553943E+01      0.00000000      0.00000000
 -0.01620000  0.11571426E+03  0.25778842E+01      0.00000000      0.00000000
 -0.01600000  0.11836649E+03  0.27097628E+01      0.00000000      0.00000000
 -0.01580000  0.12115482E+03  0.28529367E+01      0.00000000      0.00000000
 -0.01560000  0.12409300E+03  0.30089388E+01      0.00000000      0.00000000
 -0.01540000  0.12717231E+03  0.31781654E+01      0.00000000      0.00000000
 -0.01520000  0.13045251E+03  0.33650484E+01      0.00000000      0.00000000
 -0.01500000  0.13393669E+03  0.35711250E+01      0.00000000      0.00000000
 -0.01480000  0.13758191E+03  0.37954159E+01      0.00000000      0.00000000
 -0.01460000  0.14146602E+03  0.40442982E+01      0.00000000      0.00000000
 -0.01440000  0.14557391E+03  0.43189964E+01      0.00000000      0.00000000
 -0.01420000  0.14997479E+03  0.46267519E+01      0.00000000      0.00000000
 -0.01400000  0.15475995E+03  0.49775000E+01      0.00000000      0.00000000
 -0.01380000  0.15997885E+03  0.53797674E+01      0.00000000      0.00000000
 -0.01360000  0.16560774E+03  0.58375425E+01      0.00000000      0.00000000
 -0.01340000  0.17168118E+03  0.63600388E+01      0.00000000      0.00000000
 -0.01320000  0.17821280E+03  0.69562731E+01      0.00000000      0.00000000
 -0.01300000  0.18547437E+03  0.76622820E+01      0.00000000      0.00000000
 -0.01280000  0.19357231E+03  0.85050554E+01      0.00000000      0.00000000
 -0.01260000  0.20245636E+03  0.94995909E+01      0.00000000      0.00000000
 -0.01240000  0.21247028E+03  0.10711514E+02      0.00000000      0.00000000
 -0.01220000  0.22371484E+03  0.12192102E+02      0.00000000      0.00000000
 -0.01200000  0.23663098E+03  0.14055513E+02      0.00000000      0.00000000
 -0.01180000  0.25149945E+03  0.16425316E+02      0.00000000      0.00000000
 -0.01160000  0.26913733E+03  0.19562504E+02      0.00000000      0.00000000
 -0.01140000  0.29028003E+03  0.23811913E+02      0.00000000      0.00000000
 -0.01120000  0.31623749E+03  0.29794815E+02      0.00000000      0.00000000
 -0.01100000  0.34913025E+03  0.38659313E+02      0.00000000      0.00000000
 -0.01080000  0.39187390E+03  0.52469307E+02      0.00000000      0.00000000
 -0.01060000  0.44987198E+03  0.75721405E+02      0.00000000      0.00000000
 -0.01040000  0.53314099E+03  0.11948639E+03      0.00000000      0.00000000
 -0.01020000  0.66067944E+03  0.21725563E+03      0.00000000      0.00000000
 -0.01000000  0.83967938E+03  0.48533731E+03      0.00000000      0.00000000
 -0.00980000  0.70692761E+03  0.12340818E+04      0.00000000      0.00000000
 -0.00960000 -0.47010492E+03  0.11321129E+04      0.00000000      0.00000000
 -0.00940000 -0.50548236E+03  0.43778363E+03      0.00000000      0.00000000
 -0.00920000 -0.32825311E+03  0.20402881E+03      0.00000000      0.00000000
 -0.00900000 -0.20466295E+03  0.11727732E+03      0.00000000      0.00000000
 -0.00880000 -0.11942058E+03  0.77382698E+02      0.00000000      0.00000000
 -0.00860000 -0.56922440E+02  0.56661827E+02      0.00000000      0.00000000
 -0.00840000 -0.88571472E+01  0.45308548E+02      0.00000000      0.00000000
 -0.00820000  0.31293610E+02  0.38795181E+02      0.00000000      0.00000000
 -0.00800000  0.67178505E+02  0.35221825E+02      0.00000000      0.00000000
 -0.00780000  0.10109300E+03  0.33746555E+02      0.00000000      0.00000000
 -0.00760000  0.13437236E+03  0.34025097E+02      0.00000000      0.00000000
 -0.00740000  0.16816051E+03  0.35932766E+02      0.00000000      0.00000000
 -0.00720000  0.20527768E+03  0.39805557E+02      0.00000000      0.00000000
 -0.00700000  0.24636752E+03  0.46178532E+02      0.00000000      0.00000000
 -0.00680000  0.29517542E+03  0.56483753E+02      0.00000000      0.00000000
 -0.00660000  0.35647623E+03  0.73680763E+02      0.00000000      0.00000000
 -0.00640000  0.43767413E+03  0.10429864E+03      0.00000000      0.00000000
 -0.00620000  0.55263525E+03  0.16561655E+03      0.00000000      0.00000000
 -0.00600000  0.72261304E+03  0.31213416E+03      0.00000000      0.00000000
 -0.00580000  0.90385388E+03  0.73225299E+03      0.00000000      0.00000000
 -0.00560000  0.26507245E+03  0.15202998E+04      0.00000000      0.00000000
 -0.00540000 -0.51023297E+03  0.82155945E+03      0.00000000      0.00000000
 -0.00520000 -0.32047141E+03  0.37514062E+03      0.00000000      0.00000000
 -0.00500000 -0.99772255E+02  0.25221539E+03      0.00000000      0.00000000
 -0.00480000  0.10822442E+03  0.25438399E+03      0.00000000      0.00000000
 -0.00460000  0.33470215E+03  0.39159174E+03      0.00000000      0.00000000
 -0.00440000  0.50757623E+03  0.89129169E+03      0.00000000      0.00000000
 -0.00420000 -0.36755530E+03  0.15084734E+04      0.00000000      0.00000000
 -0.00400000 -0.90544293E+03  0.69426819E+03      0.00000000      0.00000000
 -0.00380000 -0.71183203E+03  0.29392056E+03      0.00000000      0.00000000
 -0.00360000 -0.54707996E+03  0.15859389E+03      0.00000000      0.00000000
 -0.00340000 -0.43701810E+03  0.10156110E+03      0.00000000      0.00000000
 -0.00320000 -0.35778455E+03  0.72067856E+02      0.00000000      0.00000000
 -0.00300000 -0.29758832E+03  0.55296284E+02      0.00000000      0.00000000
 -0.00280000 -0.24896729E+03  0.45006828E+02      0.00000000      0.00000000
 -0.00260000 -0.20849701E+03  0.38668621E+02      0.00000000      0.00000000
 -0.00240000 -0.17234250E+03  0.34724880E+02      0.00000000      0.00000000
 -0.00220000 -0.13934409E+03  0.32630608E+02      0.00000000      0.00000000
 -0.00200000 -0.10764679E+03  0.32071854E+02      0.00000000      0.00000000
 -0.00180000 -0.76022583E+02  0.33010460E+02      0.00000000      0.00000000
 -0.00160000 -0.42133545E+02  0.35747372E+02      0.00000000      0.00000000
 -0.00140000 -0.57786255E+01  0.40738762E+02      0.00000000      0.00000000
 -0.00120000  0.37212128E+02  0.49421917E+02      0.00000000      0.00000000
 -0.00100000  0.90276489E+02  0.64381577E+02      0.00000000      0.00000000
 -0.00080000  0.16044133E+03  0.91626732E+02      0.00000000      0.00000000
 -0.00060000  0.26110153E+03  0.14727399E+03      0.00000000      0.00000000
 -0.00040000  0.41024786E+03  0.27841541E+03      0.00000000      0.00000000
 -0.00020000  0.58493896E+03  0.66751160E+03      0.00000000      0.00000000
  0.00000000  0.41646469E+02  0.14835503E+04      0.00000000      0.00000000
  0.00020000 -0.89467603E+03  0.86080585E+03      0.00000000      0.00000000
  0.00040000 -0.76884778E+03  0.33772040E+03      0.00000000      0.00000000
  0.00060000 -0.60457837E+03  0.16555681E+03      0.00000000      0.00000000
  0.00080000 -0.49839856E+03  0.97844597E+02      0.00000000      0.00000000
  0.00100000 -0.42610571E+03  0.64375404E+02      0.00000000      0.00000000
  0.00120000 -0.37534705E+03  0.45959679E+02      0.00000000      0.00000000
  0.00140000 -0.33736191E+03  0.34644722E+02      0.00000000      0.00000000
  0.00160000 -0.30773563E+03  0.27181269E+02      0.00000000      0.00000000
  0.00180000 -0.28385571E+03  0.21984087E+02      0.00000000      0.00000000
  0.00200000 -0.26409836E+03  0.18208931E+02      0.00000000      0.00000000
  0.00220000 -0.24775798E+03  0.15429316E+02      0.00000000      0.00000000
  0.00240000 -0.23360399E+03  0.13261266E+02      0.00000000      0.00000000
  0.00260000 -0.22136752E+03  0.11559046E+02      0.00000000      0.00000000
  0.00280000 -0.21063344E+03  0.10192043E+02      0.00000000      0.00000000
  0.00300000 -0.20102779E+03  0.90647507E+01      0.00000000      0.00000000
  0.00320000 -0.19247287E+03  0.81341343E+01      0.00000000      0.00000000
  0.00340000 -0.18477011E+03  0.73535538E+01      0.00000000      0.00000000
  0.00360000 -0.17774971E+03  0.66876068E+01      0.00000000      0.00000000
  0.00380000 -0.17138342E+03  0.61199799E+01      0.00000000      0.00000000
  0.00400000 -0.16560187E+03  0.56334839E+01      0.00000000      0.00000000
  0.00420000 -0.16021735E+03  0.52043457E+01      0.00000000      0.00000000
  0.00440000 -0.15522235E+03  0.48263550E+01      0.00000000      0.00000000
  0.00460000 -0.15055719E+03  0.44902039E+01      0.00000000      0.00000000
  0.00480000 -0.14627919E+03  0.41960373E+01      0.00000000      0.00000000
  0.00500000 -0.14222168E+03  0.39290085E+01      0.00000000      0.00000000
  0.00520000 -0.13839056E+03  0.36874084E+01      0.00000000      0.00000000
  0.00540000 -0.13480849E+03  0.34704590E+01      0.00000000      0.00000000
  0.00560000 -0.13146347E+03  0.32755127E+01      0.00000000      0.00000000
  0.00580000 -0.12829620E+03  0.30975952E+01      0.00000000      0.00000000
  0.00600000 -0.12530411E+03  0.29353485E+01      0.00000000      0.00000000
  0.00620000 -0.12245978E+03  0.27862320E+01      0.00000000      0.00000000
  0.00640000 -0.11976622E+03  0.26495628E+01      0.00000000      0.00000000
  0.00660000 -0.11718046E+03  0.25224380E+01      0.00000000      0.00000000
  0.00680000 -0.11469097E+03  0.24037495E+01      0.00000000      0.00000000
  0.00700000 -0.11234277E+03  0.22950382E+01      0.00000000      0.00000000
  0.00720000 -0.11008116E+03  0.21932907E+01      0.00000000      0.00000000
  0.00740000 -0.10791518E+03  0.20985165E+01      0.00000000      0.00000000
  0.00760000 -0.10584870E+03  0.20104847E+01      0.00000000      0.00000000
  0.00780000 -0.10387562E+03  0.19285593E+01      0.00000000      0.00000000
  0.00800000 -0.10199889E+03  0.18525925E+01      0.00000000      0.00000000
  0.00820000 -0.10019598E+03  0.17813301E+01      0.00000000      0.00000000
  0.00840000 -0.98472023E+02  0.17147655E+01      0.00000000      0.00000000
  0.00860000 -0.96788200E+02  0.16512127E+01      0.00000000      0.00000000
  0.00880000 -0.95143646E+02  0.15905342E+01      0.00000000      0.00000000
  0.00900000 -0.93576416E+02  0.15339470E+01      0.00000000      0.00000000
  0.00920000 -0.92080132E+02  0.14810867E+01      0.00000000      0.00000000
  0.00940000 -0.90616562E+02  0.14304352E+01      0.00000000      0.00000000
  0.00960000 -0.89210159E+02  0.13826294E+01      0.00000000      0.00000000
  0.00980000 -0.87848907E+02  0.13374023E+01      0.00000000      0.00000000
  0.01000000 -0.86532745E+02  0.12944946E+01      0.00000000      0.00000000
  0.01020000 -0.85259369E+02  0.12537308E+01      0.00000000      0.00000000
  0.01040000 -0.84027878E+02  0.12150230E+01      0.00000000      0.00000000
  0.01060000 -0.82834976E+02  0.11782036E+01      0.00000000      0.00000000
  0.01080000 -0.81683380E+02  0.11432724E+01      0.00000000      0.00000000
  0.01100000 -0.80571136E+02  0.11101074E+01      0.00000000      0.00000000
  0.01120000 -0.79489502E+02  0.10783834E+01      0.00000000      0.00000000
  0.01140000 -0.78426270E+02  0.10477200E+01      0.00000000      0.00000000
  0.01160000 -0.77393906E+02  0.10184107E+01      0.00000000      0.00000000
  0.01180000 -0.76380447E+02  0.99010611E+00      0.00000000      0.00000000
  0.01200000 -0.75405472E+02  0.96331501E+00      0.00000000      0.00000000
  0.01220000 -0.74457657E+02  0.93765545E+00      0.00000000      0.00000000
  0.01240000 -0.73534927E+02  0.91305256E+00      0.00000000      0.00000000
  0.01260000 -0.72627815E+02  0.88922453E+00      0.00000000      0.00000000
  0.01280000 -0.71752708E+02  0.86656046E+00      0.00000000      0.00000000
  0.01300000 -0.70887177E+02  0.84447527E+00      0.00000000      0.00000000
  0.01320000 -0.70051697E+02  0.82345533E+00      0.00000000      0.00000000
  0.01340000 -0.69239395E+02  0.80331230E+00      0.00000000      0.00000000
  0.01360000 -0.68446152E+02  0.78389716E+00      0.00000000      0.00000000
  0.01380000 -0.67668968E+02  0.76513243E+00      0.00000000      0.00000000
  0.01400000 -0.66917740E+02  0.74723482E+00      0.00000000      0.00000000
  0.01420000 -0.66177246E+02  0.72981918E+00      0.00000000      0.00000000
  0.01440000 -0.65448196E+02  0.71288872E+00      0.00000000      0.00000000
  0.01460000 -0.64740372E+02  0.69666219E+00      0.00000000      0.00000000
  0.01480000 -0.64060577E+02  0.68127561E+00      0.00000000      0.00000000
  0.01500000 -0.63382164E+02  0.66610861E+00      0.00000000      0.00000000
  0.01520000 -0.62719883E+02  0.65147769E+00      0.00000000      0.00000000
  0.01540000 -0.62076702E+02  0.63743722E+00      0.00000000      0.00000000
  0.01560000 -0.61446777E+02  0.62384868E+00      0.00000000      0.00000000
  0.01580000 -0.60831539E+02  0.61073279E+00      0.00000000      0.00000000
  0.01600000 -0.60232513E+02  0.59811080E+00      0.00000000      0.00000000
  0.01619999 -0.59641891E+02  0.58580190E+00      0.00000000      0.00000000
  0.01640000 -0.59063828E+02  0.57389361E+00      0.00000000      0.00000000
  0.01660000 -0.58503494E+02  0.56247640E+00      0.00000000      0.00000000
  0.01680000 -0.57944847E+02  0.55120784E+00      0.00000000      0.00000000
  0.01700000 -0.57401497E+02  0.54037142E+00      0.00000000      0.00000000
  0.01720000 -0.56873314E+02  0.52994609E+00      0.00000000      0.00000000
  0.01740000 -0.56348511E+02  0.51969588E+00      0.00000000      0.00000000
  0.01760000 -0.55829811E+02  0.50967109E+00      0.00000000      0.00000000
  0.01780000 -0.55317734E+02  0.49987537E+00      0.00000000      0.00000000
  0.01800000 -0.54828350E+02  0.49061000E+00      0.00000000      0.00000000
  0.01820000 -0.54341484E+02  0.48148572E+00      0.00000000      0.00000000
  0.01840000 -0.53864346E+02  0.47263062E+00      0.00000000      0.00000000
  0.01860000 -0.53393639E+02  0.46398211E+00      0.00000000      0.00000000
  0.01880000 -0.52938087E+02  0.45569378E+00      0.00000000      0.00000000
  0.01900000 -0.52484367E+02  0.44751394E+00      0.00000000      0.00000000
  0.01920000 -0.52035912E+02  0.43950567E+00      0.00000000      0.00000000
  0.01940000 -0.51602943E+02  0.43185335E+00      0.00000000      0.00000000
  0.01960000 -0.51170757E+02  0.42427939E+00      0.00000000      0.00000000
  0.01980000 -0.50753372E+02  0.41703334E+00      0.00000000      0.00000000
  0.02000000 -0.50343227E+02  0.40998137E+00      0.00000000      0.00000000
  0.02020000 -0.49938690E+02  0.40308708E+00      0.00000000      0.00000000
  0.02040000 -0.49538811E+02  0.39633143E+00      0.00000000      0.00000000
  0.02060000 -0.49140881E+02  0.38966924E+00      0.00000000      0.00000000
  0.02080000 -0.48754868E+02  0.38326392E+00      0.00000000      0.00000000
  0.02100000 -0.48373421E+02  0.37698624E+00      0.00000000      0.00000000
  0.02120000 -0.47999428E+02  0.37088805E+00      0.00000000      0.00000000
  0.02140000 -0.47634083E+02  0.36497891E+00      0.00000000      0.00000000
  0.02160000 -0.47267517E+02  0.35910079E+00      0.00000000      0.00000000
  0.02180000 -0.46912891E+02  0.35346118E+00      0.00000000      0.00000000
  0.02200000 -0.46562004E+02  0.34792995E+00      0.00000000      0.00000000
  0.02220000 -0.46218719E+02  0.34256145E+00      0.00000000      0.00000000
  0.02240000 -0.45883186E+02  0.33735424E+00      0.00000000      0.00000000
  0.02260000 -0.45545284E+02  0.33215126E+00      0.00000000      0.00000000
  0.02280000 -0.45214920E+02  0.32711053E+00      0.00000000      0.00000000
  0.02300000 -0.44893707E+02  0.32224524E+00      0.00000000      0.00000000
  0.02320000 -0.44573189E+02  0.31742859E+00      0.00000000      0.00000000
  0.02340000 -0.44258003E+02  0.31272918E+00      0.00000000      0.00000000
  0.02360000 -0.43946594E+02  0.30812192E+00      0.00000000      0.00000000
  0.02380000 -0.43639004E+02  0.30360585E+00      0.00000000      0.00000000
  0.02400000 -0.43337929E+02  0.29922014E+00      0.00000000      0.00000000
  0.02420000 -0.43039974E+02  0.29491216E+00      0.00000000      0.00000000
  0.02440000 -0.42748070E+02  0.29072297E+00      0.00000000      0.00000000
  0.02460000 -0.42460747E+02  0.28662932E+00      0.00000000      0.00000000
  0.02480000 -0.42175735E+02  0.28259912E+00      0.00000000      0.00000000
  0.02500000 -0.41896847E+02  0.27868706E+00      0.00000000      0.00000000
  0.02520000 -0.41617424E+02  0.27479213E+00      0.00000000      0.00000000
  0.02540000 -0.41343822E+02  0.27100581E+00      0.00000000      0.00000000
  0.02560000 -0.41073669E+02  0.26729339E+00      0.00000000      0.00000000
  0.02580000 -0.40809174E+02  0.26368701E+00      0.00000000      0.00000000
  0.02600000 -0.40549873E+02  0.26017621E+00      0.00000000      0.00000000
  0.02620000 -0.40292641E+02  0.25671506E+00      0.00000000      0.00000000
  0.02640000 -0.40035473E+02  0.25327921E+00      0.00000000      0.00000000
  0.02660000 -0.39780479E+02  0.24989611E+00      0.00000000      0.00000000
  0.02680000 -0.39534176E+02  0.24665284E+00      0.00000000      0.00000000
  0.02700000 -0.39289230E+02  0.24344715E+00      0.00000000      0.00000000
  0.02720000 -0.39047215E+02  0.24030109E+00      0.00000000      0.00000000
  0.02740000 -0.38810173E+02  0.23724112E+00      0.00000000      0.00000000
  0.02760000 -0.38575188E+02  0.23422675E+00      0.00000000      0.00000000
  0.02780000 -0.38342419E+02  0.23125938E+00      0.00000000      0.00000000
  0.02800000 -0.38111671E+02  0.22833872E+00      0.00000000      0.00000000
  0.02820000 -0.37884907E+02  0.22548674E+00      0.00000000      0.00000000
  0.02840000 -0.37659790E+02  0.22267389E+00      0.00000000      0.00000000
  0.02860000 -0.37438602E+02  0.21992821E+00      0.00000000      0.00000000
  0.02880000 -0.37220997E+02  0.21724281E+00      0.00000000      0.00000000
  0.02900000 -0.37005711E+02  0.21460390E+00      0.00000000      0.00000000
  0.02920000 -0.36794247E+02  0.21202818E+00      0.00000000      0.00000000
  0.02940000 -0.36581154E+02  0.20944712E+00      0.00000000      0.00000000
  0.02959999 -0.36373970E+02  0.20695403E+00      0.00000000      0.00000000
  0.02980000 -0.36168179E+02  0.20449287E+00      0.00000000      0.00000000
  0.03000000 -0.35965454E+02  0.20208348E+00      0.00000000      0.00000000
  0.03020000 -0.35765053E+02  0.19971785E+00      0.00000000      0.00000000
  0.03040000 -0.35567005E+02  0.19739190E+00      0.00000000      0.00000000
  0.03060000 -0.35369793E+02  0.19508892E+00      0.00000000      0.00000000
  0.03080000 -0.35175697E+02  0.19283536E+00      0.00000000      0.00000000
  0.03100000 -0.34982025E+02  0.19060069E+00      0.00000000      0.00000000
  0.03120000 -0.34793999E+02  0.18844655E+00      0.00000000      0.00000000
  0.03140000 -0.34605164E+02  0.18629348E+00      0.00000000      0.00000000
  0.03160000 -0.34419292E+02  0.18418677E+00      0.00000000      0.00000000
  0.03179999 -0.34237392E+02  0.18213737E+00      0.00000000      0.00000000
  0.03200001 -0.34057308E+02  0.18011919E+00      0.00000000      0.00000000
  0.03220000 -0.33878548E+02  0.17812844E+00      0.00000000      0.00000000
  0.03240000 -0.33701866E+02  0.17617032E+00      0.00000000      0.00000000
  0.03260000 -0.33523514E+02  0.17420572E+00      0.00000000      0.00000000
  0.03280000 -0.33351231E+02  0.17231756E+00      0.00000000      0.00000000
  0.03300000 -0.33180382E+02  0.17045724E+00      0.00000000      0.00000000
  0.03320000 -0.33012207E+02  0.16863656E+00      0.00000000      0.00000000
  0.03340000 -0.32843609E+02  0.16681989E+00      0.00000000      0.00000000
  0.03360000 -0.32676800E+02  0.16503239E+00      0.00000000      0.00000000
  0.03380000 -0.32511230E+02  0.16326785E+00      0.00000000      0.00000000
  0.03399999 -0.32347771E+02  0.16153544E+00      0.00000000      0.00000000
  0.03420001 -0.32187141E+02  0.15984160E+00      0.00000000      0.00000000
  0.03440000 -0.32028709E+02  0.15818198E+00      0.00000000      0.00000000
  0.03460000 -0.31872177E+02  0.15654834E+00      0.00000000      0.00000000
  0.03479999 -0.31716377E+02  0.15493238E+00      0.00000000      0.00000000
  0.03500000 -0.31560364E+02  0.15332165E+00      0.00000000      0.00000000
  0.03520000 -0.31409086E+02  0.15176922E+00      0.00000000      0.00000000
  0.03540000 -0.31256691E+02  0.15021333E+00      0.00000000      0.00000000
  0.03560000 -0.31107838E+02  0.14870147E+00      0.00000000      0.00000000
  0.03580000 -0.30960316E+02  0.14721069E+00      0.00000000      0.00000000
  0.03600000 -0.30815487E+02  0.14575452E+00      0.00000000      0.00000000
  0.03619999 -0.30670889E+02  0.14430752E+00      0.00000000      0.00000000
  0.03640000 -0.30526024E+02  0.14286505E+00      0.00000000      0.00000000
  0.03660000 -0.30382875E+02  0.14144789E+00      0.00000000      0.00000000
  0.03680000 -0.30240625E+02  0.14004508E+00      0.00000000      0.00000000
  0.03700000 -0.30102674E+02  0.13869241E+00      0.00000000      0.00000000
  0.03720000 -0.29965586E+02  0.13735569E+00      0.00000000      0.00000000
  0.03740000 -0.29828320E+02  0.13602251E+00      0.00000000      0.00000000
  0.03760000 -0.29692703E+02  0.13471296E+00      0.00000000      0.00000000
  0.03780000 -0.29558832E+02  0.13342538E+00      0.00000000      0.00000000
  0.03800000 -0.29427067E+02  0.13216583E+00      0.00000000      0.00000000
  0.03820000 -0.29294701E+02  0.13090482E+00      0.00000000      0.00000000
  0.03839999 -0.29165728E+02  0.12968242E+00      0.00000000      0.00000000
  0.03860000 -0.29036320E+02  0.12846199E+00      0.00000000      0.00000000
  0.03880000 -0.28909817E+02  0.12727475E+00      0.00000000      0.00000000
  0.03900000 -0.28782297E+02  0.12608290E+00      0.00000000      0.00000000
  0.03920000 -0.28657633E+02  0.12492335E+00      0.00000000      0.00000000
  0.03940000 -0.28532930E+02  0.12376949E+00      0.00000000      0.00000000
  0.03960000 -0.28408501E+02  0.12262371E+00      0.00000000      0.00000000
  0.03980000 -0.28286200E+02  0.12150230E+00      0.00000000      0.00000000
  0.04000000 -0.28164835E+02  0.12039491E+00      0.00000000      0.00000000
  0.04020000 -0.28045546E+02  0.11931043E+00      0.00000000      0.00000000
  0.04040000 -0.27926104E+02  0.11822991E+00      0.00000000      0.00000000
  0.04060000 -0.27808575E+02  0.11717241E+00      0.00000000      0.00000000
  0.04080000 -0.27692736E+02  0.11613520E+00      0.00000000      0.00000000
  0.04100000 -0.27577023E+02  0.11510226E+00      0.00000000      0.00000000
  0.04120000 -0.27462852E+02  0.11408883E+00      0.00000000      0.00000000
  0.04140000 -0.27347870E+02  0.11307223E+00      0.00000000      0.00000000
  0.04160000 -0.27234699E+02  0.11207548E+00      0.00000000      0.00000000
  0.04180000 -0.27123354E+02  0.11109956E+00      0.00000000      0.00000000
  0.04200000 -0.27013498E+02  0.11014135E+00      0.00000000      0.00000000
  0.04220000 -0.26905811E+02  0.10920596E+00      0.00000000      0.00000000
  0.04240000 -0.26797165E+02  0.10826707E+00      0.00000000      0.00000000
  0.04260000 -0.26689268E+02  0.10733797E+00      0.00000000      0.00000000
  0.04280000 -0.26582788E+02  0.10642496E+00      0.00000000      0.00000000
  0.04300000 -0.26476955E+02  0.10552111E+00      0.00000000      0.00000000
  0.04320000 -0.26371317E+02  0.10462242E+00      0.00000000      0.00000000
  0.04340000 -0.26266304E+02  0.10373400E+00      0.00000000      0.00000000
  0.04360000 -0.26162735E+02  0.10286062E+00      0.00000000      0.00000000
  0.04380000 -0.26058624E+02  0.10198618E+00      0.00000000      0.00000000
  0.04400000 -0.25957273E+02  0.10113984E+00      0.00000000      0.00000000
  0.04420000 -0.25857256E+02  0.10030744E+00      0.00000000      0.00000000
  0.04440000 -0.25757414E+02  0.99480048E-01      0.00000000      0.00000000
  0.04460000 -0.25658033E+02  0.98659635E-01      0.00000000      0.00000000
  0.04480000 -0.25560728E+02  0.97860277E-01      0.00000000      0.00000000
  0.04500000 -0.25463943E+02  0.97067624E-01      0.00000000      0.00000000
  0.04520000 -0.25367294E+02  0.96280120E-01      0.00000000      0.00000000
  0.04539999 -0.25272495E+02  0.95510483E-01      0.00000000      0.00000000
  0.04560000 -0.25176355E+02  0.94733253E-01      0.00000000      0.00000000
  0.04580000 -0.25082544E+02  0.93977205E-01      0.00000000      0.00000000
  0.04600000 -0.24989092E+02  0.93227662E-01      0.00000000      0.00000000
  0.04620000 -0.24896290E+02  0.92486456E-01      0.00000000      0.00000000
  0.04640000 -0.24804602E+02  0.91757484E-01      0.00000000      0.00000000
  0.04660000 -0.24712778E+02  0.91028854E-01      0.00000000      0.00000000
  0.04680000 -0.24620586E+02  0.90301141E-01      0.00000000      0.00000000
  0.04700000 -0.24530638E+02  0.89593470E-01      0.00000000      0.00000000
  0.04720000 -0.24441301E+02  0.88894032E-01      0.00000000      0.00000000
  0.04740000 -0.24352987E+02  0.88204652E-01      0.00000000      0.00000000
  0.04759999 -0.24266327E+02  0.87531984E-01      0.00000000      0.00000000
  0.04780000 -0.24178274E+02  0.86849548E-01      0.00000000      0.00000000
  0.04800000 -0.24091532E+02  0.86180694E-01      0.00000000      0.00000000
  0.04820000 -0.24006065E+02  0.85524678E-01      0.00000000      0.00000000
  0.04840000 -0.23921022E+02  0.84873602E-01      0.00000000      0.00000000
  0.04860000 -0.23836000E+02  0.84225506E-01      0.00000000      0.00000000
  0.04880000 -0.23752182E+02  0.83589263E-01      0.00000000      0.00000000
  0.04899999 -0.23669186E+02  0.82961373E-01      0.00000000      0.00000000
  0.04920000 -0.23586994E+02  0.82342207E-01      0.00000000      0.00000000
  0.04940000 -0.23505703E+02  0.81731498E-01      0.00000000      0.00000000
  0.04960000 -0.23423388E+02  0.81115320E-01      0.00000000      0.00000000
  0.04979999 -0.23342361E+02  0.80511466E-01      0.00000000      0.00000000
  0.05000000 -0.23262201E+02  0.79916522E-01      0.00000000      0.00000000
  0.05020000 -0.23182869E+02  0.79329528E-01      0.00000000      0.00000000
  0.05040000 -0.23103386E+02  0.78743368E-01      0.00000000      0.00000000
  0.05060000 -0.23024900E+02  0.78167304E-01      0.00000000      0.00000000
  0.05080000 -0.22946569E+02  0.77594548E-01      0.00000000      0.00000000
  0.05100000 -0.22869497E+02  0.77033006E-01      0.00000000      0.00000000
  0.05119999 -0.22792093E+02  0.76470286E-01      0.00000000      0.00000000
  0.05140000 -0.22715532E+02  0.75915799E-01      0.00000000      0.00000000
  0.05160000 -0.22639454E+02  0.75367428E-01      0.00000000      0.00000000
  0.05180000 -0.22564989E+02  0.74832365E-01      0.00000000      0.00000000
  0.05199999 -0.22490274E+02  0.74297413E-01      0.00000000      0.00000000
  0.05220000 -0.22416950E+02  0.73774636E-01      0.00000000      0.00000000
  0.05240000 -0.22343843E+02  0.73255315E-01      0.00000000      0.00000000
  0.05260000 -0.22271038E+02  0.72739556E-01      0.00000000      0.00000000
  0.05280000 -0.22198765E+02  0.72229415E-01      0.00000000      0.00000000
  0.05300000 -0.22126503E+02  0.71721457E-01      0.00000000      0.00000000
  0.05320000 -0.22054718E+02  0.71217842E-01      0.00000000      0.00000000
  0.05339999 -0.21982815E+02  0.70715539E-01      0.00000000      0.00000000
  0.05360000 -0.21912384E+02  0.70225060E-01      0.00000000      0.00000000
  0.05380000 -0.21843187E+02  0.69745347E-01      0.00000000      0.00000000
  0.05400000 -0.21773922E+02  0.69266409E-01      0.00000000      0.00000000
  0.05420000 -0.21703894E+02  0.68783820E-01      0.00000000      0.00000000
  0.05440000 -0.21635342E+02  0.68313487E-01      0.00000000      0.00000000
  0.05460000 -0.21567648E+02  0.67850403E-01      0.00000000      0.00000000
  0.05480000 -0.21500517E+02  0.67392871E-01      0.00000000      0.00000000
  0.05500000 -0.21433054E+02  0.66934079E-01      0.00000000      0.00000000
  0.05520000 -0.21365244E+02  0.66474117E-01      0.00000000      0.00000000
  0.05540000 -0.21299385E+02  0.66029876E-01      0.00000000      0.00000000
  0.05560000 -0.21233673E+02  0.65587804E-01      0.00000000      0.00000000
  0.05580000 -0.21168497E+02  0.65150589E-01      0.00000000      0.00000000
  0.05600000 -0.21103838E+02  0.64719141E-01      0.00000000      0.00000000
  0.05620000 -0.21039190E+02  0.64288422E-01      0.00000000      0.00000000
  0.05640000 -0.20974802E+02  0.63860603E-01      0.00000000      0.00000000
  0.05660000 -0.20911625E+02  0.63442931E-01      0.00000000      0.00000000
  0.05680000 -0.20848358E+02  0.63025407E-01      0.00000000      0.00000000
  0.05700000 -0.20785973E+02  0.62615395E-01      0.00000000      0.00000000
  0.05720000 -0.20724068E+02  0.62210154E-01      0.00000000      0.00000000
  0.05740000 -0.20661385E+02  0.61800051E-01      0.00000000      0.00000000
  0.05760000 -0.20599962E+02  0.61400596E-01      0.00000000      0.00000000
  0.05780000 -0.20539125E+02  0.61005924E-01      0.00000000      0.00000000
  0.05800000 -0.20478868E+02  0.60616296E-01      0.00000000      0.00000000
  0.05819999 -0.20419033E+02  0.60230210E-01      0.00000000      0.00000000
  0.05840000 -0.20358288E+02  0.59839673E-01      0.00000000      0.00000000
  0.05860000 -0.20298496E+02  0.59456684E-01      0.00000000      0.00000000
  0.05880000 -0.20239014E+02  0.59076894E-01      0.00000000      0.00000000
  0.05900000 -0.20180140E+02  0.58702160E-01      0.00000000      0.00000000
  0.05920000 -0.20121658E+02  0.58330785E-01      0.00000000      0.00000000
  0.05940000 -0.20063158E+02  0.57960697E-01      0.00000000      0.00000000
  0.05960000 -0.20005068E+02  0.57594478E-01      0.00000000      0.00000000
  0.05980000 -0.19947685E+02  0.57233702E-01      0.00000000      0.00000000
  0.06000000 -0.19890728E+02  0.56876354E-01      0.00000000      0.00000000
  0.06020000 -0.19833702E+02  0.56520142E-01      0.00000000      0.00000000
  0.06039999 -0.19777786E+02  0.56172103E-01      0.00000000      0.00000000
  0.06060000 -0.19722103E+02  0.55826172E-01      0.00000000      0.00000000
  0.06080000 -0.19667130E+02  0.55485994E-01      0.00000000      0.00000000
  0.06100000 -0.19611395E+02  0.55141814E-01      0.00000000      0.00000000
  0.06119999 -0.19556068E+02  0.54801293E-01      0.00000000      0.00000000
  0.06140000 -0.19501678E+02  0.54467846E-01      0.00000000      0.00000000
  0.06160000 -0.19447172E+02  0.54134514E-01      0.00000000      0.00000000
  0.06180000 -0.19392643E+02  0.53801943E-01      0.00000000      0.00000000
  0.06200000 -0.19338749E+02  0.53474072E-01      0.00000000      0.00000000
  0.06220000 -0.19285261E+02  0.53150207E-01      0.00000000      0.00000000
  0.06240000 -0.19233047E+02  0.52834835E-01      0.00000000      0.00000000
  0.06259999 -0.19180264E+02  0.52516654E-01      0.00000000      0.00000000
  0.06280001 -0.19128271E+02  0.52204531E-01      0.00000000      0.00000000
  0.06300000 -0.19076601E+02  0.51895201E-01      0.00000000      0.00000000
  0.06320000 -0.19025194E+02  0.51588379E-01      0.00000000      0.00000000
  0.06339999 -0.18973656E+02  0.51281221E-01      0.00000000      0.00000000
  0.06360000 -0.18922577E+02  0.50978087E-01      0.00000000      0.00000000
  0.06380000 -0.18871693E+02  0.50676912E-01      0.00000000      0.00000000
  0.06400000 -0.18821196E+02  0.50378613E-01      0.00000000      0.00000000
  0.06420000 -0.18770716E+02  0.50081473E-01      0.00000000      0.00000000
  0.06440000 -0.18721102E+02  0.49790453E-01      0.00000000      0.00000000
  0.06460000 -0.18671829E+02  0.49502071E-01      0.00000000      0.00000000
  0.06479999 -0.18622253E+02  0.49212757E-01      0.00000000      0.00000000
  0.06500000 -0.18572750E+02  0.48924759E-01      0.00000000      0.00000000
  0.06520000 -0.18523760E+02  0.48640661E-01      0.00000000      0.00000000
  0.06540000 -0.18475166E+02  0.48359357E-01      0.00000000      0.00000000
  0.06559999 -0.18427134E+02  0.48082180E-01      0.00000000      0.00000000
  0.06580000 -0.18379250E+02  0.47806896E-01      0.00000000      0.00000000
  0.06600000 -0.18331257E+02  0.47531676E-01      0.00000000      0.00000000
  0.06620000 -0.18283646E+02  0.47259219E-01      0.00000000      0.00000000
  0.06640000 -0.18236320E+02  0.46989065E-01      0.00000000      0.00000000
  0.06660000 -0.18189274E+02  0.46721693E-01      0.00000000      0.00000000
  0.06680001 -0.18142740E+02  0.46458062E-01      0.00000000      0.00000000
  0.06699999 -0.18096184E+02  0.46194509E-01      0.00000000      0.00000000
  0.06720000 -0.18050230E+02  0.45935370E-01      0.00000000      0.00000000
  0.06739999 -0.18004480E+02  0.45678228E-01      0.00000000      0.00000000
  0.06760000 -0.17958958E+02  0.45422815E-01      0.00000000      0.00000000
  0.06780000 -0.17914221E+02  0.45172639E-01      0.00000000      0.00000000
  0.06800000 -0.17869362E+02  0.44922628E-01      0.00000000      0.00000000
  0.06820000 -0.17824787E+02  0.44674482E-01      0.00000000      0.00000000
  0.06840000 -0.17779644E+02  0.44423901E-01      0.00000000      0.00000000
  0.06859999 -0.17735619E+02  0.44180501E-01      0.00000000      0.00000000
  0.06880000 -0.17691397E+02  0.43936230E-01      0.00000000      0.00000000
  0.06900001 -0.17647415E+02  0.43694418E-01      0.00000000      0.00000000
  0.06919999 -0.17603662E+02  0.43454163E-01      0.00000000      0.00000000
  0.06940000 -0.17560171E+02  0.43216087E-01      0.00000000      0.00000000
  0.06960000 -0.17517065E+02  0.42980846E-01      0.00000000      0.00000000
  0.06980000 -0.17474422E+02  0.42748608E-01      0.00000000      0.00000000
  0.07000000 -0.17431704E+02  0.42517096E-01      0.00000000      0.00000000
  0.07020000 -0.17389225E+02  0.42286728E-01      0.00000000      0.00000000
  0.07040000 -0.17347185E+02  0.42059746E-01      0.00000000      0.00000000
  0.07060000 -0.17305767E+02  0.41836999E-01      0.00000000      0.00000000
  0.07079999 -0.17263569E+02  0.41609984E-01      0.00000000      0.00000000
  0.07099999 -0.17222170E+02  0.41388102E-01      0.00000000      0.00000000
  0.07120001 -0.17181095E+02  0.41168567E-01      0.00000000      0.00000000
  0.07139999 -0.17139692E+02  0.40948045E-01      0.00000000      0.00000000
  0.07160000 -0.17098927E+02  0.40731337E-01      0.00000000      0.00000000
  0.07180000 -0.17058157E+02  0.40515080E-01      0.00000000      0.00000000
  0.07200000 -0.17017826E+02  0.40301651E-01      0.00000000      0.00000000
  0.07220000 -0.16977736E+02  0.40090334E-01      0.00000000      0.00000000
  0.07239999 -0.16937778E+02  0.39879937E-01      0.00000000      0.00000000
  0.07260000 -0.16897749E+02  0.39669871E-01      0.00000000      0.00000000
  0.07280000 -0.16857996E+02  0.39461963E-01      0.00000000      0.00000000
  0.07299999 -0.16818865E+02  0.39257422E-01      0.00000000      0.00000000
  0.07319999 -0.16779312E+02  0.39051507E-01      0.00000000      0.00000000
  0.07340001 -0.16740458E+02  0.38849600E-01      0.00000000      0.00000000
  0.07359999 -0.16701836E+02  0.38649414E-01      0.00000000      0.00000000
  0.07380000 -0.16663486E+02  0.38451318E-01      0.00000000      0.00000000
  0.07400000 -0.16625378E+02  0.38254831E-01      0.00000000      0.00000000
  0.07420000 -0.16586889E+02  0.38056884E-01      0.00000000      0.00000000
  0.07440000 -0.16548992E+02  0.37862692E-01      0.00000000      0.00000000
  0.07460000 -0.16510757E+02  0.37666954E-01      0.00000000      0.00000000
  0.07480000 -0.16473038E+02  0.37474222E-01      0.00000000      0.00000000
  0.07500000 -0.16435696E+02  0.37284154E-01      0.00000000      0.00000000
  0.07519999 -0.16398691E+02  0.37096292E-01      0.00000000      0.00000000
  0.07539999 -0.16361933E+02  0.36910027E-01      0.00000000      0.00000000
  0.07560000 -0.16325394E+02  0.36725454E-01      0.00000000      0.00000000
  0.07579999 -0.16288746E+02  0.36540892E-01      0.00000000      0.00000000
  0.07600000 -0.16251823E+02  0.36354877E-01      0.00000000      0.00000000
  0.07620000 -0.16216063E+02  0.36175586E-01      0.00000000      0.00000000
  0.07640000 -0.16180140E+02  0.35995930E-01      0.00000000      0.00000000
  0.07660000 -0.16144390E+02  0.35817586E-01      0.00000000      0.00000000
  0.07680000 -0.16108664E+02  0.35639565E-01      0.00000000      0.00000000
  0.07699999 -0.16072954E+02  0.35461996E-01      0.00000000      0.00000000
  0.07720000 -0.16037508E+02  0.35286568E-01      0.00000000      0.00000000
  0.07739999 -0.16002457E+02  0.35112951E-01      0.00000000      0.00000000
  0.07759999 -0.15967672E+02  0.34941539E-01      0.00000000      0.00000000
  0.07780000 -0.15932343E+02  0.34767523E-01      0.00000000      0.00000000
  0.07799999 -0.15897750E+02  0.34597717E-01      0.00000000      0.00000000
  0.07820000 -0.15863148E+02  0.34428481E-01      0.00000000      0.00000000
  0.07840000 -0.15828688E+02  0.34259919E-01      0.00000000      0.00000000
  0.07860000 -0.15794147E+02  0.34091573E-01      0.00000000      0.00000000
  0.07880000 -0.15760017E+02  0.33925399E-01      0.00000000      0.00000000
  0.07900000 -0.15726252E+02  0.33761811E-01      0.00000000      0.00000000
  0.07919999 -0.15692536E+02  0.33598498E-01      0.00000000      0.00000000
  0.07940000 -0.15658742E+02  0.33435367E-01      0.00000000      0.00000000
  0.07960001 -0.15625609E+02  0.33275686E-01      0.00000000      0.00000000
  0.07979999 -0.15592552E+02  0.33116952E-01      0.00000000      0.00000000
