 -0.04000000  0.44935116E+02  0.49738684E+00      0.00000000      0.00000000
 -0.03980000  0.45436558E+02  0.50848442E+00      0.00000000      0.00000000
 -0.03960000  0.45955406E+02  0.52014041E+00      0.00000000      0.00000000
 -0.03940000  0.46484894E+02  0.53210765E+00      0.00000000      0.00000000
 -0.03920000  0.47024956E+02  0.54458010E+00      0.00000000      0.00000000
 -0.03900000  0.47579544E+02  0.55727875E+00      0.00000000      0.00000000
 -0.03880000  0.48141975E+02  0.57035530E+00      0.00000000      0.00000000
 -0.03860000  0.48711685E+02  0.58371115E+00      0.00000000      0.00000000
 -0.03840000  0.49306107E+02  0.59798312E+00      0.00000000      0.00000000
 -0.03820000  0.49913315E+02  0.61301947E+00      0.00000000      0.00000000
 -0.03800000  0.50530350E+02  0.62824792E+00      0.00000000      0.00000000
 -0.03780000  0.51174454E+02  0.64419425E+00      0.00000000      0.00000000
 -0.03760000  0.51824142E+02  0.66045249E+00      0.00000000      0.00000000
 -0.03740000  0.52497604E+02  0.67769229E+00      0.00000000      0.00000000
 -0.03720000  0.53185989E+02  0.69543767E+00      0.00000000      0.00000000
 -0.03700000  0.53884579E+02  0.71394300E+00      0.00000000      0.00000000
 -0.03680000  0.54603798E+02  0.73281348E+00      0.00000000      0.00000000
 -0.03660000  0.55355030E+02  0.75346124E+00      0.00000000      0.00000000
 -0.03640000  0.56120457E+02  0.77418137E+00      0.00000000      0.00000000
 -0.03620000  0.56903004E+02  0.79592395E+00      0.00000000      0.00000000
 -0.03600000  0.57706116E+02  0.81847405E+00      0.00000000      0.00000000
 -0.03580000  0.58530636E+02  0.84222674E+00      0.00000000      0.00000000
 -0.03560000  0.59385487E+02  0.86730778E+00      0.00000000      0.00000000
 -0.03540000  0.60273811E+02  0.89306295E+00      0.00000000      0.00000000
 -0.03520000  0.61177559E+02  0.92002666E+00      0.00000000      0.00000000
 -0.03500000  0.62100067E+02  0.94813722E+00      0.00000000      0.00000000
 -0.03480000  0.63062832E+02  0.97787714E+00      0.00000000      0.00000000
 -0.03460000  0.64047729E+02  0.10089350E+01      0.00000000      0.00000000
 -0.03440000  0.65089096E+02  0.10420694E+01      0.00000000      0.00000000
 -0.03420000  0.66152367E+02  0.10764060E+01      0.00000000      0.00000000
 -0.03400000  0.67255020E+02  0.11131443E+01      0.00000000      0.00000000
 -0.03380000  0.68396629E+02  0.11512065E+01      0.00000000      0.00000000
 -0.03360000  0.69552017E+02  0.11907239E+01      0.00000000      0.00000000
 -0.03340000  0.70746414E+02  0.12327323E+01      0.00000000      0.00000000
 -0.03320000  0.72004982E+02  0.12773098E+01      0.00000000      0.00000000
 -0.03300000  0.73304840E+02  0.13244781E+01      0.00000000      0.00000000
 -0.03280000  0.74660156E+02  0.13743978E+01      0.00000000      0.00000000
 -0.03260000  0.76048561E+02  0.14267101E+01      0.00000000      0.00000000
 -0.03240000  0.77491959E+02  0.14820418E+01      0.00000000      0.00000000
 -0.03220000  0.78998817E+02  0.15409974E+01      0.00000000      0.00000000
 -0.03200000  0.80582726E+02  0.16044912E+01      0.00000000      0.00000000
 -0.03180000  0.82235596E+02  0.16724800E+01      0.00000000      0.00000000
 -0.03160000  0.83942352E+02  0.17435141E+01      0.00000000      0.00000000
 -0.03140000  0.85695007E+02  0.18181562E+01      0.00000000      0.00000000
 -0.03120000  0.87570923E+02  0.19004273E+01      0.00000000      0.00000000
 -0.03100000  0.89510078E+02  0.19879222E+01      0.00000000      0.00000000
 -0.03080000  0.91538933E+02  0.20810938E+01      0.00000000      0.00000000
 -0.03060000  0.93650810E+02  0.21800189E+01      0.00000000      0.00000000
 -0.03040000  0.95881172E+02  0.22881827E+01      0.00000000      0.00000000
 -0.03020000  0.98217033E+02  0.24047318E+01      0.00000000      0.00000000
 -0.03000000  0.10065312E+03  0.25290692E+01      0.00000000      0.00000000
 -0.02980000  0.10327634E+03  0.26663637E+01      0.00000000      0.00000000
 -0.02960000  0.10602558E+03  0.28154109E+01      0.00000000      0.00000000
 -0.02940000  0.10892038E+03  0.29771469E+01      0.00000000      0.00000000
 -0.02920000  0.11195947E+03  0.31524379E+01      0.00000000      0.00000000
 -0.02900000  0.11518814E+03  0.33439803E+01      0.00000000      0.00000000
 -0.02880000  0.11864169E+03  0.35552936E+01      0.00000000      0.00000000
 -0.02860000  0.12232959E+03  0.37918379E+01      0.00000000      0.00000000
 -0.02840000  0.12629223E+03  0.40533638E+01      0.00000000      0.00000000
 -0.02820000  0.13052173E+03  0.43439593E+01      0.00000000      0.00000000
 -0.02800000  0.13498309E+03  0.46624122E+01      0.00000000      0.00000000
 -0.02780000  0.13980943E+03  0.50205545E+01      0.00000000      0.00000000
 -0.02760000  0.14499112E+03  0.54237175E+01      0.00000000      0.00000000
 -0.02740000  0.15058264E+03  0.58773885E+01      0.00000000      0.00000000
 -0.02720000  0.15665045E+03  0.63951464E+01      0.00000000      0.00000000
 -0.02700000  0.16336348E+03  0.69964314E+01      0.00000000      0.00000000
 -0.02680000  0.17062015E+03  0.76796746E+01      0.00000000      0.00000000
 -0.02660000  0.17868106E+03  0.84862194E+01      0.00000000      0.00000000
 -0.02640000  0.18746307E+03  0.94131622E+01      0.00000000      0.00000000
 -0.02620000  0.19733478E+03  0.10530049E+02      0.00000000      0.00000000
 -0.02600000  0.20845375E+03  0.11869350E+02      0.00000000      0.00000000
 -0.02580000  0.22112434E+03  0.13513598E+02      0.00000000      0.00000000
 -0.02560000  0.23565869E+03  0.15552628E+02      0.00000000      0.00000000
 -0.02540000  0.25213258E+03  0.18073259E+02      0.00000000      0.00000000
 -0.02520000  0.27159399E+03  0.21343607E+02      0.00000000      0.00000000
 -0.02500000  0.29445630E+03  0.25603483E+02      0.00000000      0.00000000
 -0.02480000  0.32217755E+03  0.31396294E+02      0.00000000      0.00000000
 -0.02460000  0.35637640E+03  0.39505745E+02      0.00000000      0.00000000
 -0.02440000  0.40008246E+03  0.51498451E+02      0.00000000      0.00000000
 -0.02420000  0.45696490E+03  0.70076157E+02      0.00000000      0.00000000
 -0.02400000  0.53457837E+03  0.10113275E+03      0.00000000      0.00000000
 -0.02380000  0.64569958E+03  0.15880820E+03      0.00000000      0.00000000
 -0.02360000  0.81636713E+03  0.28652905E+03      0.00000000      0.00000000
 -0.02340000  0.10546459E+04  0.62399530E+03      0.00000000      0.00000000
 -0.02320000  0.94800366E+03  0.15518271E+04      0.00000000      0.00000000
 -0.02300000 -0.48232303E+03  0.17815374E+04      0.00000000      0.00000000
 -0.02280000 -0.86989746E+03  0.75851794E+03      0.00000000      0.00000000
 -0.02260000 -0.62496991E+03  0.33056335E+03      0.00000000      0.00000000
 -0.02240000 -0.43956641E+03  0.18286551E+03      0.00000000      0.00000000
 -0.02220000 -0.31316309E+03  0.11746832E+03      0.00000000      0.00000000
 -0.02200000 -0.22113779E+03  0.83999725E+02      0.00000000      0.00000000
 -0.02180000 -0.15032364E+03  0.65744690E+02      0.00000000      0.00000000
 -0.02160000 -0.91958054E+02  0.55730377E+02      0.00000000      0.00000000
 -0.02140000 -0.40468529E+02  0.50821503E+02      0.00000000      0.00000000
 -0.02120000  0.86176262E+01  0.49700554E+02      0.00000000      0.00000000
 -0.02100000  0.58151627E+02  0.52103737E+02      0.00000000      0.00000000
 -0.02080000  0.11108448E+03  0.58526077E+02      0.00000000      0.00000000
 -0.02060000  0.17266357E+03  0.70825249E+02      0.00000000      0.00000000
 -0.02040000  0.24944948E+03  0.93108620E+02      0.00000000      0.00000000
 -0.02020000  0.35163055E+03  0.13485478E+03      0.00000000      0.00000000
 -0.02000000  0.49647223E+03  0.22036621E+03      0.00000000      0.00000000
 -0.01980000  0.71560229E+03  0.43500909E+03      0.00000000      0.00000000
 -0.01960000  0.90057666E+03  0.10816127E+04      0.00000000      0.00000000
 -0.01940000 -0.60703655E+02  0.19647214E+04      0.00000000      0.00000000
 -0.01920000 -0.11222571E+04  0.11548416E+04      0.00000000      0.00000000
 -0.01900000 -0.97187201E+03  0.46367715E+03      0.00000000      0.00000000
 -0.01880000 -0.75009589E+03  0.22794026E+03      0.00000000      0.00000000
 -0.01860000 -0.60367078E+03  0.13367398E+03      0.00000000      0.00000000
 -0.01840000 -0.50563892E+03  0.87722603E+02      0.00000000      0.00000000
 -0.01820000 -0.43743967E+03  0.62524864E+02      0.00000000      0.00000000
 -0.01800000 -0.38510822E+03  0.46576794E+02      0.00000000      0.00000000
 -0.01780000 -0.34538275E+03  0.36264580E+02      0.00000000      0.00000000
 -0.01760000 -0.31390631E+03  0.29162106E+02      0.00000000      0.00000000
 -0.01740000 -0.28828992E+03  0.24033840E+02      0.00000000      0.00000000
 -0.01720000 -0.26675171E+03  0.20162193E+02      0.00000000      0.00000000
 -0.01700000 -0.24853036E+03  0.17199852E+02      0.00000000      0.00000000
 -0.01680000 -0.23264548E+03  0.14840513E+02      0.00000000      0.00000000
 -0.01660000 -0.21882352E+03  0.12951223E+02      0.00000000      0.00000000
 -0.01640000 -0.20669424E+03  0.11414948E+02      0.00000000      0.00000000
 -0.01620000 -0.19593793E+03  0.10144644E+02      0.00000000      0.00000000
 -0.01600000 -0.18646582E+03  0.91025391E+01      0.00000000      0.00000000
 -0.01580000 -0.17786475E+03  0.82088785E+01      0.00000000      0.00000000
 -0.01560000 -0.17014380E+03  0.74525414E+01      0.00000000      0.00000000
 -0.01540000 -0.16304085E+03  0.67947559E+01      0.00000000      0.00000000
 -0.01520000 -0.15660185E+03  0.62280812E+01      0.00000000      0.00000000
 -0.01500000 -0.15065932E+03  0.57298074E+01      0.00000000      0.00000000
 -0.01480000 -0.14522032E+03  0.52959223E+01      0.00000000      0.00000000
 -0.01460000 -0.14017792E+03  0.49109201E+01      0.00000000      0.00000000
 -0.01440000 -0.13548178E+03  0.45638247E+01      0.00000000      0.00000000
 -0.01420000 -0.13110342E+03  0.42533216E+01      0.00000000      0.00000000
 -0.01400000 -0.12698729E+03  0.39747252E+01      0.00000000      0.00000000
 -0.01380000 -0.12307429E+03  0.37203336E+01      0.00000000      0.00000000
 -0.01360000 -0.11947095E+03  0.34924660E+01      0.00000000      0.00000000
 -0.01340000 -0.11609680E+03  0.32868047E+01      0.00000000      0.00000000
 -0.01320000 -0.11292172E+03  0.31001205E+01      0.00000000      0.00000000
 -0.01300000 -0.10988480E+03  0.29277799E+01      0.00000000      0.00000000
 -0.01280000 -0.10705946E+03  0.27708764E+01      0.00000000      0.00000000
 -0.01260000 -0.10437123E+03  0.26271737E+01      0.00000000      0.00000000
 -0.01240000 -0.10180566E+03  0.24939172E+01      0.00000000      0.00000000
 -0.01220000 -0.99378754E+02  0.23696694E+01      0.00000000      0.00000000
 -0.01200000 -0.97076096E+02  0.22562349E+01      0.00000000      0.00000000
 -0.01180000 -0.94887604E+02  0.21517456E+01      0.00000000      0.00000000
 -0.01160000 -0.92786270E+02  0.20537968E+01      0.00000000      0.00000000
 -0.01140000 -0.90777679E+02  0.19621446E+01      0.00000000      0.00000000
 -0.01120000 -0.88868034E+02  0.18767873E+01      0.00000000      0.00000000
 -0.01100000 -0.87027489E+02  0.17967837E+01      0.00000000      0.00000000
 -0.01080000 -0.85277855E+02  0.17224946E+01      0.00000000      0.00000000
 -0.01060000 -0.83595909E+02  0.16527345E+01      0.00000000      0.00000000
 -0.01040000 -0.81984238E+02  0.15866424E+01      0.00000000      0.00000000
 -0.01020000 -0.80421303E+02  0.15241050E+01      0.00000000      0.00000000
 -0.01000000 -0.78928940E+02  0.14664648E+01      0.00000000      0.00000000
 -0.00980000 -0.77494637E+02  0.14121498E+01      0.00000000      0.00000000
 -0.00960000 -0.76115753E+02  0.13599677E+01      0.00000000      0.00000000
 -0.00940000 -0.74780205E+02  0.13109601E+01      0.00000000      0.00000000
 -0.00920000 -0.73481148E+02  0.12646608E+01      0.00000000      0.00000000
 -0.00900000 -0.72239532E+02  0.12208939E+01      0.00000000      0.00000000
 -0.00880000 -0.71040581E+02  0.11790979E+01      0.00000000      0.00000000
 -0.00860000 -0.69887039E+02  0.11394142E+01      0.00000000      0.00000000
 -0.00840000 -0.68783997E+02  0.11027777E+01      0.00000000      0.00000000
 -0.00820000 -0.67694214E+02  0.10667759E+01      0.00000000      0.00000000
 -0.00800000 -0.66634621E+02  0.10327536E+01      0.00000000      0.00000000
 -0.00780000 -0.65627121E+02  0.10009363E+01      0.00000000      0.00000000
 -0.00760000 -0.64636353E+02  0.96994221E+00      0.00000000      0.00000000
 -0.00740000 -0.63685902E+02  0.94066846E+00      0.00000000      0.00000000
 -0.00720000 -0.62768410E+02  0.91265845E+00      0.00000000      0.00000000
 -0.00700000 -0.61861053E+02  0.88566720E+00      0.00000000      0.00000000
 -0.00680000 -0.60983635E+02  0.86009562E+00      0.00000000      0.00000000
 -0.00660000 -0.60131649E+02  0.83536732E+00      0.00000000      0.00000000
 -0.00640000 -0.59308014E+02  0.81195438E+00      0.00000000      0.00000000
 -0.00620000 -0.58511871E+02  0.78942418E+00      0.00000000      0.00000000
 -0.00600000 -0.57737282E+02  0.76847559E+00      0.00000000      0.00000000
 -0.00580000 -0.56970795E+02  0.74754751E+00      0.00000000      0.00000000
 -0.00560000 -0.56232002E+02  0.72727716E+00      0.00000000      0.00000000
 -0.00540000 -0.55520508E+02  0.70846266E+00      0.00000000      0.00000000
 -0.00520000 -0.54811382E+02  0.69001722E+00      0.00000000      0.00000000
 -0.00500000 -0.54133423E+02  0.67257571E+00      0.00000000      0.00000000
 -0.00480000 -0.53467674E+02  0.65562510E+00      0.00000000      0.00000000
 -0.00460000 -0.52816849E+02  0.63942420E+00      0.00000000      0.00000000
 -0.00440000 -0.52180527E+02  0.62336940E+00      0.00000000      0.00000000
 -0.00420000 -0.51568665E+02  0.60849094E+00      0.00000000      0.00000000
 -0.00400000 -0.50969276E+02  0.59413499E+00      0.00000000      0.00000000
 -0.00380000 -0.50382339E+02  0.58017099E+00      0.00000000      0.00000000
 -0.00360000 -0.49808174E+02  0.56662142E+00      0.00000000      0.00000000
 -0.00340000 -0.49252182E+02  0.55376220E+00      0.00000000      0.00000000
 -0.00320000 -0.48702595E+02  0.54116887E+00      0.00000000      0.00000000
 -0.00300000 -0.48170231E+02  0.52887046E+00      0.00000000      0.00000000
 -0.00280000 -0.47646889E+02  0.51715779E+00      0.00000000      0.00000000
 -0.00260000 -0.47134335E+02  0.50572288E+00      0.00000000      0.00000000
 -0.00240000 -0.46635853E+02  0.49478048E+00      0.00000000      0.00000000
 -0.00220000 -0.46145615E+02  0.48391056E+00      0.00000000      0.00000000
 -0.00200000 -0.45668922E+02  0.47367114E+00      0.00000000      0.00000000
 -0.00180000 -0.45199005E+02  0.46369934E+00      0.00000000      0.00000000
 -0.00160000 -0.44741356E+02  0.45392513E+00      0.00000000      0.00000000
 -0.00140000 -0.44286808E+02  0.44463894E+00      0.00000000      0.00000000
 -0.00120000 -0.43843487E+02  0.43552107E+00      0.00000000      0.00000000
 -0.00100000 -0.43411079E+02  0.42665029E+00      0.00000000      0.00000000
 -0.00080000 -0.42990002E+02  0.41829470E+00      0.00000000      0.00000000
 -0.00060000 -0.42576973E+02  0.41010356E+00      0.00000000      0.00000000
 -0.00040000 -0.42172264E+02  0.40200651E+00      0.00000000      0.00000000
 -0.00020000 -0.41773521E+02  0.39404127E+00      0.00000000      0.00000000
  0.00000000 -0.41382469E+02  0.38663685E+00      0.00000000      0.00000000
  0.00020000 -0.40998615E+02  0.37910762E+00      0.00000000      0.00000000
  0.00040000 -0.40625931E+02  0.37213537E+00      0.00000000      0.00000000
  0.00060000 -0.40259132E+02  0.36519158E+00      0.00000000      0.00000000
  0.00080000 -0.39899834E+02  0.35845858E+00      0.00000000      0.00000000
  0.00100000 -0.39547279E+02  0.35198700E+00      0.00000000      0.00000000
  0.00120000 -0.39198872E+02  0.34565884E+00      0.00000000      0.00000000
  0.00140000 -0.38856533E+02  0.33941522E+00      0.00000000      0.00000000
  0.00160000 -0.38524002E+02  0.33341369E+00      0.00000000      0.00000000
  0.00180000 -0.38190506E+02  0.32748258E+00      0.00000000      0.00000000
  0.00200000 -0.37860832E+02  0.32168838E+00      0.00000000      0.00000000
  0.00220000 -0.37542015E+02  0.31601176E+00      0.00000000      0.00000000
  0.00240000 -0.37229053E+02  0.31069690E+00      0.00000000      0.00000000
  0.00260000 -0.36923069E+02  0.30552828E+00      0.00000000      0.00000000
  0.00280000 -0.36620113E+02  0.30027282E+00      0.00000000      0.00000000
  0.00300000 -0.36321575E+02  0.29530698E+00      0.00000000      0.00000000
  0.00320000 -0.36029812E+02  0.29032639E+00      0.00000000      0.00000000
  0.00340000 -0.35738590E+02  0.28557253E+00      0.00000000      0.00000000
  0.00360000 -0.35458088E+02  0.28085664E+00      0.00000000      0.00000000
  0.00380000 -0.35181107E+02  0.27641407E+00      0.00000000      0.00000000
  0.00400000 -0.34906975E+02  0.27200836E+00      0.00000000      0.00000000
  0.00420000 -0.34632477E+02  0.26768041E+00      0.00000000      0.00000000
  0.00440000 -0.34365242E+02  0.26334965E+00      0.00000000      0.00000000
  0.00460000 -0.34101513E+02  0.25909123E+00      0.00000000      0.00000000
  0.00480000 -0.33840942E+02  0.25499696E+00      0.00000000      0.00000000
  0.00500000 -0.33591625E+02  0.25114501E+00      0.00000000      0.00000000
  0.00520000 -0.33344521E+02  0.24734387E+00      0.00000000      0.00000000
  0.00540000 -0.33100445E+02  0.24352141E+00      0.00000000      0.00000000
  0.00560000 -0.32859081E+02  0.23992498E+00      0.00000000      0.00000000
  0.00580000 -0.32621376E+02  0.23643681E+00      0.00000000      0.00000000
  0.00600000 -0.32385330E+02  0.23278844E+00      0.00000000      0.00000000
  0.00620000 -0.32153275E+02  0.22936383E+00      0.00000000      0.00000000
  0.00640000 -0.31927500E+02  0.22604722E+00      0.00000000      0.00000000
  0.00660000 -0.31704508E+02  0.22281656E+00      0.00000000      0.00000000
  0.00680000 -0.31480009E+02  0.21956742E+00      0.00000000      0.00000000
  0.00700000 -0.31262909E+02  0.21641511E+00      0.00000000      0.00000000
  0.00720000 -0.31048481E+02  0.21332616E+00      0.00000000      0.00000000
  0.00740000 -0.30835512E+02  0.21028998E+00      0.00000000      0.00000000
  0.00760000 -0.30626692E+02  0.20737872E+00      0.00000000      0.00000000
  0.00780000 -0.30419241E+02  0.20449743E+00      0.00000000      0.00000000
  0.00800000 -0.30218203E+02  0.20167482E+00      0.00000000      0.00000000
  0.00820000 -0.30020613E+02  0.19895920E+00      0.00000000      0.00000000
  0.00840000 -0.29823620E+02  0.19628826E+00      0.00000000      0.00000000
  0.00860000 -0.29629082E+02  0.19361237E+00      0.00000000      0.00000000
  0.00880000 -0.29439842E+02  0.19103998E+00      0.00000000      0.00000000
  0.00900000 -0.29251595E+02  0.18846291E+00      0.00000000      0.00000000
  0.00920000 -0.29064817E+02  0.18597841E+00      0.00000000      0.00000000
  0.00940000 -0.28878529E+02  0.18354470E+00      0.00000000      0.00000000
  0.00960000 -0.28695784E+02  0.18115401E+00      0.00000000      0.00000000
  0.00980000 -0.28514719E+02  0.17872077E+00      0.00000000      0.00000000
  0.01000000 -0.28335993E+02  0.17644143E+00      0.00000000      0.00000000
  0.01020000 -0.28162319E+02  0.17422175E+00      0.00000000      0.00000000
  0.01040000 -0.27990887E+02  0.17192173E+00      0.00000000      0.00000000
  0.01060000 -0.27819613E+02  0.16978067E+00      0.00000000      0.00000000
  0.01080000 -0.27650627E+02  0.16765201E+00      0.00000000      0.00000000
  0.01100000 -0.27483509E+02  0.16554630E+00      0.00000000      0.00000000
  0.01120000 -0.27318129E+02  0.16343433E+00      0.00000000      0.00000000
  0.01140000 -0.27155415E+02  0.16144705E+00      0.00000000      0.00000000
  0.01160000 -0.26994133E+02  0.15949118E+00      0.00000000      0.00000000
  0.01180000 -0.26835667E+02  0.15755183E+00      0.00000000      0.00000000
  0.01200000 -0.26680061E+02  0.15561593E+00      0.00000000      0.00000000
  0.01220000 -0.26526676E+02  0.15379417E+00      0.00000000      0.00000000
  0.01240000 -0.26372940E+02  0.15187740E+00      0.00000000      0.00000000
  0.01260000 -0.26222328E+02  0.15008008E+00      0.00000000      0.00000000
  0.01280000 -0.26074505E+02  0.14835978E+00      0.00000000      0.00000000
  0.01300000 -0.25926212E+02  0.14660692E+00      0.00000000      0.00000000
  0.01320000 -0.25777222E+02  0.14482701E+00      0.00000000      0.00000000
  0.01340000 -0.25634026E+02  0.14308679E+00      0.00000000      0.00000000
  0.01360000 -0.25490993E+02  0.14148831E+00      0.00000000      0.00000000
  0.01380000 -0.25351791E+02  0.13990641E+00      0.00000000      0.00000000
  0.01400000 -0.25212788E+02  0.13826382E+00      0.00000000      0.00000000
  0.01420000 -0.25076694E+02  0.13675523E+00      0.00000000      0.00000000
  0.01440000 -0.24940842E+02  0.13524508E+00      0.00000000      0.00000000
  0.01460000 -0.24804893E+02  0.13366222E+00      0.00000000      0.00000000
  0.01480000 -0.24671974E+02  0.13216424E+00      0.00000000      0.00000000
  0.01500000 -0.24541183E+02  0.13074636E+00      0.00000000      0.00000000
  0.01520000 -0.24411003E+02  0.12925458E+00      0.00000000      0.00000000
  0.01540000 -0.24282745E+02  0.12780452E+00      0.00000000      0.00000000
  0.01560000 -0.24154854E+02  0.12639761E+00      0.00000000      0.00000000
  0.01580000 -0.24028870E+02  0.12506723E+00      0.00000000      0.00000000
  0.01600000 -0.23904030E+02  0.12369251E+00      0.00000000      0.00000000
  0.01619999 -0.23780342E+02  0.12227726E+00      0.00000000      0.00000000
  0.01640000 -0.23659134E+02  0.12101364E+00      0.00000000      0.00000000
  0.01660000 -0.23537987E+02  0.11977005E+00      0.00000000      0.00000000
  0.01680000 -0.23420609E+02  0.11847925E+00      0.00000000      0.00000000
  0.01700000 -0.23303421E+02  0.11725712E+00      0.00000000      0.00000000
  0.01720000 -0.23186516E+02  0.11600590E+00      0.00000000      0.00000000
  0.01740000 -0.23072357E+02  0.11474609E+00      0.00000000      0.00000000
  0.01760000 -0.22958450E+02  0.11365604E+00      0.00000000      0.00000000
  0.01780000 -0.22845734E+02  0.11251259E+00      0.00000000      0.00000000
  0.01800000 -0.22734543E+02  0.11136055E+00      0.00000000      0.00000000
  0.01820000 -0.22621597E+02  0.11019516E+00      0.00000000      0.00000000
  0.01840000 -0.22511673E+02  0.10901642E+00      0.00000000      0.00000000
  0.01860000 -0.22403961E+02  0.10791779E+00      0.00000000      0.00000000
  0.01880000 -0.22296082E+02  0.10688019E+00      0.00000000      0.00000000
  0.01900000 -0.22189850E+02  0.10580444E+00      0.00000000      0.00000000
  0.01920000 -0.22085693E+02  0.10473633E+00      0.00000000      0.00000000
  0.01940000 -0.21981743E+02  0.10363770E+00      0.00000000      0.00000000
  0.01960000 -0.21878265E+02  0.10266113E+00      0.00000000      0.00000000
  0.01980000 -0.21776245E+02  0.10165405E+00      0.00000000      0.00000000
  0.02000000 -0.21675262E+02  0.10071564E+00      0.00000000      0.00000000
  0.02020000 -0.21574615E+02  0.99739075E-01      0.00000000      0.00000000
  0.02040000 -0.21474525E+02  0.98762512E-01      0.00000000      0.00000000
  0.02060000 -0.21376198E+02  0.97789764E-01      0.00000000      0.00000000
  0.02080000 -0.21278915E+02  0.96832275E-01      0.00000000      0.00000000
  0.02100000 -0.21183325E+02  0.95945358E-01      0.00000000      0.00000000
  0.02120000 -0.21087811E+02  0.95060349E-01      0.00000000      0.00000000
  0.02140000 -0.20993620E+02  0.94152451E-01      0.00000000      0.00000000
  0.02160000 -0.20899616E+02  0.93261719E-01      0.00000000      0.00000000
  0.02180000 -0.20806427E+02  0.92372894E-01      0.00000000      0.00000000
  0.02200000 -0.20714989E+02  0.91541290E-01      0.00000000      0.00000000
  0.02220000 -0.20624359E+02  0.90682983E-01      0.00000000      0.00000000
  0.02240000 -0.20533844E+02  0.89843750E-01      0.00000000      0.00000000
  0.02260000 -0.20444427E+02  0.89035034E-01      0.00000000      0.00000000
  0.02280000 -0.20355621E+02  0.88195801E-01      0.00000000      0.00000000
  0.02300000 -0.20267792E+02  0.87280273E-01      0.00000000      0.00000000
  0.02320000 -0.20181030E+02  0.86669922E-01      0.00000000      0.00000000
  0.02340000 -0.20096008E+02  0.85845947E-01      0.00000000      0.00000000
  0.02360000 -0.20010406E+02  0.85083008E-01      0.00000000      0.00000000
  0.02380000 -0.19924347E+02  0.84289551E-01      0.00000000      0.00000000
  0.02400000 -0.19840332E+02  0.83503723E-01      0.00000000      0.00000000
  0.02420000 -0.19758194E+02  0.82786560E-01      0.00000000      0.00000000
  0.02440000 -0.19675995E+02  0.82061768E-01      0.00000000      0.00000000
  0.02460000 -0.19594818E+02  0.81344604E-01      0.00000000      0.00000000
  0.02480000 -0.19512970E+02  0.80641747E-01      0.00000000      0.00000000
  0.02500000 -0.19432205E+02  0.79941750E-01      0.00000000      0.00000000
  0.02520000 -0.19351562E+02  0.79257965E-01      0.00000000      0.00000000
  0.02540000 -0.19272652E+02  0.78569412E-01      0.00000000      0.00000000
  0.02560000 -0.19194244E+02  0.77877522E-01      0.00000000      0.00000000
  0.02580000 -0.19117577E+02  0.77233791E-01      0.00000000      0.00000000
  0.02600000 -0.19041115E+02  0.76595783E-01      0.00000000      0.00000000
  0.02620000 -0.18964317E+02  0.75907230E-01      0.00000000      0.00000000
  0.02640000 -0.18888382E+02  0.75266361E-01      0.00000000      0.00000000
  0.02660000 -0.18813240E+02  0.74603558E-01      0.00000000      0.00000000
  0.02680000 -0.18738831E+02  0.74012280E-01      0.00000000      0.00000000
  0.02700000 -0.18665497E+02  0.73415041E-01      0.00000000      0.00000000
  0.02720000 -0.18592484E+02  0.72802782E-01      0.00000000      0.00000000
  0.02740000 -0.18519066E+02  0.72145939E-01      0.00000000      0.00000000
  0.02760000 -0.18447224E+02  0.71576834E-01      0.00000000      0.00000000
  0.02780000 -0.18374729E+02  0.70991755E-01      0.00000000      0.00000000
  0.02800000 -0.18304607E+02  0.70448399E-01      0.00000000      0.00000000
  0.02820000 -0.18234314E+02  0.69851160E-01      0.00000000      0.00000000
  0.02840000 -0.18165543E+02  0.69235325E-01      0.00000000      0.00000000
  0.02860000 -0.18096935E+02  0.68695545E-01      0.00000000      0.00000000
  0.02880000 -0.18028671E+02  0.68170547E-01      0.00000000      0.00000000
  0.02900000 -0.17960999E+02  0.67663670E-01      0.00000000      0.00000000
  0.02920000 -0.17893757E+02  0.67085028E-01      0.00000000      0.00000000
  0.02940000 -0.17826004E+02  0.66532493E-01      0.00000000      0.00000000
  0.02959999 -0.17760353E+02  0.66049457E-01      0.00000000      0.00000000
  0.02980000 -0.17694904E+02  0.65554142E-01      0.00000000      0.00000000
  0.03000000 -0.17629303E+02  0.64987063E-01      0.00000000      0.00000000
  0.03020000 -0.17564754E+02  0.64480662E-01      0.00000000      0.00000000
  0.03040000 -0.17499580E+02  0.63974261E-01      0.00000000      0.00000000
  0.03060000 -0.17436516E+02  0.63465476E-01      0.00000000      0.00000000
  0.03080000 -0.17373482E+02  0.62976718E-01      0.00000000      0.00000000
  0.03100000 -0.17310669E+02  0.62496781E-01      0.00000000      0.00000000
  0.03120000 -0.17248722E+02  0.62010050E-01      0.00000000      0.00000000
  0.03140000 -0.17186958E+02  0.61541557E-01      0.00000000      0.00000000
  0.03160000 -0.17125557E+02  0.61088383E-01      0.00000000      0.00000000
  0.03179999 -0.17064754E+02  0.60638070E-01      0.00000000      0.00000000
  0.03200001 -0.17004103E+02  0.60184062E-01      0.00000000      0.00000000
  0.03220000 -0.16944387E+02  0.59727848E-01      0.00000000      0.00000000
  0.03240000 -0.16884512E+02  0.59254766E-01      0.00000000      0.00000000
  0.03260000 -0.16825739E+02  0.58809221E-01      0.00000000      0.00000000
  0.03280000 -0.16767321E+02  0.58381975E-01      0.00000000      0.00000000
  0.03300000 -0.16708012E+02  0.57968974E-01      0.00000000      0.00000000
  0.03320000 -0.16650139E+02  0.57505906E-01      0.00000000      0.00000000
  0.03340000 -0.16593191E+02  0.57090223E-01      0.00000000      0.00000000
  0.03360000 -0.16535698E+02  0.56670249E-01      0.00000000      0.00000000
  0.03380000 -0.16479536E+02  0.56227863E-01      0.00000000      0.00000000
  0.03399999 -0.16423822E+02  0.55864871E-01      0.00000000      0.00000000
  0.03420001 -0.16367851E+02  0.55440664E-01      0.00000000      0.00000000
  0.03440000 -0.16312513E+02  0.55050790E-01      0.00000000      0.00000000
  0.03460000 -0.16257414E+02  0.54669946E-01      0.00000000      0.00000000
  0.03479999 -0.16203156E+02  0.54258049E-01      0.00000000      0.00000000
  0.03500000 -0.16149595E+02  0.53859264E-01      0.00000000      0.00000000
  0.03520000 -0.16095961E+02  0.53474903E-01      0.00000000      0.00000000
  0.03540000 -0.16042528E+02  0.53101867E-01      0.00000000      0.00000000
  0.03560000 -0.15990332E+02  0.52742183E-01      0.00000000      0.00000000
  0.03580000 -0.15937508E+02  0.52356929E-01      0.00000000      0.00000000
  0.03600000 -0.15884779E+02  0.51991969E-01      0.00000000      0.00000000
  0.03619999 -0.15833351E+02  0.51627278E-01      0.00000000      0.00000000
  0.03640000 -0.15782043E+02  0.51262408E-01      0.00000000      0.00000000
  0.03660000 -0.15731016E+02  0.50928444E-01      0.00000000      0.00000000
  0.03680000 -0.15679993E+02  0.50575137E-01      0.00000000      0.00000000
  0.03700000 -0.15629988E+02  0.50229788E-01      0.00000000      0.00000000
  0.03720000 -0.15579884E+02  0.49892813E-01      0.00000000      0.00000000
  0.03740000 -0.15530228E+02  0.49526215E-01      0.00000000      0.00000000
  0.03760000 -0.15480742E+02  0.49183965E-01      0.00000000      0.00000000
  0.03780000 -0.15431625E+02  0.48874468E-01      0.00000000      0.00000000
  0.03800000 -0.15383089E+02  0.48530042E-01      0.00000000      0.00000000
  0.03820000 -0.15335390E+02  0.48205465E-01      0.00000000      0.00000000
  0.03839999 -0.15287260E+02  0.47869861E-01      0.00000000      0.00000000
  0.03860000 -0.15239283E+02  0.47549993E-01      0.00000000      0.00000000
  0.03880000 -0.15191708E+02  0.47238350E-01      0.00000000      0.00000000
  0.03900000 -0.15144003E+02  0.46891630E-01      0.00000000      0.00000000
  0.03920000 -0.15097511E+02  0.46591014E-01      0.00000000      0.00000000
  0.03940000 -0.15050838E+02  0.46249166E-01      0.00000000      0.00000000
  0.03960000 -0.15005077E+02  0.45950264E-01      0.00000000      0.00000000
  0.03980000 -0.14959087E+02  0.45661703E-01      0.00000000      0.00000000
  0.04000000 -0.14913703E+02  0.45370996E-01      0.00000000      0.00000000
  0.04020000 -0.14868725E+02  0.45085609E-01      0.00000000      0.00000000
  0.04040000 -0.14823710E+02  0.44781759E-01      0.00000000      0.00000000
  0.04060000 -0.14778795E+02  0.44464469E-01      0.00000000      0.00000000
  0.04080000 -0.14734561E+02  0.44183731E-01      0.00000000      0.00000000
  0.04100000 -0.14690899E+02  0.43926582E-01      0.00000000      0.00000000
  0.04120000 -0.14646712E+02  0.43637931E-01      0.00000000      0.00000000
  0.04140000 -0.14602963E+02  0.43371096E-01      0.00000000      0.00000000
  0.04160000 -0.14559951E+02  0.43074057E-01      0.00000000      0.00000000
  0.04180000 -0.14517673E+02  0.42793691E-01      0.00000000      0.00000000
  0.04200000 -0.14474631E+02  0.42518705E-01      0.00000000      0.00000000
  0.04220000 -0.14432171E+02  0.42242214E-01      0.00000000      0.00000000
  0.04240000 -0.14390493E+02  0.41978210E-01      0.00000000      0.00000000
  0.04260000 -0.14348711E+02  0.41708484E-01      0.00000000      0.00000000
  0.04280000 -0.14307082E+02  0.41461185E-01      0.00000000      0.00000000
  0.04300000 -0.14265832E+02  0.41222572E-01      0.00000000      0.00000000
  0.04320000 -0.14224791E+02  0.40947035E-01      0.00000000      0.00000000
  0.04340000 -0.14183956E+02  0.40704757E-01      0.00000000      0.00000000
  0.04360000 -0.14143194E+02  0.40449381E-01      0.00000000      0.00000000
  0.04380000 -0.14102453E+02  0.40170625E-01      0.00000000      0.00000000
  0.04400000 -0.14062807E+02  0.39928928E-01      0.00000000      0.00000000
  0.04420000 -0.14023035E+02  0.39675295E-01      0.00000000      0.00000000
  0.04440000 -0.13983468E+02  0.39455175E-01      0.00000000      0.00000000
  0.04460000 -0.13943980E+02  0.39221570E-01      0.00000000      0.00000000
  0.04480000 -0.13905202E+02  0.38983569E-01      0.00000000      0.00000000
  0.04500000 -0.13865587E+02  0.38728267E-01      0.00000000      0.00000000
  0.04520000 -0.13826886E+02  0.38479403E-01      0.00000000      0.00000000
  0.04539999 -0.13788799E+02  0.38255200E-01      0.00000000      0.00000000
  0.04560000 -0.13750571E+02  0.38027838E-01      0.00000000      0.00000000
  0.04580000 -0.13712320E+02  0.37830740E-01      0.00000000      0.00000000
  0.04600000 -0.13674563E+02  0.37607551E-01      0.00000000      0.00000000
  0.04620000 -0.13637365E+02  0.37353277E-01      0.00000000      0.00000000
  0.04640000 -0.13600313E+02  0.37113346E-01      0.00000000      0.00000000
  0.04660000 -0.13563396E+02  0.36884569E-01      0.00000000      0.00000000
  0.04680000 -0.13526556E+02  0.36661774E-01      0.00000000      0.00000000
  0.04700000 -0.13490176E+02  0.36462516E-01      0.00000000      0.00000000
  0.04720000 -0.13453273E+02  0.36266834E-01      0.00000000      0.00000000
  0.04740000 -0.13416806E+02  0.36059462E-01      0.00000000      0.00000000
  0.04759999 -0.13380743E+02  0.35833120E-01      0.00000000      0.00000000
  0.04780000 -0.13344694E+02  0.35632126E-01      0.00000000      0.00000000
  0.04800000 -0.13310083E+02  0.35401210E-01      0.00000000      0.00000000
  0.04820000 -0.13274965E+02  0.35192207E-01      0.00000000      0.00000000
  0.04840000 -0.13239967E+02  0.35005875E-01      0.00000000      0.00000000
  0.04860000 -0.13205258E+02  0.34801356E-01      0.00000000      0.00000000
  0.04880000 -0.13170749E+02  0.34599848E-01      0.00000000      0.00000000
  0.04899999 -0.13135528E+02  0.34406230E-01      0.00000000      0.00000000
  0.04920000 -0.13101345E+02  0.34213796E-01      0.00000000      0.00000000
  0.04940000 -0.13067085E+02  0.34003243E-01      0.00000000      0.00000000
  0.04960000 -0.13032619E+02  0.33809550E-01      0.00000000      0.00000000
  0.04979999 -0.12999165E+02  0.33634223E-01      0.00000000      0.00000000
  0.05000000 -0.12965664E+02  0.33448473E-01      0.00000000      0.00000000
  0.05020000 -0.12931872E+02  0.33241630E-01      0.00000000      0.00000000
  0.05040000 -0.12899031E+02  0.33061750E-01      0.00000000      0.00000000
  0.05060000 -0.12866091E+02  0.32866791E-01      0.00000000      0.00000000
  0.05080000 -0.12833572E+02  0.32682829E-01      0.00000000      0.00000000
  0.05100000 -0.12801186E+02  0.32499917E-01      0.00000000      0.00000000
  0.05119999 -0.12768646E+02  0.32328978E-01      0.00000000      0.00000000
  0.05140000 -0.12736699E+02  0.32162458E-01      0.00000000      0.00000000
  0.05160000 -0.12704432E+02  0.31992167E-01      0.00000000      0.00000000
  0.05180000 -0.12672615E+02  0.31795233E-01      0.00000000      0.00000000
  0.05199999 -0.12641024E+02  0.31641893E-01      0.00000000      0.00000000
  0.05220000 -0.12609632E+02  0.31455658E-01      0.00000000      0.00000000
  0.05240000 -0.12578226E+02  0.31274416E-01      0.00000000      0.00000000
  0.05260000 -0.12546856E+02  0.31123653E-01      0.00000000      0.00000000
  0.05280000 -0.12515795E+02  0.30950792E-01      0.00000000      0.00000000
  0.05300000 -0.12485113E+02  0.30769050E-01      0.00000000      0.00000000
  0.05320000 -0.12454351E+02  0.30608408E-01      0.00000000      0.00000000
  0.05339999 -0.12423941E+02  0.30436620E-01      0.00000000      0.00000000
  0.05360000 -0.12393755E+02  0.30265331E-01      0.00000000      0.00000000
  0.05380000 -0.12363473E+02  0.30114830E-01      0.00000000      0.00000000
  0.05400000 -0.12332794E+02  0.29932171E-01      0.00000000      0.00000000
  0.05420000 -0.12303185E+02  0.29765300E-01      0.00000000      0.00000000
  0.05440000 -0.12273423E+02  0.29613800E-01      0.00000000      0.00000000
  0.05460000 -0.12243773E+02  0.29466126E-01      0.00000000      0.00000000
  0.05480000 -0.12214458E+02  0.29311124E-01      0.00000000      0.00000000
  0.05500000 -0.12185211E+02  0.29154986E-01      0.00000000      0.00000000
  0.05520000 -0.12156364E+02  0.28989621E-01      0.00000000      0.00000000
  0.05540000 -0.12127320E+02  0.28855167E-01      0.00000000      0.00000000
  0.05560000 -0.12098716E+02  0.28713908E-01      0.00000000      0.00000000
  0.05580000 -0.12070293E+02  0.28584711E-01      0.00000000      0.00000000
  0.05600000 -0.12041586E+02  0.28415028E-01      0.00000000      0.00000000
  0.05620000 -0.12013157E+02  0.28231386E-01      0.00000000      0.00000000
  0.05640000 -0.11984873E+02  0.28096084E-01      0.00000000      0.00000000
  0.05660000 -0.11957088E+02  0.27953237E-01      0.00000000      0.00000000
  0.05680000 -0.11929240E+02  0.27795073E-01      0.00000000      0.00000000
  0.05700000 -0.11901433E+02  0.27656671E-01      0.00000000      0.00000000
  0.05720000 -0.11873833E+02  0.27526230E-01      0.00000000      0.00000000
  0.05740000 -0.11846508E+02  0.27388353E-01      0.00000000      0.00000000
  0.05760000 -0.11819405E+02  0.27251180E-01      0.00000000      0.00000000
  0.05780000 -0.11791975E+02  0.27120214E-01      0.00000000      0.00000000
  0.05800000 -0.11764931E+02  0.26980791E-01      0.00000000      0.00000000
  0.05819999 -0.11737549E+02  0.26817534E-01      0.00000000      0.00000000
  0.05840000 -0.11710748E+02  0.26680522E-01      0.00000000      0.00000000
  0.05860000 -0.11684216E+02  0.26550550E-01      0.00000000      0.00000000
  0.05880000 -0.11657574E+02  0.26403047E-01      0.00000000      0.00000000
  0.05900000 -0.11631117E+02  0.26266493E-01      0.00000000      0.00000000
  0.05920000 -0.11604925E+02  0.26159301E-01      0.00000000      0.00000000
  0.05940000 -0.11578894E+02  0.26030693E-01      0.00000000      0.00000000
  0.05960000 -0.11553032E+02  0.25889460E-01      0.00000000      0.00000000
  0.05980000 -0.11527153E+02  0.25764938E-01      0.00000000      0.00000000
  0.06000000 -0.11501445E+02  0.25637414E-01      0.00000000      0.00000000
  0.06020000 -0.11476300E+02  0.25512088E-01      0.00000000      0.00000000
  0.06039999 -0.11451018E+02  0.25388595E-01      0.00000000      0.00000000
  0.06060000 -0.11425419E+02  0.25270838E-01      0.00000000      0.00000000
  0.06080000 -0.11400124E+02  0.25149170E-01      0.00000000      0.00000000
  0.06100000 -0.11374960E+02  0.25021527E-01      0.00000000      0.00000000
  0.06119999 -0.11349700E+02  0.24885241E-01      0.00000000      0.00000000
  0.06140000 -0.11324846E+02  0.24753254E-01      0.00000000      0.00000000
  0.06160000 -0.11300283E+02  0.24651777E-01      0.00000000      0.00000000
  0.06180000 -0.11275727E+02  0.24539299E-01      0.00000000      0.00000000
  0.06200000 -0.11251179E+02  0.24429008E-01      0.00000000      0.00000000
  0.06220000 -0.11226807E+02  0.24283502E-01      0.00000000      0.00000000
  0.06240000 -0.11202585E+02  0.24159759E-01      0.00000000      0.00000000
  0.06259999 -0.11178586E+02  0.24060890E-01      0.00000000      0.00000000
  0.06280001 -0.11154903E+02  0.23952074E-01      0.00000000      0.00000000
  0.06300000 -0.11131129E+02  0.23828577E-01      0.00000000      0.00000000
  0.06320000 -0.11107316E+02  0.23719527E-01      0.00000000      0.00000000
  0.06339999 -0.11083744E+02  0.23584962E-01      0.00000000      0.00000000
  0.06360000 -0.11060349E+02  0.23475282E-01      0.00000000      0.00000000
  0.06380000 -0.11036716E+02  0.23356523E-01      0.00000000      0.00000000
  0.06400000 -0.11013357E+02  0.23262940E-01      0.00000000      0.00000000
  0.06420000 -0.10989787E+02  0.23156352E-01      0.00000000      0.00000000
  0.06440000 -0.10966664E+02  0.23038302E-01      0.00000000      0.00000000
  0.06460000 -0.10943968E+02  0.22930924E-01      0.00000000      0.00000000
  0.06479999 -0.10921083E+02  0.22806969E-01      0.00000000      0.00000000
  0.06500000 -0.10898685E+02  0.22710759E-01      0.00000000      0.00000000
  0.06520000 -0.10876087E+02  0.22620786E-01      0.00000000      0.00000000
  0.06540000 -0.10853425E+02  0.22531148E-01      0.00000000      0.00000000
  0.06559999 -0.10830744E+02  0.22424892E-01      0.00000000      0.00000000
  0.06580000 -0.10808182E+02  0.22300661E-01      0.00000000      0.00000000
  0.06600000 -0.10785854E+02  0.22193018E-01      0.00000000      0.00000000
  0.06620000 -0.10763725E+02  0.22087671E-01      0.00000000      0.00000000
  0.06640000 -0.10741753E+02  0.21989252E-01      0.00000000      0.00000000
  0.06660000 -0.10720052E+02  0.21894773E-01      0.00000000      0.00000000
  0.06680001 -0.10698346E+02  0.21797424E-01      0.00000000      0.00000000
  0.06699999 -0.10676600E+02  0.21698590E-01      0.00000000      0.00000000
  0.06720000 -0.10654910E+02  0.21600099E-01      0.00000000      0.00000000
  0.06739999 -0.10633335E+02  0.21511247E-01      0.00000000      0.00000000
  0.06760000 -0.10612089E+02  0.21403236E-01      0.00000000      0.00000000
  0.06780000 -0.10590684E+02  0.21300064E-01      0.00000000      0.00000000
  0.06800000 -0.10569498E+02  0.21202061E-01      0.00000000      0.00000000
  0.06820000 -0.10548266E+02  0.21098360E-01      0.00000000      0.00000000
  0.06840000 -0.10527270E+02  0.21000428E-01      0.00000000      0.00000000
  0.06859999 -0.10506407E+02  0.20908764E-01      0.00000000      0.00000000
  0.06880000 -0.10485512E+02  0.20810025E-01      0.00000000      0.00000000
  0.06900001 -0.10464664E+02  0.20731613E-01      0.00000000      0.00000000
  0.06919999 -0.10444202E+02  0.20653389E-01      0.00000000      0.00000000
  0.06940000 -0.10423465E+02  0.20544883E-01      0.00000000      0.00000000
  0.06960000 -0.10402987E+02  0.20456195E-01      0.00000000      0.00000000
  0.06980000 -0.10382617E+02  0.20371620E-01      0.00000000      0.00000000
  0.07000000 -0.10362255E+02  0.20270633E-01      0.00000000      0.00000000
  0.07020000 -0.10342121E+02  0.20174449E-01      0.00000000      0.00000000
  0.07040000 -0.10321985E+02  0.20094711E-01      0.00000000      0.00000000
  0.07060000 -0.10302115E+02  0.20003056E-01      0.00000000      0.00000000
  0.07079999 -0.10282232E+02  0.19916052E-01      0.00000000      0.00000000
  0.07099999 -0.10262162E+02  0.19827921E-01      0.00000000      0.00000000
  0.07120001 -0.10242333E+02  0.19740663E-01      0.00000000      0.00000000
  0.07139999 -0.10222601E+02  0.19647820E-01      0.00000000      0.00000000
  0.07160000 -0.10202922E+02  0.19568915E-01      0.00000000      0.00000000
  0.07180000 -0.10183420E+02  0.19475978E-01      0.00000000      0.00000000
  0.07200000 -0.10163940E+02  0.19385215E-01      0.00000000      0.00000000
  0.07220000 -0.10144657E+02  0.19301593E-01      0.00000000      0.00000000
  0.07239999 -0.10125205E+02  0.19216366E-01      0.00000000      0.00000000
  0.07260000 -0.10106122E+02  0.19118693E-01      0.00000000      0.00000000
  0.07280000 -0.10087135E+02  0.19060738E-01      0.00000000      0.00000000
  0.07299999 -0.10068020E+02  0.18992389E-01      0.00000000      0.00000000
  0.07319999 -0.10049030E+02  0.18903773E-01      0.00000000      0.00000000
  0.07340001 -0.10030097E+02  0.18824013E-01      0.00000000      0.00000000
  0.07359999 -0.10011498E+02  0.18734878E-01      0.00000000      0.00000000
  0.07380000 -0.99927292E+01  0.18653849E-01      0.00000000      0.00000000
  0.07400000 -0.99742641E+01  0.18579468E-01      0.00000000      0.00000000
  0.07420000 -0.99557095E+01  0.18506091E-01      0.00000000      0.00000000
  0.07440000 -0.99370918E+01  0.18436482E-01      0.00000000      0.00000000
  0.07460000 -0.99185667E+01  0.18342037E-01      0.00000000      0.00000000
  0.07480000 -0.99002323E+01  0.18266587E-01      0.00000000      0.00000000
  0.07500000 -0.98819380E+01  0.18171519E-01      0.00000000      0.00000000
  0.07519999 -0.98638678E+01  0.18106261E-01      0.00000000      0.00000000
  0.07539999 -0.98458576E+01  0.18035853E-01      0.00000000      0.00000000
  0.07560000 -0.98278055E+01  0.17964769E-01      0.00000000      0.00000000
  0.07579999 -0.98096962E+01  0.17887924E-01      0.00000000      0.00000000
  0.07600000 -0.97918186E+01  0.17813319E-01      0.00000000      0.00000000
  0.07620000 -0.97742319E+01  0.17736804E-01      0.00000000      0.00000000
  0.07640000 -0.97563372E+01  0.17665265E-01      0.00000000      0.00000000
  0.07660000 -0.97388573E+01  0.17589483E-01      0.00000000      0.00000000
  0.07680000 -0.97210617E+01  0.17510198E-01      0.00000000      0.00000000
  0.07699999 -0.97037201E+01  0.17433206E-01      0.00000000      0.00000000
  0.07720000 -0.96861773E+01  0.17370649E-01      0.00000000      0.00000000
  0.07739999 -0.96686907E+01  0.17287394E-01      0.00000000      0.00000000
  0.07759999 -0.96516514E+01  0.17222652E-01      0.00000000      0.00000000
  0.07780000 -0.96347675E+01  0.17136918E-01      0.00000000      0.00000000
  0.07799999 -0.96177797E+01  0.17085014E-01      0.00000000      0.00000000
  0.07820000 -0.96007013E+01  0.17006835E-01      0.00000000      0.00000000
  0.07840000 -0.95839224E+01  0.16946156E-01      0.00000000      0.00000000
  0.07860000 -0.95667849E+01  0.16879216E-01      0.00000000      0.00000000
  0.07880000 -0.95499678E+01  0.16813619E-01      0.00000000      0.00000000
  0.07900000 -0.95329666E+01  0.16746249E-01      0.00000000      0.00000000
  0.07919999 -0.95162096E+01  0.16672475E-01      0.00000000      0.00000000
  0.07940000 -0.94994736E+01  0.16606905E-01      0.00000000      0.00000000
  0.07960001 -0.94828091E+01  0.16538866E-01      0.00000000      0.00000000
  0.07979999 -0.94664354E+01  0.16462699E-01      0.00000000      0.00000000
