 -0.04000000  0.10151020E+02  0.31587481E-01      0.00000000      0.00000000
 -0.03980000  0.10182529E+02  0.31769872E-01      0.00000000      0.00000000
 -0.03960000  0.10214233E+02  0.31963706E-01      0.00000000      0.00000000
 -0.03940000  0.10245712E+02  0.32146156E-01      0.00000000      0.00000000
 -0.03920000  0.10278332E+02  0.32338142E-01      0.00000000      0.00000000
 -0.03900000  0.10310667E+02  0.32523215E-01      0.00000000      0.00000000
 -0.03880000  0.10342995E+02  0.32714665E-01      0.00000000      0.00000000
 -0.03860000  0.10375702E+02  0.32908738E-01      0.00000000      0.00000000
 -0.03840000  0.10408607E+02  0.33107102E-01      0.00000000      0.00000000
 -0.03820000  0.10441643E+02  0.33308983E-01      0.00000000      0.00000000
 -0.03800000  0.10475014E+02  0.33513308E-01      0.00000000      0.00000000
 -0.03780000  0.10509041E+02  0.33721507E-01      0.00000000      0.00000000
 -0.03760000  0.10542580E+02  0.33922851E-01      0.00000000      0.00000000
 -0.03740000  0.10576424E+02  0.34119129E-01      0.00000000      0.00000000
 -0.03720000  0.10610714E+02  0.34330487E-01      0.00000000      0.00000000
 -0.03700000  0.10645428E+02  0.34549475E-01      0.00000000      0.00000000
 -0.03680000  0.10680340E+02  0.34761906E-01      0.00000000      0.00000000
 -0.03660000  0.10715168E+02  0.34980893E-01      0.00000000      0.00000000
 -0.03640000  0.10750168E+02  0.35189390E-01      0.00000000      0.00000000
 -0.03620000  0.10785255E+02  0.35404444E-01      0.00000000      0.00000000
 -0.03600000  0.10820957E+02  0.35630465E-01      0.00000000      0.00000000
 -0.03580000  0.10857021E+02  0.35853148E-01      0.00000000      0.00000000
 -0.03560000  0.10892857E+02  0.36077499E-01      0.00000000      0.00000000
 -0.03540000  0.10929039E+02  0.36312938E-01      0.00000000      0.00000000
 -0.03520000  0.10965797E+02  0.36536217E-01      0.00000000      0.00000000
 -0.03500000  0.11002995E+02  0.36768675E-01      0.00000000      0.00000000
 -0.03480000  0.11039822E+02  0.37008524E-01      0.00000000      0.00000000
 -0.03460000  0.11077095E+02  0.37244320E-01      0.00000000      0.00000000
 -0.03440000  0.11114738E+02  0.37490606E-01      0.00000000      0.00000000
 -0.03420000  0.11152290E+02  0.37723541E-01      0.00000000      0.00000000
 -0.03400000  0.11189812E+02  0.37964821E-01      0.00000000      0.00000000
 -0.03380000  0.11227806E+02  0.38198709E-01      0.00000000      0.00000000
 -0.03360000  0.11266022E+02  0.38438559E-01      0.00000000      0.00000000
 -0.03340000  0.11304970E+02  0.38695335E-01      0.00000000      0.00000000
 -0.03320000  0.11344147E+02  0.38952827E-01      0.00000000      0.00000000
 -0.03300000  0.11382874E+02  0.39211273E-01      0.00000000      0.00000000
 -0.03280000  0.11422005E+02  0.39459229E-01      0.00000000      0.00000000
 -0.03260000  0.11461662E+02  0.39722919E-01      0.00000000      0.00000000
 -0.03240000  0.11501427E+02  0.39993286E-01      0.00000000      0.00000000
 -0.03220000  0.11541710E+02  0.40250778E-01      0.00000000      0.00000000
 -0.03200000  0.11582039E+02  0.40513992E-01      0.00000000      0.00000000
 -0.03180000  0.11622345E+02  0.40785789E-01      0.00000000      0.00000000
 -0.03160000  0.11662903E+02  0.41060448E-01      0.00000000      0.00000000
 -0.03140000  0.11703918E+02  0.41316986E-01      0.00000000      0.00000000
 -0.03120000  0.11745758E+02  0.41601181E-01      0.00000000      0.00000000
 -0.03100000  0.11787399E+02  0.41887283E-01      0.00000000      0.00000000
 -0.03080000  0.11829483E+02  0.42175293E-01      0.00000000      0.00000000
 -0.03060000  0.11872070E+02  0.42472839E-01      0.00000000      0.00000000
 -0.03040000  0.11915222E+02  0.42747498E-01      0.00000000      0.00000000
 -0.03020000  0.11957520E+02  0.43060303E-01      0.00000000      0.00000000
 -0.03000000  0.12000488E+02  0.43273926E-01      0.00000000      0.00000000
 -0.02980000  0.12044353E+02  0.43518066E-01      0.00000000      0.00000000
 -0.02960000  0.12087708E+02  0.43945312E-01      0.00000000      0.00000000
 -0.02940000  0.12131683E+02  0.44235229E-01      0.00000000      0.00000000
 -0.02920000  0.12176102E+02  0.44548035E-01      0.00000000      0.00000000
 -0.02900000  0.12220955E+02  0.44860840E-01      0.00000000      0.00000000
 -0.02880000  0.12266041E+02  0.45188904E-01      0.00000000      0.00000000
 -0.02860000  0.12311683E+02  0.45501709E-01      0.00000000      0.00000000
 -0.02840000  0.12356880E+02  0.45829773E-01      0.00000000      0.00000000
 -0.02820000  0.12402779E+02  0.46157837E-01      0.00000000      0.00000000
 -0.02800000  0.12449127E+02  0.46463013E-01      0.00000000      0.00000000
 -0.02780000  0.12495972E+02  0.46829224E-01      0.00000000      0.00000000
 -0.02760000  0.12543121E+02  0.47119141E-01      0.00000000      0.00000000
 -0.02740000  0.12590008E+02  0.47424316E-01      0.00000000      0.00000000
 -0.02720000  0.12637787E+02  0.47851562E-01      0.00000000      0.00000000
 -0.02700000  0.12685883E+02  0.48171997E-01      0.00000000      0.00000000
 -0.02680000  0.12733856E+02  0.48522949E-01      0.00000000      0.00000000
 -0.02660000  0.12782593E+02  0.48873901E-01      0.00000000      0.00000000
 -0.02640000  0.12830963E+02  0.49213409E-01      0.00000000      0.00000000
 -0.02620000  0.12881241E+02  0.49568176E-01      0.00000000      0.00000000
 -0.02600000  0.12930908E+02  0.49940109E-01      0.00000000      0.00000000
 -0.02580000  0.12981018E+02  0.50313950E-01      0.00000000      0.00000000
 -0.02560000  0.13031754E+02  0.50695419E-01      0.00000000      0.00000000
 -0.02540000  0.13082893E+02  0.51080704E-01      0.00000000      0.00000000
 -0.02520000  0.13134369E+02  0.51463127E-01      0.00000000      0.00000000
 -0.02500000  0.13185486E+02  0.51834106E-01      0.00000000      0.00000000
 -0.02480000  0.13238144E+02  0.52233696E-01      0.00000000      0.00000000
 -0.02460000  0.13290565E+02  0.52624226E-01      0.00000000      0.00000000
 -0.02440000  0.13343552E+02  0.53015232E-01      0.00000000      0.00000000
 -0.02420000  0.13396843E+02  0.53425789E-01      0.00000000      0.00000000
 -0.02400000  0.13449928E+02  0.53821087E-01      0.00000000      0.00000000
 -0.02380000  0.13504036E+02  0.54257870E-01      0.00000000      0.00000000
 -0.02360000  0.13558792E+02  0.54679871E-01      0.00000000      0.00000000
 -0.02340000  0.13613136E+02  0.55099726E-01      0.00000000      0.00000000
 -0.02320000  0.13668999E+02  0.55535078E-01      0.00000000      0.00000000
 -0.02300000  0.13724724E+02  0.55960178E-01      0.00000000      0.00000000
 -0.02280000  0.13780991E+02  0.56406260E-01      0.00000000      0.00000000
 -0.02260000  0.13837139E+02  0.56843281E-01      0.00000000      0.00000000
 -0.02240000  0.13894276E+02  0.57287931E-01      0.00000000      0.00000000
 -0.02220000  0.13952209E+02  0.57751417E-01      0.00000000      0.00000000
 -0.02200000  0.14009850E+02  0.58188438E-01      0.00000000      0.00000000
 -0.02180000  0.14067688E+02  0.58668733E-01      0.00000000      0.00000000
 -0.02160000  0.14126400E+02  0.59128642E-01      0.00000000      0.00000000
 -0.02140000  0.14185555E+02  0.59604645E-01      0.00000000      0.00000000
 -0.02120000  0.14245823E+02  0.60079098E-01      0.00000000      0.00000000
 -0.02100000  0.14306713E+02  0.60582876E-01      0.00000000      0.00000000
 -0.02080000  0.14366852E+02  0.61070204E-01      0.00000000      0.00000000
 -0.02060000  0.14428158E+02  0.61554074E-01      0.00000000      0.00000000
 -0.02040000  0.14490517E+02  0.62076688E-01      0.00000000      0.00000000
 -0.02020000  0.14553314E+02  0.62590957E-01      0.00000000      0.00000000
 -0.02000000  0.14616253E+02  0.63112855E-01      0.00000000      0.00000000
 -0.01980000  0.14679508E+02  0.63643456E-01      0.00000000      0.00000000
 -0.01960000  0.14743336E+02  0.64189732E-01      0.00000000      0.00000000
 -0.01940000  0.14806992E+02  0.64719617E-01      0.00000000      0.00000000
 -0.01920000  0.14872898E+02  0.65274000E-01      0.00000000      0.00000000
 -0.01900000  0.14938429E+02  0.65805376E-01      0.00000000      0.00000000
 -0.01880000  0.15004906E+02  0.66351712E-01      0.00000000      0.00000000
 -0.01860000  0.15071430E+02  0.66925347E-01      0.00000000      0.00000000
 -0.01840000  0.15139265E+02  0.67506015E-01      0.00000000      0.00000000
 -0.01820000  0.15206615E+02  0.68082869E-01      0.00000000      0.00000000
 -0.01800000  0.15274616E+02  0.68654299E-01      0.00000000      0.00000000
 -0.01780000  0.15343460E+02  0.69253683E-01      0.00000000      0.00000000
 -0.01760000  0.15413219E+02  0.69865346E-01      0.00000000      0.00000000
 -0.01740000  0.15482574E+02  0.70461988E-01      0.00000000      0.00000000
 -0.01720000  0.15552998E+02  0.71080208E-01      0.00000000      0.00000000
 -0.01700000  0.15624720E+02  0.71710527E-01      0.00000000      0.00000000
 -0.01680000  0.15697287E+02  0.72353125E-01      0.00000000      0.00000000
 -0.01660000  0.15770336E+02  0.73007613E-01      0.00000000      0.00000000
 -0.01640000  0.15843826E+02  0.73663324E-01      0.00000000      0.00000000
 -0.01620000  0.15918377E+02  0.74310154E-01      0.00000000      0.00000000
 -0.01600000  0.15993235E+02  0.75002104E-01      0.00000000      0.00000000
 -0.01580000  0.16068762E+02  0.75672716E-01      0.00000000      0.00000000
 -0.01560000  0.16143858E+02  0.76345682E-01      0.00000000      0.00000000
 -0.01540000  0.16220282E+02  0.77063024E-01      0.00000000      0.00000000
 -0.01520000  0.16297356E+02  0.77766269E-01      0.00000000      0.00000000
 -0.01500000  0.16375523E+02  0.78476161E-01      0.00000000      0.00000000
 -0.01480000  0.16454975E+02  0.79220623E-01      0.00000000      0.00000000
 -0.01460000  0.16535955E+02  0.79962343E-01      0.00000000      0.00000000
 -0.01440000  0.16616081E+02  0.80700129E-01      0.00000000      0.00000000
 -0.01420000  0.16696999E+02  0.81465364E-01      0.00000000      0.00000000
 -0.01400000  0.16778242E+02  0.82222611E-01      0.00000000      0.00000000
 -0.01380000  0.16861031E+02  0.83006650E-01      0.00000000      0.00000000
 -0.01360000  0.16944212E+02  0.83790839E-01      0.00000000      0.00000000
 -0.01340000  0.17028299E+02  0.84607810E-01      0.00000000      0.00000000
 -0.01320000  0.17113535E+02  0.85436434E-01      0.00000000      0.00000000
 -0.01300000  0.17199013E+02  0.86248398E-01      0.00000000      0.00000000
 -0.01280000  0.17285789E+02  0.87089032E-01      0.00000000      0.00000000
 -0.01260000  0.17372425E+02  0.87923646E-01      0.00000000      0.00000000
 -0.01240000  0.17459972E+02  0.88791668E-01      0.00000000      0.00000000
 -0.01220000  0.17549150E+02  0.89646548E-01      0.00000000      0.00000000
 -0.01200000  0.17638836E+02  0.90525240E-01      0.00000000      0.00000000
 -0.01180000  0.17728989E+02  0.91430470E-01      0.00000000      0.00000000
 -0.01160000  0.17822231E+02  0.92366606E-01      0.00000000      0.00000000
 -0.01140000  0.17916134E+02  0.93310446E-01      0.00000000      0.00000000
 -0.01120000  0.18010220E+02  0.94276398E-01      0.00000000      0.00000000
 -0.01100000  0.18104958E+02  0.95221549E-01      0.00000000      0.00000000
 -0.01080000  0.18201033E+02  0.96192047E-01      0.00000000      0.00000000
 -0.01060000  0.18297157E+02  0.97169206E-01      0.00000000      0.00000000
 -0.01040000  0.18394703E+02  0.98180607E-01      0.00000000      0.00000000
 -0.01020000  0.18493813E+02  0.99190101E-01      0.00000000      0.00000000
 -0.01000000  0.18592098E+02  0.10021701E+00      0.00000000      0.00000000
 -0.00980000  0.18693445E+02  0.10125811E+00      0.00000000      0.00000000
 -0.00960000  0.18795555E+02  0.10233438E+00      0.00000000      0.00000000
 -0.00940000  0.18899281E+02  0.10342368E+00      0.00000000      0.00000000
 -0.00920000  0.19002184E+02  0.10450606E+00      0.00000000      0.00000000
 -0.00900000  0.19107304E+02  0.10564667E+00      0.00000000      0.00000000
 -0.00880000  0.19214127E+02  0.10679829E+00      0.00000000      0.00000000
 -0.00860000  0.19321159E+02  0.10793559E+00      0.00000000      0.00000000
 -0.00840000  0.19430939E+02  0.10913476E+00      0.00000000      0.00000000
 -0.00820000  0.19539986E+02  0.11034068E+00      0.00000000      0.00000000
 -0.00800000  0.19650887E+02  0.11154594E+00      0.00000000      0.00000000
 -0.00780000  0.19761858E+02  0.11277594E+00      0.00000000      0.00000000
 -0.00760000  0.19874733E+02  0.11398672E+00      0.00000000      0.00000000
 -0.00740000  0.19989639E+02  0.11524981E+00      0.00000000      0.00000000
 -0.00720000  0.20104458E+02  0.11656083E+00      0.00000000      0.00000000
 -0.00700000  0.20222385E+02  0.11790184E+00      0.00000000      0.00000000
 -0.00680000  0.20341444E+02  0.11924254E+00      0.00000000      0.00000000
 -0.00660000  0.20461140E+02  0.12060157E+00      0.00000000      0.00000000
 -0.00640000  0.20582533E+02  0.12199870E+00      0.00000000      0.00000000
 -0.00620000  0.20704311E+02  0.12338476E+00      0.00000000      0.00000000
 -0.00600000  0.20829367E+02  0.12482012E+00      0.00000000      0.00000000
 -0.00580000  0.20955229E+02  0.12631339E+00      0.00000000      0.00000000
 -0.00560000  0.21081951E+02  0.12778327E+00      0.00000000      0.00000000
 -0.00540000  0.21212582E+02  0.12934010E+00      0.00000000      0.00000000
 -0.00520000  0.21342583E+02  0.13086931E+00      0.00000000      0.00000000
 -0.00500000  0.21472540E+02  0.13241227E+00      0.00000000      0.00000000
 -0.00480000  0.21606415E+02  0.13402325E+00      0.00000000      0.00000000
 -0.00460000  0.21741133E+02  0.13563026E+00      0.00000000      0.00000000
 -0.00440000  0.21875790E+02  0.13727291E+00      0.00000000      0.00000000
 -0.00420000  0.22013807E+02  0.13894376E+00      0.00000000      0.00000000
 -0.00400000  0.22153961E+02  0.14067847E+00      0.00000000      0.00000000
 -0.00380000  0.22295677E+02  0.14241397E+00      0.00000000      0.00000000
 -0.00360000  0.22438604E+02  0.14424691E+00      0.00000000      0.00000000
 -0.00340000  0.22583273E+02  0.14605121E+00      0.00000000      0.00000000
 -0.00320000  0.22731323E+02  0.14790851E+00      0.00000000      0.00000000
 -0.00300000  0.22879513E+02  0.14978164E+00      0.00000000      0.00000000
 -0.00280000  0.23029997E+02  0.15169683E+00      0.00000000      0.00000000
 -0.00260000  0.23182869E+02  0.15365662E+00      0.00000000      0.00000000
 -0.00240000  0.23336493E+02  0.15563595E+00      0.00000000      0.00000000
 -0.00220000  0.23494329E+02  0.15768272E+00      0.00000000      0.00000000
 -0.00200000  0.23653772E+02  0.15979055E+00      0.00000000      0.00000000
 -0.00180000  0.23812702E+02  0.16189170E+00      0.00000000      0.00000000
 -0.00160000  0.23976734E+02  0.16407321E+00      0.00000000      0.00000000
 -0.00140000  0.24144938E+02  0.16630495E+00      0.00000000      0.00000000
 -0.00120000  0.24311298E+02  0.16855486E+00      0.00000000      0.00000000
 -0.00100000  0.24481377E+02  0.17088810E+00      0.00000000      0.00000000
 -0.00080000  0.24653400E+02  0.17321408E+00      0.00000000      0.00000000
 -0.00060000  0.24827244E+02  0.17562321E+00      0.00000000      0.00000000
 -0.00040000  0.25004189E+02  0.17805357E+00      0.00000000      0.00000000
 -0.00020000  0.25183830E+02  0.18054923E+00      0.00000000      0.00000000
  0.00000000  0.25364634E+02  0.18308996E+00      0.00000000      0.00000000
  0.00020000  0.25551193E+02  0.18569684E+00      0.00000000      0.00000000
  0.00040000  0.25737879E+02  0.18834746E+00      0.00000000      0.00000000
  0.00060000  0.25928762E+02  0.19108060E+00      0.00000000      0.00000000
  0.00080000  0.26122616E+02  0.19386421E+00      0.00000000      0.00000000
  0.00100000  0.26317013E+02  0.19671397E+00      0.00000000      0.00000000
  0.00120000  0.26514143E+02  0.19959413E+00      0.00000000      0.00000000
  0.00140000  0.26714594E+02  0.20256256E+00      0.00000000      0.00000000
  0.00160000  0.26916922E+02  0.20554799E+00      0.00000000      0.00000000
  0.00180000  0.27122517E+02  0.20861581E+00      0.00000000      0.00000000
  0.00200000  0.27333286E+02  0.21179014E+00      0.00000000      0.00000000
  0.00220000  0.27547386E+02  0.21508282E+00      0.00000000      0.00000000
  0.00240000  0.27766382E+02  0.21844622E+00      0.00000000      0.00000000
  0.00260000  0.27984615E+02  0.22181627E+00      0.00000000      0.00000000
  0.00280000  0.28208792E+02  0.22526503E+00      0.00000000      0.00000000
  0.00300000  0.28436089E+02  0.22886287E+00      0.00000000      0.00000000
  0.00320000  0.28667526E+02  0.23247336E+00      0.00000000      0.00000000
  0.00340000  0.28899694E+02  0.23616372E+00      0.00000000      0.00000000
  0.00360000  0.29138401E+02  0.24001235E+00      0.00000000      0.00000000
  0.00380000  0.29380569E+02  0.24394187E+00      0.00000000      0.00000000
  0.00400000  0.29626472E+02  0.24796438E+00      0.00000000      0.00000000
  0.00420000  0.29875938E+02  0.25206280E+00      0.00000000      0.00000000
  0.00440000  0.30132462E+02  0.25632700E+00      0.00000000      0.00000000
  0.00460000  0.30390335E+02  0.26062420E+00      0.00000000      0.00000000
  0.00480000  0.30653513E+02  0.26505771E+00      0.00000000      0.00000000
  0.00500000  0.30920570E+02  0.26958507E+00      0.00000000      0.00000000
  0.00520000  0.31192343E+02  0.27428529E+00      0.00000000      0.00000000
  0.00540000  0.31468636E+02  0.27910250E+00      0.00000000      0.00000000
  0.00560000  0.31748936E+02  0.28396988E+00      0.00000000      0.00000000
  0.00580000  0.32038322E+02  0.28905076E+00      0.00000000      0.00000000
  0.00600000  0.32328739E+02  0.29418898E+00      0.00000000      0.00000000
  0.00620000  0.32626564E+02  0.29950222E+00      0.00000000      0.00000000
  0.00640000  0.32925636E+02  0.30493745E+00      0.00000000      0.00000000
  0.00660000  0.33234291E+02  0.31061077E+00      0.00000000      0.00000000
  0.00680000  0.33555893E+02  0.31657225E+00      0.00000000      0.00000000
  0.00700000  0.33875755E+02  0.32248691E+00      0.00000000      0.00000000
  0.00720000  0.34198925E+02  0.32852536E+00      0.00000000      0.00000000
  0.00740000  0.34528294E+02  0.33478880E+00      0.00000000      0.00000000
  0.00760000  0.34864468E+02  0.34121192E+00      0.00000000      0.00000000
  0.00780000  0.35210102E+02  0.34794536E+00      0.00000000      0.00000000
  0.00800000  0.35561863E+02  0.35484040E+00      0.00000000      0.00000000
  0.00820000  0.35921021E+02  0.36189282E+00      0.00000000      0.00000000
  0.00840000  0.36287666E+02  0.36921096E+00      0.00000000      0.00000000
  0.00860000  0.36657768E+02  0.37667727E+00      0.00000000      0.00000000
  0.00880000  0.37038452E+02  0.38435775E+00      0.00000000      0.00000000
  0.00900000  0.37424507E+02  0.39225066E+00      0.00000000      0.00000000
  0.00920000  0.37821732E+02  0.40049076E+00      0.00000000      0.00000000
  0.00940000  0.38222698E+02  0.40891108E+00      0.00000000      0.00000000
  0.00960000  0.38634312E+02  0.41762450E+00      0.00000000      0.00000000
  0.00980000  0.39051846E+02  0.42657831E+00      0.00000000      0.00000000
  0.01000000  0.39482464E+02  0.43591505E+00      0.00000000      0.00000000
  0.01020000  0.39920555E+02  0.44557983E+00      0.00000000      0.00000000
  0.01040000  0.40368645E+02  0.45550632E+00      0.00000000      0.00000000
  0.01060000  0.40831036E+02  0.46582204E+00      0.00000000      0.00000000
  0.01080000  0.41313011E+02  0.47670698E+00      0.00000000      0.00000000
  0.01100000  0.41793602E+02  0.48778939E+00      0.00000000      0.00000000
  0.01120000  0.42287457E+02  0.49924037E+00      0.00000000      0.00000000
  0.01140000  0.42797310E+02  0.51123202E+00      0.00000000      0.00000000
  0.01160000  0.43312401E+02  0.52346069E+00      0.00000000      0.00000000
  0.01180000  0.43841385E+02  0.53616011E+00      0.00000000      0.00000000
  0.01200000  0.44375931E+02  0.54916602E+00      0.00000000      0.00000000
  0.01220000  0.44935478E+02  0.56289351E+00      0.00000000      0.00000000
  0.01240000  0.45515335E+02  0.57734793E+00      0.00000000      0.00000000
  0.01260000  0.46102001E+02  0.59221798E+00      0.00000000      0.00000000
  0.01280000  0.46699600E+02  0.60755634E+00      0.00000000      0.00000000
  0.01300000  0.47308311E+02  0.62334871E+00      0.00000000      0.00000000
  0.01320000  0.47940384E+02  0.63991892E+00      0.00000000      0.00000000
  0.01340000  0.48585464E+02  0.65704608E+00      0.00000000      0.00000000
  0.01360000  0.49259933E+02  0.67527747E+00      0.00000000      0.00000000
  0.01380000  0.49943302E+02  0.69396973E+00      0.00000000      0.00000000
  0.01400000  0.50645439E+02  0.71351922E+00      0.00000000      0.00000000
  0.01420000  0.51364311E+02  0.73368931E+00      0.00000000      0.00000000
  0.01440000  0.52096451E+02  0.75461626E+00      0.00000000      0.00000000
  0.01460000  0.52867165E+02  0.77688873E+00      0.00000000      0.00000000
  0.01480000  0.53658642E+02  0.80025077E+00      0.00000000      0.00000000
  0.01500000  0.54473553E+02  0.82467842E+00      0.00000000      0.00000000
  0.01520000  0.55308041E+02  0.85005587E+00      0.00000000      0.00000000
  0.01540000  0.56161133E+02  0.87619811E+00      0.00000000      0.00000000
  0.01560000  0.57064972E+02  0.90460819E+00      0.00000000      0.00000000
  0.01580000  0.57972198E+02  0.93345535E+00      0.00000000      0.00000000
  0.01600000  0.58911686E+02  0.96368176E+00      0.00000000      0.00000000
  0.01619999  0.59915352E+02  0.99688148E+00      0.00000000      0.00000000
  0.01640000  0.60939636E+02  0.10313773E+01      0.00000000      0.00000000
  0.01660000  0.61979664E+02  0.10666554E+01      0.00000000      0.00000000
  0.01680000  0.63057343E+02  0.11040571E+01      0.00000000      0.00000000
  0.01700000  0.64176498E+02  0.11433783E+01      0.00000000      0.00000000
  0.01720000  0.65335655E+02  0.11851666E+01      0.00000000      0.00000000
  0.01740000  0.66543747E+02  0.12293745E+01      0.00000000      0.00000000
  0.01760000  0.67790833E+02  0.12759569E+01      0.00000000      0.00000000
  0.01780000  0.69089081E+02  0.13253310E+01      0.00000000      0.00000000
  0.01800000  0.70434273E+02  0.13775214E+01      0.00000000      0.00000000
  0.01820000  0.71834953E+02  0.14331820E+01      0.00000000      0.00000000
  0.01840000  0.73295692E+02  0.14921203E+01      0.00000000      0.00000000
  0.01860000  0.74805672E+02  0.15543908E+01      0.00000000      0.00000000
  0.01880000  0.76384430E+02  0.16211550E+01      0.00000000      0.00000000
  0.01900000  0.78054543E+02  0.16932235E+01      0.00000000      0.00000000
  0.01920000  0.79791473E+02  0.17700033E+01      0.00000000      0.00000000
  0.01940000  0.81603409E+02  0.18518475E+01      0.00000000      0.00000000
  0.01960000  0.83489502E+02  0.19391518E+01      0.00000000      0.00000000
  0.01980000  0.85496613E+02  0.20344417E+01      0.00000000      0.00000000
  0.02000000  0.87553070E+02  0.21344934E+01      0.00000000      0.00000000
  0.02020000  0.89744202E+02  0.22439742E+01      0.00000000      0.00000000
  0.02040000  0.92018616E+02  0.23609669E+01      0.00000000      0.00000000
  0.02060000  0.94411606E+02  0.24867811E+01      0.00000000      0.00000000
  0.02080000  0.96995590E+02  0.26267924E+01      0.00000000      0.00000000
  0.02100000  0.99688675E+02  0.27770481E+01      0.00000000      0.00000000
  0.02120000  0.10259540E+03  0.29441762E+01      0.00000000      0.00000000
  0.02140000  0.10563682E+03  0.31249065E+01      0.00000000      0.00000000
  0.02160000  0.10884100E+03  0.33217683E+01      0.00000000      0.00000000
  0.02180000  0.11228526E+03  0.35406575E+01      0.00000000      0.00000000
  0.02200000  0.11594466E+03  0.37808645E+01      0.00000000      0.00000000
  0.02220000  0.11982609E+03  0.40455337E+01      0.00000000      0.00000000
  0.02240000  0.12399644E+03  0.43399348E+01      0.00000000      0.00000000
  0.02260000  0.12850450E+03  0.46718063E+01      0.00000000      0.00000000
  0.02280000  0.13333380E+03  0.50424447E+01      0.00000000      0.00000000
  0.02300000  0.13864731E+03  0.54675188E+01      0.00000000      0.00000000
  0.02320000  0.14426196E+03  0.59365721E+01      0.00000000      0.00000000
  0.02340000  0.15042169E+03  0.64785728E+01      0.00000000      0.00000000
  0.02360000  0.15711316E+03  0.70951395E+01      0.00000000      0.00000000
  0.02380000  0.16453133E+03  0.78169718E+01      0.00000000      0.00000000
  0.02400000  0.17268408E+03  0.86557369E+01      0.00000000      0.00000000
  0.02420000  0.18163945E+03  0.96343784E+01      0.00000000      0.00000000
  0.02440000  0.19191231E+03  0.10830614E+02      0.00000000      0.00000000
  0.02460000  0.20344431E+03  0.12268528E+02      0.00000000      0.00000000
  0.02480000  0.21622522E+03  0.13986010E+02      0.00000000      0.00000000
  0.02500000  0.23094572E+03  0.16128275E+02      0.00000000      0.00000000
  0.02520000  0.24823785E+03  0.18875744E+02      0.00000000      0.00000000
  0.02540000  0.26839825E+03  0.22405766E+02      0.00000000      0.00000000
  0.02560000  0.29277307E+03  0.27160793E+02      0.00000000      0.00000000
  0.02580000  0.32220227E+03  0.33659943E+02      0.00000000      0.00000000
  0.02600000  0.35933728E+03  0.43084934E+02      0.00000000      0.00000000
  0.02620000  0.40615787E+03  0.57053856E+02      0.00000000      0.00000000
  0.02640000  0.47041718E+03  0.80366669E+02      0.00000000      0.00000000
  0.02660000  0.55950934E+03  0.12165319E+03      0.00000000      0.00000000
  0.02680000  0.69000513E+03  0.20549667E+03      0.00000000      0.00000000
  0.02700000  0.88648633E+03  0.41949274E+03      0.00000000      0.00000000
  0.02720000  0.98171570E+03  0.10482883E+04      0.00000000      0.00000000
  0.02740000  0.10774049E+03  0.16171418E+04      0.00000000      0.00000000
  0.02760000 -0.69460083E+03  0.97355084E+03      0.00000000      0.00000000
  0.02780000 -0.55753607E+03  0.40168359E+03      0.00000000      0.00000000
  0.02800000 -0.35615161E+03  0.21070029E+03      0.00000000      0.00000000
  0.02820000 -0.21250113E+03  0.13801703E+03      0.00000000      0.00000000
  0.02840000 -0.10217178E+03  0.10765750E+03      0.00000000      0.00000000
  0.02860000 -0.56893482E+01  0.98556885E+02      0.00000000      0.00000000
  0.02880000  0.90772720E+02  0.10574888E+03      0.00000000      0.00000000
  0.02900000  0.19853644E+03  0.13288268E+03      0.00000000      0.00000000
  0.02920000  0.33626117E+03  0.19758362E+03      0.00000000      0.00000000
  0.02940000  0.52874548E+03  0.36126276E+03      0.00000000      0.00000000
  0.02959999  0.71809839E+03  0.85771436E+03      0.00000000      0.00000000
  0.02980000  0.66535042E+02  0.16524324E+04      0.00000000      0.00000000
  0.03000000 -0.96949292E+03  0.11559155E+04      0.00000000      0.00000000
  0.03020000 -0.91741193E+03  0.45987967E+03      0.00000000      0.00000000
  0.03040000 -0.71541583E+03  0.22298233E+03      0.00000000      0.00000000
  0.03060000 -0.57607849E+03  0.12919250E+03      0.00000000      0.00000000
  0.03080000 -0.48130005E+03  0.83929047E+02      0.00000000      0.00000000
  0.03100000 -0.41449210E+03  0.59143734E+02      0.00000000      0.00000000
  0.03120000 -0.36567865E+03  0.44320976E+02      0.00000000      0.00000000
  0.03140000 -0.32766827E+03  0.34537422E+02      0.00000000      0.00000000
  0.03160000 -0.29770386E+03  0.27835217E+02      0.00000000      0.00000000
  0.03179999 -0.27283417E+03  0.22919697E+02      0.00000000      0.00000000
  0.03200001 -0.25203558E+03  0.19236547E+02      0.00000000      0.00000000
  0.03220000 -0.23454987E+03  0.16432560E+02      0.00000000      0.00000000
  0.03240000 -0.21942355E+03  0.14209652E+02      0.00000000      0.00000000
  0.03260000 -0.20622318E+03  0.12422466E+02      0.00000000      0.00000000
  0.03280000 -0.19470309E+03  0.10975079E+02      0.00000000      0.00000000
  0.03300000 -0.18452335E+03  0.97826548E+01      0.00000000      0.00000000
  0.03320000 -0.17542325E+03  0.87809200E+01      0.00000000      0.00000000
  0.03340000 -0.16713046E+03  0.79200358E+01      0.00000000      0.00000000
  0.03360000 -0.15952777E+03  0.71765223E+01      0.00000000      0.00000000
  0.03380000 -0.15267487E+03  0.65408487E+01      0.00000000      0.00000000
  0.03399999 -0.14645087E+03  0.59908242E+01      0.00000000      0.00000000
  0.03420001 -0.14078439E+03  0.55145459E+01      0.00000000      0.00000000
  0.03440000 -0.13547717E+03  0.50872111E+01      0.00000000      0.00000000
  0.03460000 -0.13063705E+03  0.47146254E+01      0.00000000      0.00000000
  0.03479999 -0.12609911E+03  0.43793650E+01      0.00000000      0.00000000
  0.03500000 -0.12185667E+03  0.40783205E+01      0.00000000      0.00000000
  0.03520000 -0.11787907E+03  0.38064339E+01      0.00000000      0.00000000
  0.03540000 -0.11425832E+03  0.35673323E+01      0.00000000      0.00000000
  0.03560000 -0.11085036E+03  0.33503280E+01      0.00000000      0.00000000
  0.03580000 -0.10760547E+03  0.31506572E+01      0.00000000      0.00000000
  0.03600000 -0.10451715E+03  0.29658053E+01      0.00000000      0.00000000
  0.03619999 -0.10166384E+03  0.28012199E+01      0.00000000      0.00000000
  0.03640000 -0.98928238E+02  0.26475804E+01      0.00000000      0.00000000
  0.03660000 -0.96372452E+02  0.25086291E+01      0.00000000      0.00000000
  0.03680000 -0.93954147E+02  0.23803620E+01      0.00000000      0.00000000
  0.03700000 -0.91643631E+02  0.22612796E+01      0.00000000      0.00000000
  0.03720000 -0.89439392E+02  0.21510453E+01      0.00000000      0.00000000
  0.03740000 -0.87322983E+02  0.20473285E+01      0.00000000      0.00000000
  0.03760000 -0.85334305E+02  0.19528799E+01      0.00000000      0.00000000
  0.03780000 -0.83429245E+02  0.18639953E+01      0.00000000      0.00000000
  0.03800000 -0.81593918E+02  0.17811246E+01      0.00000000      0.00000000
  0.03820000 -0.79829735E+02  0.17028785E+01      0.00000000      0.00000000
  0.03839999 -0.78185074E+02  0.16320237E+01      0.00000000      0.00000000
  0.03860000 -0.76586327E+02  0.15640720E+01      0.00000000      0.00000000
  0.03880000 -0.75065857E+02  0.15011373E+01      0.00000000      0.00000000
  0.03900000 -0.73596710E+02  0.14413927E+01      0.00000000      0.00000000
  0.03920000 -0.72171455E+02  0.13848345E+01      0.00000000      0.00000000
  0.03940000 -0.70818085E+02  0.13322294E+01      0.00000000      0.00000000
  0.03960000 -0.69521835E+02  0.12826998E+01      0.00000000      0.00000000
  0.03980000 -0.68251564E+02  0.12351713E+01      0.00000000      0.00000000
  0.04000000 -0.67039513E+02  0.11906981E+01      0.00000000      0.00000000
  0.04020000 -0.65875893E+02  0.11486995E+01      0.00000000      0.00000000
  0.04040000 -0.64749603E+02  0.11087005E+01      0.00000000      0.00000000
  0.04060000 -0.63664215E+02  0.10711602E+01      0.00000000      0.00000000
  0.04080000 -0.62595749E+02  0.10346751E+01      0.00000000      0.00000000
  0.04100000 -0.61590267E+02  0.10010564E+01      0.00000000      0.00000000
  0.04120000 -0.60601875E+02  0.96841484E+00      0.00000000      0.00000000
  0.04140000 -0.59632790E+02  0.93696094E+00      0.00000000      0.00000000
  0.04160000 -0.58713081E+02  0.90750855E+00      0.00000000      0.00000000
  0.04180000 -0.57819702E+02  0.87971359E+00      0.00000000      0.00000000
  0.04200000 -0.56956600E+02  0.85290217E+00      0.00000000      0.00000000
  0.04220000 -0.56128319E+02  0.82767618E+00      0.00000000      0.00000000
  0.04240000 -0.55312061E+02  0.80321527E+00      0.00000000      0.00000000
  0.04260000 -0.54515808E+02  0.77979708E+00      0.00000000      0.00000000
  0.04280000 -0.53747139E+02  0.75752616E+00      0.00000000      0.00000000
  0.04300000 -0.53004631E+02  0.73627055E+00      0.00000000      0.00000000
  0.04320000 -0.52275749E+02  0.71570003E+00      0.00000000      0.00000000
  0.04340000 -0.51582260E+02  0.69634730E+00      0.00000000      0.00000000
  0.04360000 -0.50893867E+02  0.67749858E+00      0.00000000      0.00000000
  0.04380000 -0.50219368E+02  0.65927017E+00      0.00000000      0.00000000
  0.04400000 -0.49563766E+02  0.64168102E+00      0.00000000      0.00000000
  0.04420000 -0.48934834E+02  0.62517434E+00      0.00000000      0.00000000
  0.04440000 -0.48324535E+02  0.60934561E+00      0.00000000      0.00000000
  0.04460000 -0.47719780E+02  0.59391189E+00      0.00000000      0.00000000
  0.04480000 -0.47133354E+02  0.57898510E+00      0.00000000      0.00000000
  0.04500000 -0.46566093E+02  0.56482428E+00      0.00000000      0.00000000
  0.04520000 -0.46002312E+02  0.55089432E+00      0.00000000      0.00000000
  0.04539999 -0.45457977E+02  0.53761446E+00      0.00000000      0.00000000
  0.04560000 -0.44931084E+02  0.52496576E+00      0.00000000      0.00000000
  0.04580000 -0.44413361E+02  0.51266778E+00      0.00000000      0.00000000
  0.04600000 -0.43906982E+02  0.50077426E+00      0.00000000      0.00000000
  0.04620000 -0.43409431E+02  0.48924083E+00      0.00000000      0.00000000
  0.04640000 -0.42922813E+02  0.47801381E+00      0.00000000      0.00000000
  0.04660000 -0.42452816E+02  0.46741155E+00      0.00000000      0.00000000
  0.04680000 -0.41991463E+02  0.45701140E+00      0.00000000      0.00000000
  0.04700000 -0.41538406E+02  0.44690400E+00      0.00000000      0.00000000
  0.04720000 -0.41096367E+02  0.43732890E+00      0.00000000      0.00000000
  0.04740000 -0.40663071E+02  0.42786592E+00      0.00000000      0.00000000
  0.04759999 -0.40245476E+02  0.41890922E+00      0.00000000      0.00000000
  0.04780000 -0.39830223E+02  0.41016275E+00      0.00000000      0.00000000
  0.04800000 -0.39426174E+02  0.40161344E+00      0.00000000      0.00000000
  0.04820000 -0.39031479E+02  0.39336628E+00      0.00000000      0.00000000
  0.04840000 -0.38640465E+02  0.38536912E+00      0.00000000      0.00000000
  0.04860000 -0.38258057E+02  0.37758845E+00      0.00000000      0.00000000
  0.04880000 -0.37886009E+02  0.37012148E+00      0.00000000      0.00000000
  0.04899999 -0.37518303E+02  0.36281553E+00      0.00000000      0.00000000
  0.04920000 -0.37157501E+02  0.35566348E+00      0.00000000      0.00000000
  0.04940000 -0.36806320E+02  0.34877902E+00      0.00000000      0.00000000
  0.04960000 -0.36463150E+02  0.34211543E+00      0.00000000      0.00000000
  0.04979999 -0.36124249E+02  0.33559358E+00      0.00000000      0.00000000
  0.05000000 -0.35794010E+02  0.32936600E+00      0.00000000      0.00000000
  0.05020000 -0.35467850E+02  0.32316998E+00      0.00000000      0.00000000
  0.05040000 -0.35144245E+02  0.31712723E+00      0.00000000      0.00000000
  0.05060000 -0.34834679E+02  0.31141853E+00      0.00000000      0.00000000
  0.05080000 -0.34523041E+02  0.30580273E+00      0.00000000      0.00000000
  0.05100000 -0.34218967E+02  0.30025429E+00      0.00000000      0.00000000
  0.05119999 -0.33921158E+02  0.29486498E+00      0.00000000      0.00000000
  0.05140000 -0.33628159E+02  0.28964067E+00      0.00000000      0.00000000
  0.05160000 -0.33341881E+02  0.28460366E+00      0.00000000      0.00000000
  0.05180000 -0.33059303E+02  0.27970439E+00      0.00000000      0.00000000
  0.05199999 -0.32782219E+02  0.27491799E+00      0.00000000      0.00000000
  0.05220000 -0.32506958E+02  0.27010867E+00      0.00000000      0.00000000
  0.05240000 -0.32239166E+02  0.26559526E+00      0.00000000      0.00000000
  0.05260000 -0.31975140E+02  0.26115376E+00      0.00000000      0.00000000
  0.05280000 -0.31718920E+02  0.25683942E+00      0.00000000      0.00000000
  0.05300000 -0.31464848E+02  0.25265333E+00      0.00000000      0.00000000
  0.05320000 -0.31214035E+02  0.24850011E+00      0.00000000      0.00000000
  0.05339999 -0.30966995E+02  0.24447069E+00      0.00000000      0.00000000
  0.05360000 -0.30722845E+02  0.24051505E+00      0.00000000      0.00000000
  0.05380000 -0.30483753E+02  0.23664722E+00      0.00000000      0.00000000
  0.05400000 -0.30248772E+02  0.23295428E+00      0.00000000      0.00000000
  0.05420000 -0.30020111E+02  0.22936001E+00      0.00000000      0.00000000
  0.05440000 -0.29792795E+02  0.22575575E+00      0.00000000      0.00000000
  0.05460000 -0.29567728E+02  0.22222692E+00      0.00000000      0.00000000
  0.05480000 -0.29347412E+02  0.21888775E+00      0.00000000      0.00000000
  0.05500000 -0.29130524E+02  0.21553360E+00      0.00000000      0.00000000
  0.05520000 -0.28917892E+02  0.21228340E+00      0.00000000      0.00000000
  0.05540000 -0.28708517E+02  0.20909920E+00      0.00000000      0.00000000
  0.05560000 -0.28504253E+02  0.20605326E+00      0.00000000      0.00000000
  0.05580000 -0.28299706E+02  0.20304269E+00      0.00000000      0.00000000
  0.05600000 -0.28096912E+02  0.20006400E+00      0.00000000      0.00000000
  0.05620000 -0.27896049E+02  0.19708578E+00      0.00000000      0.00000000
  0.05640000 -0.27699642E+02  0.19422552E+00      0.00000000      0.00000000
  0.05660000 -0.27508484E+02  0.19146115E+00      0.00000000      0.00000000
  0.05680000 -0.27320202E+02  0.18877208E+00      0.00000000      0.00000000
  0.05700000 -0.27133247E+02  0.18611786E+00      0.00000000      0.00000000
  0.05720000 -0.26946739E+02  0.18346725E+00      0.00000000      0.00000000
  0.05740000 -0.26764139E+02  0.18087098E+00      0.00000000      0.00000000
  0.05760000 -0.26587652E+02  0.17840052E+00      0.00000000      0.00000000
  0.05780000 -0.26412601E+02  0.17600706E+00      0.00000000      0.00000000
  0.05800000 -0.26238194E+02  0.17363343E+00      0.00000000      0.00000000
  0.05819999 -0.26066090E+02  0.17128049E+00      0.00000000      0.00000000
  0.05840000 -0.25893948E+02  0.16892760E+00      0.00000000      0.00000000
  0.05860000 -0.25726234E+02  0.16668081E+00      0.00000000      0.00000000
  0.05880000 -0.25561531E+02  0.16445038E+00      0.00000000      0.00000000
  0.05900000 -0.25396675E+02  0.16224138E+00      0.00000000      0.00000000
  0.05920000 -0.25233335E+02  0.16012800E+00      0.00000000      0.00000000
  0.05940000 -0.25074890E+02  0.15806063E+00      0.00000000      0.00000000
  0.05960000 -0.24919056E+02  0.15605266E+00      0.00000000      0.00000000
  0.05980000 -0.24764269E+02  0.15404773E+00      0.00000000      0.00000000
  0.06000000 -0.24610218E+02  0.15205869E+00      0.00000000      0.00000000
  0.06020000 -0.24459377E+02  0.15011522E+00      0.00000000      0.00000000
  0.06039999 -0.24309380E+02  0.14822769E+00      0.00000000      0.00000000
  0.06060000 -0.24162926E+02  0.14635390E+00      0.00000000      0.00000000
  0.06080000 -0.24017307E+02  0.14450878E+00      0.00000000      0.00000000
  0.06100000 -0.23873272E+02  0.14269158E+00      0.00000000      0.00000000
  0.06119999 -0.23731398E+02  0.14096005E+00      0.00000000      0.00000000
  0.06140000 -0.23591541E+02  0.13923870E+00      0.00000000      0.00000000
  0.06160000 -0.23454376E+02  0.13755657E+00      0.00000000      0.00000000
  0.06180000 -0.23316885E+02  0.13590017E+00      0.00000000      0.00000000
  0.06200000 -0.23181454E+02  0.13424213E+00      0.00000000      0.00000000
  0.06220000 -0.23049440E+02  0.13267016E+00      0.00000000      0.00000000
  0.06240000 -0.22917042E+02  0.13110711E+00      0.00000000      0.00000000
  0.06259999 -0.22786156E+02  0.12957090E+00      0.00000000      0.00000000
  0.06280001 -0.22657770E+02  0.12805022E+00      0.00000000      0.00000000
  0.06300000 -0.22529448E+02  0.12651598E+00      0.00000000      0.00000000
  0.06320000 -0.22403112E+02  0.12509039E+00      0.00000000      0.00000000
  0.06339999 -0.22280327E+02  0.12362139E+00      0.00000000      0.00000000
  0.06360000 -0.22158997E+02  0.12223458E+00      0.00000000      0.00000000
  0.06380000 -0.22036024E+02  0.12081612E+00      0.00000000      0.00000000
  0.06400000 -0.21917284E+02  0.11944705E+00      0.00000000      0.00000000
  0.06420000 -0.21797462E+02  0.11809164E+00      0.00000000      0.00000000
  0.06440000 -0.21678053E+02  0.11675866E+00      0.00000000      0.00000000
  0.06460000 -0.21562422E+02  0.11546806E+00      0.00000000      0.00000000
  0.06479999 -0.21446745E+02  0.11419462E+00      0.00000000      0.00000000
  0.06500000 -0.21334393E+02  0.11293021E+00      0.00000000      0.00000000
  0.06520000 -0.21221710E+02  0.11168101E+00      0.00000000      0.00000000
  0.06540000 -0.21109632E+02  0.11046916E+00      0.00000000      0.00000000
  0.06559999 -0.20998974E+02  0.10929099E+00      0.00000000      0.00000000
  0.06580000 -0.20891315E+02  0.10810293E+00      0.00000000      0.00000000
  0.06600000 -0.20784145E+02  0.10693768E+00      0.00000000      0.00000000
  0.06620000 -0.20678284E+02  0.10579082E+00      0.00000000      0.00000000
  0.06640000 -0.20573835E+02  0.10466585E+00      0.00000000      0.00000000
  0.06660000 -0.20469324E+02  0.10356955E+00      0.00000000      0.00000000
  0.06680001 -0.20366213E+02  0.10251316E+00      0.00000000      0.00000000
  0.06699999 -0.20264036E+02  0.10142873E+00      0.00000000      0.00000000
  0.06720000 -0.20162458E+02  0.10036656E+00      0.00000000      0.00000000
  0.06739999 -0.20062601E+02  0.99336162E-01      0.00000000      0.00000000
  0.06760000 -0.19964949E+02  0.98323047E-01      0.00000000      0.00000000
  0.06780000 -0.19866611E+02  0.97321466E-01      0.00000000      0.00000000
  0.06800000 -0.19769016E+02  0.96299544E-01      0.00000000      0.00000000
  0.06820000 -0.19674856E+02  0.95360570E-01      0.00000000      0.00000000
  0.06840000 -0.19579676E+02  0.94385728E-01      0.00000000      0.00000000
  0.06859999 -0.19486206E+02  0.93438253E-01      0.00000000      0.00000000
  0.06880000 -0.19394184E+02  0.92499174E-01      0.00000000      0.00000000
  0.06900001 -0.19302189E+02  0.91596514E-01      0.00000000      0.00000000
  0.06919999 -0.19209743E+02  0.90676382E-01      0.00000000      0.00000000
  0.06940000 -0.19120018E+02  0.89797221E-01      0.00000000      0.00000000
  0.06960000 -0.19029903E+02  0.88910624E-01      0.00000000      0.00000000
  0.06980000 -0.18941828E+02  0.88038072E-01      0.00000000      0.00000000
  0.07000000 -0.18855919E+02  0.87211549E-01      0.00000000      0.00000000
  0.07020000 -0.18768059E+02  0.86332142E-01      0.00000000      0.00000000
  0.07040000 -0.18680965E+02  0.85503384E-01      0.00000000      0.00000000
  0.07060000 -0.18595634E+02  0.84695719E-01      0.00000000      0.00000000
  0.07079999 -0.18511406E+02  0.83898664E-01      0.00000000      0.00000000
  0.07099999 -0.18428354E+02  0.83130307E-01      0.00000000      0.00000000
  0.07120001 -0.18345814E+02  0.82332999E-01      0.00000000      0.00000000
  0.07139999 -0.18263870E+02  0.81525505E-01      0.00000000      0.00000000
  0.07160000 -0.18183792E+02  0.80787748E-01      0.00000000      0.00000000
  0.07180000 -0.18103096E+02  0.80035821E-01      0.00000000      0.00000000
  0.07200000 -0.18022495E+02  0.79287760E-01      0.00000000      0.00000000
  0.07220000 -0.17943289E+02  0.78572348E-01      0.00000000      0.00000000
  0.07239999 -0.17864998E+02  0.77850014E-01      0.00000000      0.00000000
  0.07260000 -0.17786823E+02  0.77140108E-01      0.00000000      0.00000000
  0.07280000 -0.17709723E+02  0.76434068E-01      0.00000000      0.00000000
  0.07299999 -0.17633972E+02  0.75736433E-01      0.00000000      0.00000000
  0.07319999 -0.17558029E+02  0.75041294E-01      0.00000000      0.00000000
  0.07340001 -0.17483931E+02  0.74395448E-01      0.00000000      0.00000000
  0.07359999 -0.17409878E+02  0.73726445E-01      0.00000000      0.00000000
  0.07380000 -0.17336250E+02  0.73062286E-01      0.00000000      0.00000000
  0.07400000 -0.17263577E+02  0.72431289E-01      0.00000000      0.00000000
  0.07420000 -0.17191128E+02  0.71798950E-01      0.00000000      0.00000000
  0.07440000 -0.17118773E+02  0.71156904E-01      0.00000000      0.00000000
  0.07460000 -0.17047859E+02  0.70525117E-01      0.00000000      0.00000000
  0.07480000 -0.16978365E+02  0.69930807E-01      0.00000000      0.00000000
  0.07500000 -0.16908142E+02  0.69308892E-01      0.00000000      0.00000000
  0.07519999 -0.16839064E+02  0.68718992E-01      0.00000000      0.00000000
  0.07539999 -0.16771614E+02  0.68133280E-01      0.00000000      0.00000000
  0.07560000 -0.16703243E+02  0.67549057E-01      0.00000000      0.00000000
  0.07579999 -0.16636545E+02  0.66998318E-01      0.00000000      0.00000000
  0.07600000 -0.16569750E+02  0.66436544E-01      0.00000000      0.00000000
  0.07620000 -0.16503592E+02  0.65843277E-01      0.00000000      0.00000000
  0.07640000 -0.16438459E+02  0.65300606E-01      0.00000000      0.00000000
  0.07660000 -0.16373760E+02  0.64745754E-01      0.00000000      0.00000000
  0.07680000 -0.16309135E+02  0.64221203E-01      0.00000000      0.00000000
  0.07699999 -0.16245258E+02  0.63690312E-01      0.00000000      0.00000000
  0.07720000 -0.16181395E+02  0.63168772E-01      0.00000000      0.00000000
  0.07739999 -0.16118725E+02  0.62629148E-01      0.00000000      0.00000000
  0.07759999 -0.16057049E+02  0.62130973E-01      0.00000000      0.00000000
  0.07780000 -0.15995384E+02  0.61613850E-01      0.00000000      0.00000000
  0.07799999 -0.15932999E+02  0.61114073E-01      0.00000000      0.00000000
  0.07820000 -0.15872449E+02  0.60623728E-01      0.00000000      0.00000000
  0.07840000 -0.15812204E+02  0.60149327E-01      0.00000000      0.00000000
  0.07860000 -0.15752102E+02  0.59642024E-01      0.00000000      0.00000000
  0.07880000 -0.15691975E+02  0.59164569E-01      0.00000000      0.00000000
  0.07900000 -0.15632646E+02  0.58684893E-01      0.00000000      0.00000000
  0.07919999 -0.15574055E+02  0.58222093E-01      0.00000000      0.00000000
  0.07940000 -0.15516531E+02  0.57783976E-01      0.00000000      0.00000000
  0.07960001 -0.15459290E+02  0.57310387E-01      0.00000000      0.00000000
  0.07979999 -0.15402269E+02  0.56874074E-01      0.00000000      0.00000000
