 -0.04000000  0.34980892E+02  0.22646210E+00      0.00000000      0.00000000
 -0.03980000  0.35209209E+02  0.22934093E+00      0.00000000      0.00000000
 -0.03960000  0.35441280E+02  0.23231813E+00      0.00000000      0.00000000
 -0.03940000  0.35673084E+02  0.23529153E+00      0.00000000      0.00000000
 -0.03920000  0.35908794E+02  0.23837882E+00      0.00000000      0.00000000
 -0.03900000  0.36149025E+02  0.24148744E+00      0.00000000      0.00000000
 -0.03880000  0.36392056E+02  0.24465181E+00      0.00000000      0.00000000
 -0.03860000  0.36638054E+02  0.24789879E+00      0.00000000      0.00000000
 -0.03840000  0.36888767E+02  0.25127155E+00      0.00000000      0.00000000
 -0.03820000  0.37142910E+02  0.25465757E+00      0.00000000      0.00000000
 -0.03800000  0.37399620E+02  0.25802833E+00      0.00000000      0.00000000
 -0.03780000  0.37658188E+02  0.26151454E+00      0.00000000      0.00000000
 -0.03760000  0.37919636E+02  0.26515201E+00      0.00000000      0.00000000
 -0.03740000  0.38191216E+02  0.26894104E+00      0.00000000      0.00000000
 -0.03720000  0.38461971E+02  0.27266598E+00      0.00000000      0.00000000
 -0.03700000  0.38738659E+02  0.27654427E+00      0.00000000      0.00000000
 -0.03680000  0.39016125E+02  0.28037623E+00      0.00000000      0.00000000
 -0.03660000  0.39298946E+02  0.28438431E+00      0.00000000      0.00000000
 -0.03640000  0.39583305E+02  0.28844395E+00      0.00000000      0.00000000
 -0.03620000  0.39874908E+02  0.29266047E+00      0.00000000      0.00000000
 -0.03600000  0.40170418E+02  0.29695246E+00      0.00000000      0.00000000
 -0.03580000  0.40467453E+02  0.30127889E+00      0.00000000      0.00000000
 -0.03560000  0.40767982E+02  0.30569533E+00      0.00000000      0.00000000
 -0.03540000  0.41078144E+02  0.31031042E+00      0.00000000      0.00000000
 -0.03520000  0.41392395E+02  0.31494468E+00      0.00000000      0.00000000
 -0.03500000  0.41709225E+02  0.31964573E+00      0.00000000      0.00000000
 -0.03480000  0.42031090E+02  0.32462859E+00      0.00000000      0.00000000
 -0.03460000  0.42354805E+02  0.32957330E+00      0.00000000      0.00000000
 -0.03440000  0.42689003E+02  0.33463618E+00      0.00000000      0.00000000
 -0.03420000  0.43026306E+02  0.33984438E+00      0.00000000      0.00000000
 -0.03400000  0.43368958E+02  0.34524757E+00      0.00000000      0.00000000
 -0.03380000  0.43712742E+02  0.35068530E+00      0.00000000      0.00000000
 -0.03360000  0.44061466E+02  0.35625908E+00      0.00000000      0.00000000
 -0.03340000  0.44416088E+02  0.36193085E+00      0.00000000      0.00000000
 -0.03320000  0.44784889E+02  0.36788628E+00      0.00000000      0.00000000
 -0.03300000  0.45154816E+02  0.37393951E+00      0.00000000      0.00000000
 -0.03280000  0.45536125E+02  0.38016477E+00      0.00000000      0.00000000
 -0.03260000  0.45918774E+02  0.38647628E+00      0.00000000      0.00000000
 -0.03240000  0.46313263E+02  0.39313442E+00      0.00000000      0.00000000
 -0.03220000  0.46714005E+02  0.39988220E+00      0.00000000      0.00000000
 -0.03200000  0.47112087E+02  0.40669131E+00      0.00000000      0.00000000
 -0.03180000  0.47523178E+02  0.41379666E+00      0.00000000      0.00000000
 -0.03160000  0.47941994E+02  0.42106104E+00      0.00000000      0.00000000
 -0.03140000  0.48368729E+02  0.42857459E+00      0.00000000      0.00000000
 -0.03120000  0.48799011E+02  0.43614414E+00      0.00000000      0.00000000
 -0.03100000  0.49240025E+02  0.44391215E+00      0.00000000      0.00000000
 -0.03080000  0.49686546E+02  0.45198071E+00      0.00000000      0.00000000
 -0.03060000  0.50140709E+02  0.46016040E+00      0.00000000      0.00000000
 -0.03040000  0.50605995E+02  0.46865702E+00      0.00000000      0.00000000
 -0.03020000  0.51079674E+02  0.47751230E+00      0.00000000      0.00000000
 -0.03000000  0.51548645E+02  0.48626566E+00      0.00000000      0.00000000
 -0.02980000  0.52043674E+02  0.49555451E+00      0.00000000      0.00000000
 -0.02960000  0.52542183E+02  0.50510830E+00      0.00000000      0.00000000
 -0.02940000  0.53050819E+02  0.51500058E+00      0.00000000      0.00000000
 -0.02920000  0.53568356E+02  0.52515292E+00      0.00000000      0.00000000
 -0.02900000  0.54100193E+02  0.53548920E+00      0.00000000      0.00000000
 -0.02880000  0.54639633E+02  0.54629445E+00      0.00000000      0.00000000
 -0.02860000  0.55198242E+02  0.55750656E+00      0.00000000      0.00000000
 -0.02840000  0.55759537E+02  0.56882471E+00      0.00000000      0.00000000
 -0.02820000  0.56340828E+02  0.58084714E+00      0.00000000      0.00000000
 -0.02800000  0.56926182E+02  0.59303677E+00      0.00000000      0.00000000
 -0.02780000  0.57528683E+02  0.60565650E+00      0.00000000      0.00000000
 -0.02760000  0.58138168E+02  0.61864829E+00      0.00000000      0.00000000
 -0.02740000  0.58766785E+02  0.63209510E+00      0.00000000      0.00000000
 -0.02720000  0.59388138E+02  0.64562446E+00      0.00000000      0.00000000
 -0.02700000  0.60042103E+02  0.66004717E+00      0.00000000      0.00000000
 -0.02680000  0.60714039E+02  0.67503679E+00      0.00000000      0.00000000
 -0.02660000  0.61397865E+02  0.69043207E+00      0.00000000      0.00000000
 -0.02640000  0.62098110E+02  0.70637059E+00      0.00000000      0.00000000
 -0.02620000  0.62802536E+02  0.72266787E+00      0.00000000      0.00000000
 -0.02600000  0.63540161E+02  0.73993570E+00      0.00000000      0.00000000
 -0.02580000  0.64291763E+02  0.75754488E+00      0.00000000      0.00000000
 -0.02560000  0.65066208E+02  0.77613771E+00      0.00000000      0.00000000
 -0.02540000  0.65853317E+02  0.79533708E+00      0.00000000      0.00000000
 -0.02520000  0.66673241E+02  0.81558132E+00      0.00000000      0.00000000
 -0.02500000  0.67491005E+02  0.83598894E+00      0.00000000      0.00000000
 -0.02480000  0.68334595E+02  0.85733372E+00      0.00000000      0.00000000
 -0.02460000  0.69208893E+02  0.87988937E+00      0.00000000      0.00000000
 -0.02440000  0.70094826E+02  0.90293133E+00      0.00000000      0.00000000
 -0.02420000  0.71008743E+02  0.92694604E+00      0.00000000      0.00000000
 -0.02400000  0.71957489E+02  0.95252943E+00      0.00000000      0.00000000
 -0.02380000  0.72925323E+02  0.97896314E+00      0.00000000      0.00000000
 -0.02360000  0.73931641E+02  0.10065238E+01      0.00000000      0.00000000
 -0.02340000  0.74941765E+02  0.10349119E+01      0.00000000      0.00000000
 -0.02320000  0.75997345E+02  0.10650709E+01      0.00000000      0.00000000
 -0.02300000  0.77070335E+02  0.10960884E+01      0.00000000      0.00000000
 -0.02280000  0.78182350E+02  0.11286395E+01      0.00000000      0.00000000
 -0.02260000  0.79325020E+02  0.11629405E+01      0.00000000      0.00000000
 -0.02240000  0.80501892E+02  0.11989021E+01      0.00000000      0.00000000
 -0.02220000  0.81716057E+02  0.12364713E+01      0.00000000      0.00000000
 -0.02200000  0.82965668E+02  0.12758018E+01      0.00000000      0.00000000
 -0.02180000  0.84249260E+02  0.13168113E+01      0.00000000      0.00000000
 -0.02160000  0.85585510E+02  0.13606242E+01      0.00000000      0.00000000
 -0.02140000  0.86966278E+02  0.14066224E+01      0.00000000      0.00000000
 -0.02120000  0.88408257E+02  0.14556116E+01      0.00000000      0.00000000
 -0.02100000  0.89895187E+02  0.15070522E+01      0.00000000      0.00000000
 -0.02080000  0.91427101E+02  0.15614247E+01      0.00000000      0.00000000
 -0.02060000  0.93023857E+02  0.16193471E+01      0.00000000      0.00000000
 -0.02040000  0.94646393E+02  0.16789259E+01      0.00000000      0.00000000
 -0.02020000  0.96355469E+02  0.17433441E+01      0.00000000      0.00000000
 -0.02000000  0.98133881E+02  0.18119490E+01      0.00000000      0.00000000
 -0.01980000  0.99981964E+02  0.18846478E+01      0.00000000      0.00000000
 -0.01960000  0.10190321E+03  0.19618019E+01      0.00000000      0.00000000
 -0.01940000  0.10391434E+03  0.20448527E+01      0.00000000      0.00000000
 -0.01920000  0.10599144E+03  0.21334457E+01      0.00000000      0.00000000
 -0.01900000  0.10816118E+03  0.22282054E+01      0.00000000      0.00000000
 -0.01880000  0.11046695E+03  0.23311121E+01      0.00000000      0.00000000
 -0.01860000  0.11284540E+03  0.24403796E+01      0.00000000      0.00000000
 -0.01840000  0.11537172E+03  0.25594592E+01      0.00000000      0.00000000
 -0.01820000  0.11799161E+03  0.26874259E+01      0.00000000      0.00000000
 -0.01800000  0.12070760E+03  0.28234484E+01      0.00000000      0.00000000
 -0.01780000  0.12359763E+03  0.29723451E+01      0.00000000      0.00000000
 -0.01760000  0.12666233E+03  0.31375098E+01      0.00000000      0.00000000
 -0.01740000  0.12987115E+03  0.33154244E+01      0.00000000      0.00000000
 -0.01720000  0.13327953E+03  0.35109107E+01      0.00000000      0.00000000
 -0.01700000  0.13686517E+03  0.37242436E+01      0.00000000      0.00000000
 -0.01680000  0.14069858E+03  0.39615488E+01      0.00000000      0.00000000
 -0.01660000  0.14476498E+03  0.42238989E+01      0.00000000      0.00000000
 -0.01640000  0.14915283E+03  0.45186667E+01      0.00000000      0.00000000
 -0.01620000  0.15375125E+03  0.48418436E+01      0.00000000      0.00000000
 -0.01600000  0.15875446E+03  0.52099919E+01      0.00000000      0.00000000
 -0.01580000  0.16410324E+03  0.56240740E+01      0.00000000      0.00000000
 -0.01560000  0.16996118E+03  0.61025996E+01      0.00000000      0.00000000
 -0.01540000  0.17627760E+03  0.66473475E+01      0.00000000      0.00000000
 -0.01520000  0.18323270E+03  0.72846680E+01      0.00000000      0.00000000
 -0.01500000  0.19084450E+03  0.80251780E+01      0.00000000      0.00000000
 -0.01480000  0.19935419E+03  0.89129400E+01      0.00000000      0.00000000
 -0.01460000  0.20861501E+03  0.99526482E+01      0.00000000      0.00000000
 -0.01440000  0.21921474E+03  0.11237812E+02      0.00000000      0.00000000
 -0.01420000  0.23108777E+03  0.12809749E+02      0.00000000      0.00000000
 -0.01400000  0.24479797E+03  0.14796582E+02      0.00000000      0.00000000
 -0.01380000  0.26063947E+03  0.17342632E+02      0.00000000      0.00000000
 -0.01360000  0.27909479E+03  0.20660034E+02      0.00000000      0.00000000
 -0.01340000  0.30173230E+03  0.25275229E+02      0.00000000      0.00000000
 -0.01320000  0.32916614E+03  0.31715530E+02      0.00000000      0.00000000
 -0.01300000  0.36385156E+03  0.41283257E+02      0.00000000      0.00000000
 -0.01280000  0.40992859E+03  0.56629978E+02      0.00000000      0.00000000
 -0.01260000  0.47201315E+03  0.82579987E+02      0.00000000      0.00000000
 -0.01240000  0.56184631E+03  0.13267529E+03      0.00000000      0.00000000
 -0.01220000  0.69792822E+03  0.24703552E+03      0.00000000      0.00000000
 -0.01200000  0.87589453E+03  0.58664417E+03      0.00000000      0.00000000
 -0.01180000  0.48781323E+03  0.13877544E+04      0.00000000      0.00000000
 -0.01160000 -0.52182050E+03  0.92160059E+03      0.00000000      0.00000000
 -0.01140000 -0.43314838E+03  0.36092706E+03      0.00000000      0.00000000
 -0.01120000 -0.26430151E+03  0.17752292E+03      0.00000000      0.00000000
 -0.01100000 -0.14889806E+03  0.10695248E+03      0.00000000      0.00000000
 -0.01080000 -0.68347122E+02  0.74568588E+02      0.00000000      0.00000000
 -0.01060000 -0.68451500E+01  0.57977741E+02      0.00000000      0.00000000
 -0.01040000  0.44817024E+02  0.49254158E+02      0.00000000      0.00000000
 -0.01020000  0.90235657E+02  0.45418304E+02      0.00000000      0.00000000
 -0.01000000  0.13404182E+03  0.45042847E+02      0.00000000      0.00000000
 -0.00980000  0.17916873E+03  0.47882713E+02      0.00000000      0.00000000
 -0.00960000  0.22822818E+03  0.54538780E+02      0.00000000      0.00000000
 -0.00940000  0.28644647E+03  0.67043869E+02      0.00000000      0.00000000
 -0.00920000  0.35777139E+03  0.89229439E+02      0.00000000      0.00000000
 -0.00900000  0.45570844E+03  0.13303998E+03      0.00000000      0.00000000
 -0.00880000  0.59587280E+03  0.22989032E+03      0.00000000      0.00000000
 -0.00860000  0.78855817E+03  0.49623141E+03      0.00000000      0.00000000
 -0.00840000  0.65088684E+03  0.12647617E+04      0.00000000      0.00000000
 -0.00820000 -0.47540005E+03  0.11301603E+04      0.00000000      0.00000000
 -0.00800000 -0.47544446E+03  0.45533188E+03      0.00000000      0.00000000
 -0.00780000 -0.26757083E+03  0.23632253E+03      0.00000000      0.00000000
 -0.00760000 -0.10306886E+03  0.16785991E+03      0.00000000      0.00000000
 -0.00740000  0.39111507E+02  0.15826483E+03      0.00000000      0.00000000
 -0.00720000  0.18814755E+03  0.19593137E+03      0.00000000      0.00000000
 -0.00700000  0.37615234E+03  0.32616913E+03      0.00000000      0.00000000
 -0.00680000  0.56154034E+03  0.74537366E+03      0.00000000      0.00000000
 -0.00660000 -0.85557831E+02  0.14913676E+04      0.00000000      0.00000000
 -0.00640000 -0.85259363E+03  0.79460114E+03      0.00000000      0.00000000
 -0.00620000 -0.69289948E+03  0.32439459E+03      0.00000000      0.00000000
 -0.00600000 -0.52532092E+03  0.17070053E+03      0.00000000      0.00000000
 -0.00580000 -0.40882489E+03  0.10663229E+03      0.00000000      0.00000000
 -0.00560000 -0.32632974E+03  0.75671898E+02      0.00000000      0.00000000
 -0.00540000 -0.26333701E+03  0.58919792E+02      0.00000000      0.00000000
 -0.00520000 -0.21157224E+03  0.49452469E+02      0.00000000      0.00000000
 -0.00500000 -0.16591922E+03  0.44344017E+02      0.00000000      0.00000000
 -0.00480000 -0.12417303E+03  0.42446175E+02      0.00000000      0.00000000
 -0.00460000 -0.82517700E+02  0.43352806E+02      0.00000000      0.00000000
 -0.00440000 -0.38209938E+02  0.47481445E+02      0.00000000      0.00000000
 -0.00420000  0.11119141E+02  0.56043236E+02      0.00000000      0.00000000
 -0.00400000  0.70721222E+02  0.72043022E+02      0.00000000      0.00000000
 -0.00380000  0.14802837E+03  0.10239831E+03      0.00000000      0.00000000
 -0.00360000  0.25875027E+03  0.16721503E+03      0.00000000      0.00000000
 -0.00340000  0.42303369E+03  0.33162567E+03      0.00000000      0.00000000
 -0.00320000  0.55463202E+03  0.83110425E+03      0.00000000      0.00000000
 -0.00300000 -0.33397211E+03  0.14654573E+04      0.00000000      0.00000000
 -0.00280000 -0.89739807E+03  0.66323340E+03      0.00000000      0.00000000
 -0.00260000 -0.72805444E+03  0.27602783E+03      0.00000000      0.00000000
 -0.00240000 -0.58120239E+03  0.14356819E+03      0.00000000      0.00000000
 -0.00220000 -0.48440405E+03  0.87303619E+02      0.00000000      0.00000000
 -0.00200000 -0.41906482E+03  0.59182884E+02      0.00000000      0.00000000
 -0.00180000 -0.37168488E+03  0.42987682E+02      0.00000000      0.00000000
 -0.00160000 -0.33574872E+03  0.32848400E+02      0.00000000      0.00000000
 -0.00140000 -0.30738702E+03  0.26050911E+02      0.00000000      0.00000000
 -0.00120000 -0.28437262E+03  0.21265352E+02      0.00000000      0.00000000
 -0.00100000 -0.26547461E+03  0.17804260E+02      0.00000000      0.00000000
 -0.00080000 -0.24916272E+03  0.15134100E+02      0.00000000      0.00000000
 -0.00060000 -0.23530606E+03  0.13086703E+02      0.00000000      0.00000000
 -0.00040000 -0.22317758E+03  0.11456818E+02      0.00000000      0.00000000
 -0.00020000 -0.21256906E+03  0.10149730E+02      0.00000000      0.00000000
  0.00000000 -0.20321901E+03  0.90858946E+01      0.00000000      0.00000000
  0.00020000 -0.19459341E+03  0.81690807E+01      0.00000000      0.00000000
  0.00040000 -0.18675775E+03  0.73944874E+01      0.00000000      0.00000000
  0.00060000 -0.17972092E+03  0.67405920E+01      0.00000000      0.00000000
  0.00080000 -0.17339473E+03  0.61897635E+01      0.00000000      0.00000000
  0.00100000 -0.16742148E+03  0.56961284E+01      0.00000000      0.00000000
  0.00120000 -0.16197993E+03  0.52700644E+01      0.00000000      0.00000000
  0.00140000 -0.15687967E+03  0.48905277E+01      0.00000000      0.00000000
  0.00160000 -0.15213968E+03  0.45548887E+01      0.00000000      0.00000000
  0.00180000 -0.14771663E+03  0.42547112E+01      0.00000000      0.00000000
  0.00200000 -0.14360637E+03  0.39877186E+01      0.00000000      0.00000000
  0.00220000 -0.13978159E+03  0.37485161E+01      0.00000000      0.00000000
  0.00240000 -0.13615617E+03  0.35321045E+01      0.00000000      0.00000000
  0.00260000 -0.13275400E+03  0.33350220E+01      0.00000000      0.00000000
  0.00280000 -0.12952530E+03  0.31553040E+01      0.00000000      0.00000000
  0.00300000 -0.12645120E+03  0.29894409E+01      0.00000000      0.00000000
  0.00320000 -0.12356230E+03  0.28387146E+01      0.00000000      0.00000000
  0.00340000 -0.12078717E+03  0.26991882E+01      0.00000000      0.00000000
  0.00360000 -0.11815158E+03  0.25702057E+01      0.00000000      0.00000000
  0.00380000 -0.11562090E+03  0.24500465E+01      0.00000000      0.00000000
  0.00400000 -0.11325169E+03  0.23402901E+01      0.00000000      0.00000000
  0.00420000 -0.11096721E+03  0.22374020E+01      0.00000000      0.00000000
  0.00440000 -0.10879573E+03  0.21429462E+01      0.00000000      0.00000000
  0.00460000 -0.10668732E+03  0.20533466E+01      0.00000000      0.00000000
  0.00480000 -0.10468372E+03  0.19701691E+01      0.00000000      0.00000000
  0.00500000 -0.10273830E+03  0.18912926E+01      0.00000000      0.00000000
  0.00520000 -0.10087419E+03  0.18172264E+01      0.00000000      0.00000000
  0.00540000 -0.99103920E+02  0.17485962E+01      0.00000000      0.00000000
  0.00560000 -0.97362053E+02  0.16827507E+01      0.00000000      0.00000000
  0.00580000 -0.95725388E+02  0.16221962E+01      0.00000000      0.00000000
  0.00600000 -0.94134232E+02  0.15647888E+01      0.00000000      0.00000000
  0.00620000 -0.92596191E+02  0.15100708E+01      0.00000000      0.00000000
  0.00640000 -0.91126282E+02  0.14589233E+01      0.00000000      0.00000000
  0.00660000 -0.89703545E+02  0.14107056E+01      0.00000000      0.00000000
  0.00680000 -0.88321442E+02  0.13642273E+01      0.00000000      0.00000000
  0.00700000 -0.86998978E+02  0.13211060E+01      0.00000000      0.00000000
  0.00720000 -0.85704147E+02  0.12792511E+01      0.00000000      0.00000000
  0.00740000 -0.84431671E+02  0.12392578E+01      0.00000000      0.00000000
  0.00760000 -0.83210785E+02  0.12012863E+01      0.00000000      0.00000000
  0.00780000 -0.82033730E+02  0.11653519E+01      0.00000000      0.00000000
  0.00800000 -0.80875214E+02  0.11306305E+01      0.00000000      0.00000000
  0.00820000 -0.79763245E+02  0.10975342E+01      0.00000000      0.00000000
  0.00840000 -0.78677002E+02  0.10659790E+01      0.00000000      0.00000000
  0.00860000 -0.77635040E+02  0.10365448E+01      0.00000000      0.00000000
  0.00880000 -0.76614685E+02  0.10077057E+01      0.00000000      0.00000000
  0.00900000 -0.75614136E+02  0.97988129E+00      0.00000000      0.00000000
  0.00920000 -0.74653442E+02  0.95373154E+00      0.00000000      0.00000000
  0.00940000 -0.73698616E+02  0.92802811E+00      0.00000000      0.00000000
  0.00960000 -0.72782867E+02  0.90390587E+00      0.00000000      0.00000000
  0.00980000 -0.71889786E+02  0.88077736E+00      0.00000000      0.00000000
  0.01000000 -0.71020538E+02  0.85853004E+00      0.00000000      0.00000000
  0.01020000 -0.70165726E+02  0.83675003E+00      0.00000000      0.00000000
  0.01040000 -0.69349319E+02  0.81625938E+00      0.00000000      0.00000000
  0.01060000 -0.68549240E+02  0.79637718E+00      0.00000000      0.00000000
  0.01080000 -0.67758896E+02  0.77728271E+00      0.00000000      0.00000000
  0.01100000 -0.66998306E+02  0.75888443E+00      0.00000000      0.00000000
  0.01120000 -0.66250153E+02  0.74109650E+00      0.00000000      0.00000000
  0.01140000 -0.65511627E+02  0.72390747E+00      0.00000000      0.00000000
  0.01160000 -0.64799683E+02  0.70755005E+00      0.00000000      0.00000000
  0.01180000 -0.64098740E+02  0.69146729E+00      0.00000000      0.00000000
  0.01200000 -0.63416290E+02  0.67608643E+00      0.00000000      0.00000000
  0.01220000 -0.62740173E+02  0.66102600E+00      0.00000000      0.00000000
  0.01240000 -0.62087402E+02  0.64664459E+00      0.00000000      0.00000000
  0.01260000 -0.61446823E+02  0.63282776E+00      0.00000000      0.00000000
  0.01280000 -0.60823349E+02  0.61940956E+00      0.00000000      0.00000000
  0.01300000 -0.60205200E+02  0.60613251E+00      0.00000000      0.00000000
  0.01320000 -0.59607880E+02  0.59347153E+00      0.00000000      0.00000000
  0.01340000 -0.59023956E+02  0.58145428E+00      0.00000000      0.00000000
  0.01360000 -0.58448006E+02  0.56962013E+00      0.00000000      0.00000000
  0.01380000 -0.57880920E+02  0.55809307E+00      0.00000000      0.00000000
  0.01400000 -0.57323807E+02  0.54681969E+00      0.00000000      0.00000000
  0.01420000 -0.56781593E+02  0.53603554E+00      0.00000000      0.00000000
  0.01440000 -0.56250511E+02  0.52566242E+00      0.00000000      0.00000000
  0.01460000 -0.55733109E+02  0.51554918E+00      0.00000000      0.00000000
  0.01480000 -0.55220459E+02  0.50561619E+00      0.00000000      0.00000000
  0.01500000 -0.54723045E+02  0.49602628E+00      0.00000000      0.00000000
  0.01520000 -0.54229584E+02  0.48675632E+00      0.00000000      0.00000000
  0.01540000 -0.53747189E+02  0.47782516E+00      0.00000000      0.00000000
  0.01560000 -0.53270809E+02  0.46890092E+00      0.00000000      0.00000000
  0.01580000 -0.52812096E+02  0.46050835E+00      0.00000000      0.00000000
  0.01600000 -0.52351681E+02  0.45210671E+00      0.00000000      0.00000000
  0.01619999 -0.51906521E+02  0.44407654E+00      0.00000000      0.00000000
  0.01640000 -0.51468437E+02  0.43635798E+00      0.00000000      0.00000000
  0.01660000 -0.51036663E+02  0.42866957E+00      0.00000000      0.00000000
  0.01680000 -0.50614922E+02  0.42126477E+00      0.00000000      0.00000000
  0.01700000 -0.50195419E+02  0.41396654E+00      0.00000000      0.00000000
  0.01720000 -0.49786484E+02  0.40697193E+00      0.00000000      0.00000000
  0.01740000 -0.49376335E+02  0.39999211E+00      0.00000000      0.00000000
  0.01760000 -0.48978806E+02  0.39329267E+00      0.00000000      0.00000000
  0.01780000 -0.48589142E+02  0.38678253E+00      0.00000000      0.00000000
  0.01800000 -0.48207127E+02  0.38038039E+00      0.00000000      0.00000000
  0.01820000 -0.47832470E+02  0.37418532E+00      0.00000000      0.00000000
  0.01840000 -0.47459023E+02  0.36813939E+00      0.00000000      0.00000000
  0.01860000 -0.47094700E+02  0.36233187E+00      0.00000000      0.00000000
  0.01880000 -0.46736298E+02  0.35648531E+00      0.00000000      0.00000000
  0.01900000 -0.46383862E+02  0.35094225E+00      0.00000000      0.00000000
  0.01920000 -0.46035248E+02  0.34537756E+00      0.00000000      0.00000000
  0.01940000 -0.45691902E+02  0.34007078E+00      0.00000000      0.00000000
  0.01960000 -0.45353809E+02  0.33483428E+00      0.00000000      0.00000000
  0.01980000 -0.45021980E+02  0.32969433E+00      0.00000000      0.00000000
  0.02000000 -0.44695801E+02  0.32476449E+00      0.00000000      0.00000000
  0.02020000 -0.44373634E+02  0.31985962E+00      0.00000000      0.00000000
  0.02040000 -0.44053490E+02  0.31509304E+00      0.00000000      0.00000000
  0.02060000 -0.43742504E+02  0.31039280E+00      0.00000000      0.00000000
  0.02080000 -0.43435944E+02  0.30576450E+00      0.00000000      0.00000000
  0.02100000 -0.43133549E+02  0.30136466E+00      0.00000000      0.00000000
  0.02120000 -0.42837143E+02  0.29695958E+00      0.00000000      0.00000000
  0.02140000 -0.42540554E+02  0.29271537E+00      0.00000000      0.00000000
  0.02160000 -0.42248260E+02  0.28850466E+00      0.00000000      0.00000000
  0.02180000 -0.41960060E+02  0.28435731E+00      0.00000000      0.00000000
  0.02200000 -0.41677856E+02  0.28038052E+00      0.00000000      0.00000000
  0.02220000 -0.41400078E+02  0.27649674E+00      0.00000000      0.00000000
  0.02240000 -0.41127884E+02  0.27272972E+00      0.00000000      0.00000000
  0.02260000 -0.40859257E+02  0.26902494E+00      0.00000000      0.00000000
  0.02280000 -0.40592705E+02  0.26536015E+00      0.00000000      0.00000000
  0.02300000 -0.40329987E+02  0.26175204E+00      0.00000000      0.00000000
  0.02320000 -0.40069302E+02  0.25821859E+00      0.00000000      0.00000000
  0.02340000 -0.39812355E+02  0.25480664E+00      0.00000000      0.00000000
  0.02360000 -0.39560211E+02  0.25138554E+00      0.00000000      0.00000000
  0.02380000 -0.39307713E+02  0.24804121E+00      0.00000000      0.00000000
  0.02400000 -0.39061928E+02  0.24480993E+00      0.00000000      0.00000000
  0.02420000 -0.38815773E+02  0.24154174E+00      0.00000000      0.00000000
  0.02440000 -0.38579163E+02  0.23846108E+00      0.00000000      0.00000000
  0.02460000 -0.38340771E+02  0.23542264E+00      0.00000000      0.00000000
  0.02480000 -0.38106407E+02  0.23232654E+00      0.00000000      0.00000000
  0.02500000 -0.37875732E+02  0.22939172E+00      0.00000000      0.00000000
  0.02520000 -0.37650093E+02  0.22659141E+00      0.00000000      0.00000000
  0.02540000 -0.37424664E+02  0.22375339E+00      0.00000000      0.00000000
  0.02560000 -0.37202816E+02  0.22095433E+00      0.00000000      0.00000000
  0.02580000 -0.36983047E+02  0.21825540E+00      0.00000000      0.00000000
  0.02600000 -0.36766991E+02  0.21553570E+00      0.00000000      0.00000000
  0.02620000 -0.36554379E+02  0.21292922E+00      0.00000000      0.00000000
  0.02640000 -0.36342827E+02  0.21028043E+00      0.00000000      0.00000000
  0.02660000 -0.36133492E+02  0.20773156E+00      0.00000000      0.00000000
  0.02680000 -0.35926373E+02  0.20527469E+00      0.00000000      0.00000000
  0.02700000 -0.35721752E+02  0.20281105E+00      0.00000000      0.00000000
  0.02720000 -0.35518036E+02  0.20040902E+00      0.00000000      0.00000000
  0.02740000 -0.35321068E+02  0.19806255E+00      0.00000000      0.00000000
  0.02760000 -0.35124672E+02  0.19576254E+00      0.00000000      0.00000000
  0.02780000 -0.34929855E+02  0.19346501E+00      0.00000000      0.00000000
  0.02800000 -0.34736378E+02  0.19124961E+00      0.00000000      0.00000000
  0.02820000 -0.34544228E+02  0.18900675E+00      0.00000000      0.00000000
  0.02840000 -0.34358795E+02  0.18693119E+00      0.00000000      0.00000000
  0.02860000 -0.34173920E+02  0.18480614E+00      0.00000000      0.00000000
  0.02880000 -0.33992729E+02  0.18272905E+00      0.00000000      0.00000000
  0.02900000 -0.33809631E+02  0.18067279E+00      0.00000000      0.00000000
  0.02920000 -0.33630707E+02  0.17867041E+00      0.00000000      0.00000000
  0.02940000 -0.33451550E+02  0.17661332E+00      0.00000000      0.00000000
  0.02959999 -0.33274925E+02  0.17469090E+00      0.00000000      0.00000000
  0.02980000 -0.33101944E+02  0.17274405E+00      0.00000000      0.00000000
  0.03000000 -0.32928455E+02  0.17086907E+00      0.00000000      0.00000000
  0.03020000 -0.32759857E+02  0.16902976E+00      0.00000000      0.00000000
  0.03040000 -0.32589073E+02  0.16716157E+00      0.00000000      0.00000000
  0.03060000 -0.32421654E+02  0.16536732E+00      0.00000000      0.00000000
  0.03080000 -0.32258293E+02  0.16362458E+00      0.00000000      0.00000000
  0.03100000 -0.32097504E+02  0.16188030E+00      0.00000000      0.00000000
  0.03120000 -0.31936867E+02  0.16018474E+00      0.00000000      0.00000000
  0.03140000 -0.31777973E+02  0.15851434E+00      0.00000000      0.00000000
  0.03160000 -0.31620739E+02  0.15684615E+00      0.00000000      0.00000000
  0.03179999 -0.31465937E+02  0.15521175E+00      0.00000000      0.00000000
  0.03200001 -0.31310509E+02  0.15363015E+00      0.00000000      0.00000000
  0.03220000 -0.31156528E+02  0.15201110E+00      0.00000000      0.00000000
  0.03240000 -0.31004305E+02  0.15048349E+00      0.00000000      0.00000000
  0.03260000 -0.30853060E+02  0.14892147E+00      0.00000000      0.00000000
  0.03280000 -0.30707150E+02  0.14741081E+00      0.00000000      0.00000000
  0.03300000 -0.30559462E+02  0.14590797E+00      0.00000000      0.00000000
  0.03320000 -0.30414783E+02  0.14445078E+00      0.00000000      0.00000000
  0.03340000 -0.30270866E+02  0.14302315E+00      0.00000000      0.00000000
  0.03360000 -0.30127811E+02  0.14160454E+00      0.00000000      0.00000000
  0.03380000 -0.29986073E+02  0.14017265E+00      0.00000000      0.00000000
  0.03399999 -0.29846703E+02  0.13878033E+00      0.00000000      0.00000000
  0.03420001 -0.29708307E+02  0.13743773E+00      0.00000000      0.00000000
  0.03440000 -0.29571894E+02  0.13608703E+00      0.00000000      0.00000000
  0.03460000 -0.29435928E+02  0.13477570E+00      0.00000000      0.00000000
  0.03479999 -0.29302759E+02  0.13347787E+00      0.00000000      0.00000000
  0.03500000 -0.29169607E+02  0.13221943E+00      0.00000000      0.00000000
  0.03520000 -0.29038113E+02  0.13092524E+00      0.00000000      0.00000000
  0.03540000 -0.28908489E+02  0.12970248E+00      0.00000000      0.00000000
  0.03560000 -0.28781105E+02  0.12848328E+00      0.00000000      0.00000000
  0.03580000 -0.28654194E+02  0.12730762E+00      0.00000000      0.00000000
  0.03600000 -0.28526438E+02  0.12609717E+00      0.00000000      0.00000000
  0.03619999 -0.28401440E+02  0.12493253E+00      0.00000000      0.00000000
  0.03640000 -0.28276239E+02  0.12376629E+00      0.00000000      0.00000000
  0.03660000 -0.28151831E+02  0.12259222E+00      0.00000000      0.00000000
  0.03680000 -0.28028744E+02  0.12143522E+00      0.00000000      0.00000000
  0.03700000 -0.27908300E+02  0.12033362E+00      0.00000000      0.00000000
  0.03720000 -0.27789324E+02  0.11927883E+00      0.00000000      0.00000000
  0.03740000 -0.27671141E+02  0.11822373E+00      0.00000000      0.00000000
  0.03760000 -0.27554012E+02  0.11715118E+00      0.00000000      0.00000000
  0.03780000 -0.27437235E+02  0.11611731E+00      0.00000000      0.00000000
  0.03800000 -0.27320007E+02  0.11503858E+00      0.00000000      0.00000000
  0.03820000 -0.27205809E+02  0.11400768E+00      0.00000000      0.00000000
  0.03839999 -0.27091642E+02  0.11300246E+00      0.00000000      0.00000000
  0.03860000 -0.26980299E+02  0.11201489E+00      0.00000000      0.00000000
  0.03880000 -0.26867413E+02  0.11105175E+00      0.00000000      0.00000000
  0.03900000 -0.26758938E+02  0.11006672E+00      0.00000000      0.00000000
  0.03920000 -0.26648537E+02  0.10911575E+00      0.00000000      0.00000000
  0.03940000 -0.26539509E+02  0.10816052E+00      0.00000000      0.00000000
  0.03960000 -0.26432844E+02  0.10724077E+00      0.00000000      0.00000000
  0.03980000 -0.26326010E+02  0.10630723E+00      0.00000000      0.00000000
  0.04000000 -0.26219774E+02  0.10538171E+00      0.00000000      0.00000000
  0.04020000 -0.26115421E+02  0.10450292E+00      0.00000000      0.00000000
  0.04040000 -0.26012093E+02  0.10359788E+00      0.00000000      0.00000000
  0.04060000 -0.25910152E+02  0.10275687E+00      0.00000000      0.00000000
  0.04080000 -0.25806255E+02  0.10185052E+00      0.00000000      0.00000000
  0.04100000 -0.25705479E+02  0.10101877E+00      0.00000000      0.00000000
  0.04120000 -0.25603954E+02  0.10016418E+00      0.00000000      0.00000000
  0.04140000 -0.25504948E+02  0.99343419E-01      0.00000000      0.00000000
  0.04160000 -0.25406061E+02  0.98501503E-01      0.00000000      0.00000000
  0.04180000 -0.25308453E+02  0.97712219E-01      0.00000000      0.00000000
  0.04200000 -0.25210276E+02  0.96910380E-01      0.00000000      0.00000000
  0.04220000 -0.25112217E+02  0.96109480E-01      0.00000000      0.00000000
  0.04240000 -0.25017397E+02  0.95345065E-01      0.00000000      0.00000000
  0.04260000 -0.24922203E+02  0.94550058E-01      0.00000000      0.00000000
  0.04280000 -0.24827934E+02  0.93773827E-01      0.00000000      0.00000000
  0.04300000 -0.24735271E+02  0.93034759E-01      0.00000000      0.00000000
  0.04320000 -0.24642431E+02  0.92292100E-01      0.00000000      0.00000000
  0.04340000 -0.24550343E+02  0.91528498E-01      0.00000000      0.00000000
  0.04360000 -0.24459410E+02  0.90802379E-01      0.00000000      0.00000000
  0.04380000 -0.24369450E+02  0.90106949E-01      0.00000000      0.00000000
  0.04400000 -0.24279114E+02  0.89388460E-01      0.00000000      0.00000000
  0.04420000 -0.24189138E+02  0.88679038E-01      0.00000000      0.00000000
  0.04440000 -0.24100897E+02  0.87992497E-01      0.00000000      0.00000000
  0.04460000 -0.24013878E+02  0.87312721E-01      0.00000000      0.00000000
  0.04480000 -0.23926926E+02  0.86635858E-01      0.00000000      0.00000000
  0.04500000 -0.23841583E+02  0.85991591E-01      0.00000000      0.00000000
  0.04520000 -0.23756512E+02  0.85321419E-01      0.00000000      0.00000000
  0.04539999 -0.23670759E+02  0.84658697E-01      0.00000000      0.00000000
  0.04560000 -0.23585642E+02  0.83980441E-01      0.00000000      0.00000000
  0.04580000 -0.23501690E+02  0.83357826E-01      0.00000000      0.00000000
  0.04600000 -0.23418076E+02  0.82709715E-01      0.00000000      0.00000000
  0.04620000 -0.23335344E+02  0.82086846E-01      0.00000000      0.00000000
  0.04640000 -0.23253611E+02  0.81463546E-01      0.00000000      0.00000000
  0.04660000 -0.23170679E+02  0.80858693E-01      0.00000000      0.00000000
  0.04680000 -0.23090792E+02  0.80249175E-01      0.00000000      0.00000000
  0.04700000 -0.23011219E+02  0.79654917E-01      0.00000000      0.00000000
  0.04720000 -0.22932327E+02  0.79082310E-01      0.00000000      0.00000000
  0.04740000 -0.22852741E+02  0.78486949E-01      0.00000000      0.00000000
  0.04759999 -0.22774687E+02  0.77923775E-01      0.00000000      0.00000000
  0.04780000 -0.22697252E+02  0.77347681E-01      0.00000000      0.00000000
  0.04800000 -0.22621555E+02  0.76796979E-01      0.00000000      0.00000000
  0.04820000 -0.22544994E+02  0.76227844E-01      0.00000000      0.00000000
  0.04840000 -0.22468987E+02  0.75664185E-01      0.00000000      0.00000000
  0.04860000 -0.22393883E+02  0.75139284E-01      0.00000000      0.00000000
  0.04880000 -0.22319000E+02  0.74578665E-01      0.00000000      0.00000000
  0.04899999 -0.22244684E+02  0.74047886E-01      0.00000000      0.00000000
  0.04920000 -0.22171150E+02  0.73516317E-01      0.00000000      0.00000000
  0.04940000 -0.22099108E+02  0.73009424E-01      0.00000000      0.00000000
  0.04960000 -0.22025812E+02  0.72484136E-01      0.00000000      0.00000000
  0.04979999 -0.21953382E+02  0.71963340E-01      0.00000000      0.00000000
  0.05000000 -0.21881388E+02  0.71455792E-01      0.00000000      0.00000000
  0.05020000 -0.21810047E+02  0.70958212E-01      0.00000000      0.00000000
  0.05040000 -0.21739223E+02  0.70463903E-01      0.00000000      0.00000000
  0.05060000 -0.21668663E+02  0.69944918E-01      0.00000000      0.00000000
  0.05080000 -0.21598736E+02  0.69471076E-01      0.00000000      0.00000000
  0.05100000 -0.21529322E+02  0.68992198E-01      0.00000000      0.00000000
  0.05119999 -0.21460133E+02  0.68493597E-01      0.00000000      0.00000000
  0.05140000 -0.21391975E+02  0.68039604E-01      0.00000000      0.00000000
  0.05160000 -0.21324085E+02  0.67571394E-01      0.00000000      0.00000000
  0.05180000 -0.21257221E+02  0.67110069E-01      0.00000000      0.00000000
  0.05199999 -0.21190437E+02  0.66660203E-01      0.00000000      0.00000000
  0.05220000 -0.21124372E+02  0.66194817E-01      0.00000000      0.00000000
  0.05240000 -0.21058407E+02  0.65756455E-01      0.00000000      0.00000000
  0.05260000 -0.20992992E+02  0.65314740E-01      0.00000000      0.00000000
  0.05280000 -0.20928108E+02  0.64867556E-01      0.00000000      0.00000000
  0.05300000 -0.20862848E+02  0.64432345E-01      0.00000000      0.00000000
  0.05320000 -0.20798704E+02  0.64005673E-01      0.00000000      0.00000000
  0.05339999 -0.20734749E+02  0.63580699E-01      0.00000000      0.00000000
  0.05360000 -0.20671509E+02  0.63136347E-01      0.00000000      0.00000000
  0.05380000 -0.20608583E+02  0.62736727E-01      0.00000000      0.00000000
  0.05400000 -0.20545700E+02  0.62330037E-01      0.00000000      0.00000000
  0.05420000 -0.20482952E+02  0.61922174E-01      0.00000000      0.00000000
  0.05440000 -0.20421459E+02  0.61516702E-01      0.00000000      0.00000000
  0.05460000 -0.20360573E+02  0.61109520E-01      0.00000000      0.00000000
  0.05480000 -0.20299623E+02  0.60708802E-01      0.00000000      0.00000000
  0.05500000 -0.20238728E+02  0.60318775E-01      0.00000000      0.00000000
  0.05520000 -0.20178259E+02  0.59937976E-01      0.00000000      0.00000000
  0.05540000 -0.20118263E+02  0.59539519E-01      0.00000000      0.00000000
  0.05560000 -0.20058455E+02  0.59151754E-01      0.00000000      0.00000000
  0.05580000 -0.19999121E+02  0.58776543E-01      0.00000000      0.00000000
  0.05600000 -0.19940525E+02  0.58398895E-01      0.00000000      0.00000000
  0.05620000 -0.19882299E+02  0.58032475E-01      0.00000000      0.00000000
  0.05640000 -0.19824879E+02  0.57669170E-01      0.00000000      0.00000000
  0.05660000 -0.19768015E+02  0.57306696E-01      0.00000000      0.00000000
  0.05680000 -0.19710720E+02  0.56943819E-01      0.00000000      0.00000000
  0.05700000 -0.19652756E+02  0.56573853E-01      0.00000000      0.00000000
  0.05720000 -0.19597309E+02  0.56236625E-01      0.00000000      0.00000000
  0.05740000 -0.19541256E+02  0.55875394E-01      0.00000000      0.00000000
  0.05760000 -0.19485815E+02  0.55520203E-01      0.00000000      0.00000000
  0.05780000 -0.19430586E+02  0.55176966E-01      0.00000000      0.00000000
  0.05800000 -0.19375099E+02  0.54825980E-01      0.00000000      0.00000000
  0.05819999 -0.19320511E+02  0.54489098E-01      0.00000000      0.00000000
  0.05840000 -0.19266186E+02  0.54146536E-01      0.00000000      0.00000000
  0.05860000 -0.19212725E+02  0.53819820E-01      0.00000000      0.00000000
  0.05880000 -0.19159075E+02  0.53508874E-01      0.00000000      0.00000000
  0.05900000 -0.19105633E+02  0.53189151E-01      0.00000000      0.00000000
  0.05920000 -0.19052303E+02  0.52844159E-01      0.00000000      0.00000000
  0.05940000 -0.18999624E+02  0.52528020E-01      0.00000000      0.00000000
  0.05960000 -0.18947760E+02  0.52222826E-01      0.00000000      0.00000000
  0.05980000 -0.18895525E+02  0.51906317E-01      0.00000000      0.00000000
  0.06000000 -0.18843985E+02  0.51584680E-01      0.00000000      0.00000000
  0.06020000 -0.18791801E+02  0.51278166E-01      0.00000000      0.00000000
  0.06039999 -0.18739750E+02  0.50979216E-01      0.00000000      0.00000000
  0.06060000 -0.18689926E+02  0.50682474E-01      0.00000000      0.00000000
  0.06080000 -0.18638931E+02  0.50371148E-01      0.00000000      0.00000000
  0.06100000 -0.18588972E+02  0.50079502E-01      0.00000000      0.00000000
  0.06119999 -0.18538813E+02  0.49772672E-01      0.00000000      0.00000000
  0.06140000 -0.18489191E+02  0.49491830E-01      0.00000000      0.00000000
  0.06160000 -0.18439865E+02  0.49207292E-01      0.00000000      0.00000000
  0.06180000 -0.18389967E+02  0.48918039E-01      0.00000000      0.00000000
  0.06200000 -0.18341978E+02  0.48628196E-01      0.00000000      0.00000000
  0.06220000 -0.18293686E+02  0.48358425E-01      0.00000000      0.00000000
  0.06240000 -0.18246004E+02  0.48069078E-01      0.00000000      0.00000000
  0.06259999 -0.18198620E+02  0.47800984E-01      0.00000000      0.00000000
  0.06280001 -0.18150944E+02  0.47508288E-01      0.00000000      0.00000000
  0.06300000 -0.18103487E+02  0.47230266E-01      0.00000000      0.00000000
  0.06320000 -0.18055716E+02  0.46964727E-01      0.00000000      0.00000000
  0.06339999 -0.18008760E+02  0.46701342E-01      0.00000000      0.00000000
  0.06360000 -0.17961706E+02  0.46436455E-01      0.00000000      0.00000000
  0.06380000 -0.17915421E+02  0.46166457E-01      0.00000000      0.00000000
  0.06400000 -0.17869144E+02  0.45894280E-01      0.00000000      0.00000000
  0.06420000 -0.17823753E+02  0.45629352E-01      0.00000000      0.00000000
  0.06440000 -0.17778938E+02  0.45374051E-01      0.00000000      0.00000000
  0.06460000 -0.17733555E+02  0.45120914E-01      0.00000000      0.00000000
  0.06479999 -0.17688654E+02  0.44873241E-01      0.00000000      0.00000000
  0.06500000 -0.17644009E+02  0.44619597E-01      0.00000000      0.00000000
  0.06520000 -0.17599674E+02  0.44379838E-01      0.00000000      0.00000000
  0.06540000 -0.17555321E+02  0.44121906E-01      0.00000000      0.00000000
  0.06559999 -0.17511063E+02  0.43876525E-01      0.00000000      0.00000000
  0.06580000 -0.17467407E+02  0.43664251E-01      0.00000000      0.00000000
  0.06600000 -0.17424372E+02  0.43406639E-01      0.00000000      0.00000000
  0.06620000 -0.17380650E+02  0.43179143E-01      0.00000000      0.00000000
  0.06640000 -0.17338140E+02  0.42935058E-01      0.00000000      0.00000000
  0.06660000 -0.17295000E+02  0.42704009E-01      0.00000000      0.00000000
  0.06680001 -0.17252710E+02  0.42470746E-01      0.00000000      0.00000000
  0.06699999 -0.17210707E+02  0.42238977E-01      0.00000000      0.00000000
  0.06720000 -0.17168535E+02  0.41994840E-01      0.00000000      0.00000000
  0.06739999 -0.17126606E+02  0.41773155E-01      0.00000000      0.00000000
  0.06760000 -0.17085297E+02  0.41553121E-01      0.00000000      0.00000000
  0.06780000 -0.17044113E+02  0.41339453E-01      0.00000000      0.00000000
  0.06800000 -0.17002958E+02  0.41111242E-01      0.00000000      0.00000000
  0.06820000 -0.16962078E+02  0.40896915E-01      0.00000000      0.00000000
  0.06840000 -0.16920752E+02  0.40675297E-01      0.00000000      0.00000000
  0.06859999 -0.16879866E+02  0.40451407E-01      0.00000000      0.00000000
  0.06880000 -0.16840059E+02  0.40242087E-01      0.00000000      0.00000000
  0.06900001 -0.16799967E+02  0.40026139E-01      0.00000000      0.00000000
  0.06919999 -0.16759718E+02  0.39812684E-01      0.00000000      0.00000000
  0.06940000 -0.16720171E+02  0.39601102E-01      0.00000000      0.00000000
  0.06960000 -0.16680695E+02  0.39386746E-01      0.00000000      0.00000000
  0.06980000 -0.16641352E+02  0.39187070E-01      0.00000000      0.00000000
  0.07000000 -0.16602110E+02  0.38973458E-01      0.00000000      0.00000000
  0.07020000 -0.16562988E+02  0.38780481E-01      0.00000000      0.00000000
  0.07040000 -0.16524292E+02  0.38581617E-01      0.00000000      0.00000000
  0.07060000 -0.16486259E+02  0.38390707E-01      0.00000000      0.00000000
  0.07079999 -0.16447483E+02  0.38182966E-01      0.00000000      0.00000000
  0.07099999 -0.16409576E+02  0.37991747E-01      0.00000000      0.00000000
  0.07120001 -0.16372011E+02  0.37789226E-01      0.00000000      0.00000000
  0.07139999 -0.16333986E+02  0.37596054E-01      0.00000000      0.00000000
  0.07160000 -0.16296005E+02  0.37401207E-01      0.00000000      0.00000000
  0.07180000 -0.16258654E+02  0.37208475E-01      0.00000000      0.00000000
  0.07200000 -0.16221231E+02  0.37008870E-01      0.00000000      0.00000000
  0.07220000 -0.16184830E+02  0.36833160E-01      0.00000000      0.00000000
  0.07239999 -0.16148371E+02  0.36652267E-01      0.00000000      0.00000000
  0.07260000 -0.16112057E+02  0.36466509E-01      0.00000000      0.00000000
  0.07280000 -0.16075626E+02  0.36272518E-01      0.00000000      0.00000000
  0.07299999 -0.16038971E+02  0.36089428E-01      0.00000000      0.00000000
  0.07319999 -0.16003010E+02  0.35907459E-01      0.00000000      0.00000000
  0.07340001 -0.15967463E+02  0.35731815E-01      0.00000000      0.00000000
  0.07359999 -0.15931915E+02  0.35550147E-01      0.00000000      0.00000000
  0.07380000 -0.15896257E+02  0.35366781E-01      0.00000000      0.00000000
  0.07400000 -0.15860658E+02  0.35196796E-01      0.00000000      0.00000000
  0.07420000 -0.15825766E+02  0.35020109E-01      0.00000000      0.00000000
  0.07440000 -0.15790854E+02  0.34849584E-01      0.00000000      0.00000000
  0.07460000 -0.15756772E+02  0.34684889E-01      0.00000000      0.00000000
  0.07480000 -0.15722524E+02  0.34506451E-01      0.00000000      0.00000000
  0.07500000 -0.15688251E+02  0.34335442E-01      0.00000000      0.00000000
  0.07519999 -0.15653736E+02  0.34170296E-01      0.00000000      0.00000000
  0.07539999 -0.15619544E+02  0.33995323E-01      0.00000000      0.00000000
  0.07560000 -0.15585094E+02  0.33841431E-01      0.00000000      0.00000000
  0.07579999 -0.15551222E+02  0.33670157E-01      0.00000000      0.00000000
  0.07600000 -0.15518048E+02  0.33506367E-01      0.00000000      0.00000000
  0.07620000 -0.15484237E+02  0.33346355E-01      0.00000000      0.00000000
  0.07640000 -0.15450938E+02  0.33184860E-01      0.00000000      0.00000000
  0.07660000 -0.15417787E+02  0.33026669E-01      0.00000000      0.00000000
  0.07680000 -0.15384904E+02  0.32866150E-01      0.00000000      0.00000000
  0.07699999 -0.15352329E+02  0.32715172E-01      0.00000000      0.00000000
  0.07720000 -0.15319800E+02  0.32550808E-01      0.00000000      0.00000000
  0.07739999 -0.15287405E+02  0.32396875E-01      0.00000000      0.00000000
  0.07759999 -0.15254695E+02  0.32240331E-01      0.00000000      0.00000000
  0.07780000 -0.15222752E+02  0.32096542E-01      0.00000000      0.00000000
  0.07799999 -0.15190474E+02  0.31941388E-01      0.00000000      0.00000000
  0.07820000 -0.15158719E+02  0.31779081E-01      0.00000000      0.00000000
  0.07840000 -0.15127090E+02  0.31631447E-01      0.00000000      0.00000000
  0.07860000 -0.15095492E+02  0.31489823E-01      0.00000000      0.00000000
  0.07880000 -0.15063903E+02  0.31341363E-01      0.00000000      0.00000000
  0.07900000 -0.15032617E+02  0.31187993E-01      0.00000000      0.00000000
  0.07919999 -0.15002064E+02  0.31039901E-01      0.00000000      0.00000000
  0.07940000 -0.14971065E+02  0.30887041E-01      0.00000000      0.00000000
  0.07960001 -0.14940124E+02  0.30745659E-01      0.00000000      0.00000000
  0.07979999 -0.14909361E+02  0.30591037E-01      0.00000000      0.00000000
