 -0.04000000  0.33469631E+02  0.20549193E+00      0.00000000      0.00000000
 -0.03980000  0.33677883E+02  0.20797348E+00      0.00000000      0.00000000
 -0.03960000  0.33885326E+02  0.21047202E+00      0.00000000      0.00000000
 -0.03940000  0.34096981E+02  0.21304135E+00      0.00000000      0.00000000
 -0.03920000  0.34310406E+02  0.21565109E+00      0.00000000      0.00000000
 -0.03900000  0.34528324E+02  0.21835758E+00      0.00000000      0.00000000
 -0.03880000  0.34745975E+02  0.22104093E+00      0.00000000      0.00000000
 -0.03860000  0.34969791E+02  0.22383858E+00      0.00000000      0.00000000
 -0.03840000  0.35197289E+02  0.22670558E+00      0.00000000      0.00000000
 -0.03820000  0.35425850E+02  0.22958781E+00      0.00000000      0.00000000
 -0.03800000  0.35655109E+02  0.23251411E+00      0.00000000      0.00000000
 -0.03780000  0.35889469E+02  0.23551820E+00      0.00000000      0.00000000
 -0.03760000  0.36127041E+02  0.23857096E+00      0.00000000      0.00000000
 -0.03740000  0.36367699E+02  0.24168293E+00      0.00000000      0.00000000
 -0.03720000  0.36611362E+02  0.24486001E+00      0.00000000      0.00000000
 -0.03700000  0.36856949E+02  0.24808794E+00      0.00000000      0.00000000
 -0.03680000  0.37106277E+02  0.25139377E+00      0.00000000      0.00000000
 -0.03660000  0.37361946E+02  0.25475466E+00      0.00000000      0.00000000
 -0.03640000  0.37619225E+02  0.25822219E+00      0.00000000      0.00000000
 -0.03620000  0.37880917E+02  0.26171789E+00      0.00000000      0.00000000
 -0.03600000  0.38143532E+02  0.26533395E+00      0.00000000      0.00000000
 -0.03580000  0.38413170E+02  0.26900962E+00      0.00000000      0.00000000
 -0.03560000  0.38680614E+02  0.27269804E+00      0.00000000      0.00000000
 -0.03540000  0.38953682E+02  0.27648097E+00      0.00000000      0.00000000
 -0.03520000  0.39232388E+02  0.28041393E+00      0.00000000      0.00000000
 -0.03500000  0.39517403E+02  0.28442472E+00      0.00000000      0.00000000
 -0.03480000  0.39805424E+02  0.28851631E+00      0.00000000      0.00000000
 -0.03460000  0.40098083E+02  0.29269269E+00      0.00000000      0.00000000
 -0.03440000  0.40392563E+02  0.29693374E+00      0.00000000      0.00000000
 -0.03420000  0.40693871E+02  0.30127788E+00      0.00000000      0.00000000
 -0.03400000  0.40996517E+02  0.30572015E+00      0.00000000      0.00000000
 -0.03380000  0.41301434E+02  0.31022686E+00      0.00000000      0.00000000
 -0.03360000  0.41615242E+02  0.31491059E+00      0.00000000      0.00000000
 -0.03340000  0.41931694E+02  0.31964970E+00      0.00000000      0.00000000
 -0.03320000  0.42255882E+02  0.32455128E+00      0.00000000      0.00000000
 -0.03300000  0.42578381E+02  0.32945067E+00      0.00000000      0.00000000
 -0.03280000  0.42913826E+02  0.33460295E+00      0.00000000      0.00000000
 -0.03260000  0.43250370E+02  0.33983436E+00      0.00000000      0.00000000
 -0.03240000  0.43594307E+02  0.34523344E+00      0.00000000      0.00000000
 -0.03220000  0.43941006E+02  0.35063982E+00      0.00000000      0.00000000
 -0.03200000  0.44294743E+02  0.35619795E+00      0.00000000      0.00000000
 -0.03180000  0.44655762E+02  0.36201581E+00      0.00000000      0.00000000
 -0.03160000  0.45019524E+02  0.36784929E+00      0.00000000      0.00000000
 -0.03140000  0.45392262E+02  0.37393990E+00      0.00000000      0.00000000
 -0.03120000  0.45770233E+02  0.38012424E+00      0.00000000      0.00000000
 -0.03100000  0.46151825E+02  0.38640845E+00      0.00000000      0.00000000
 -0.03080000  0.46534943E+02  0.39281976E+00      0.00000000      0.00000000
 -0.03060000  0.46932171E+02  0.39955527E+00      0.00000000      0.00000000
 -0.03040000  0.47337463E+02  0.40639120E+00      0.00000000      0.00000000
 -0.03020000  0.47743546E+02  0.41332352E+00      0.00000000      0.00000000
 -0.03000000  0.48154427E+02  0.42041963E+00      0.00000000      0.00000000
 -0.02980000  0.48578213E+02  0.42784184E+00      0.00000000      0.00000000
 -0.02960000  0.49009201E+02  0.43540502E+00      0.00000000      0.00000000
 -0.02940000  0.49454578E+02  0.44335973E+00      0.00000000      0.00000000
 -0.02920000  0.49903816E+02  0.45138371E+00      0.00000000      0.00000000
 -0.02900000  0.50353798E+02  0.45952499E+00      0.00000000      0.00000000
 -0.02880000  0.50816578E+02  0.46803939E+00      0.00000000      0.00000000
 -0.02860000  0.51288197E+02  0.47671843E+00      0.00000000      0.00000000
 -0.02840000  0.51770874E+02  0.48569244E+00      0.00000000      0.00000000
 -0.02820000  0.52267349E+02  0.49506015E+00      0.00000000      0.00000000
 -0.02800000  0.52764645E+02  0.50446761E+00      0.00000000      0.00000000
 -0.02780000  0.53272419E+02  0.51424170E+00      0.00000000      0.00000000
 -0.02760000  0.53791656E+02  0.52432978E+00      0.00000000      0.00000000
 -0.02740000  0.54321205E+02  0.53475273E+00      0.00000000      0.00000000
 -0.02720000  0.54858292E+02  0.54541647E+00      0.00000000      0.00000000
 -0.02700000  0.55407242E+02  0.55640852E+00      0.00000000      0.00000000
 -0.02680000  0.55973557E+02  0.56787741E+00      0.00000000      0.00000000
 -0.02660000  0.56542629E+02  0.57954425E+00      0.00000000      0.00000000
 -0.02640000  0.57126808E+02  0.59160781E+00      0.00000000      0.00000000
 -0.02620000  0.57720066E+02  0.60410124E+00      0.00000000      0.00000000
 -0.02600000  0.58332413E+02  0.61706817E+00      0.00000000      0.00000000
 -0.02580000  0.58950058E+02  0.63030100E+00      0.00000000      0.00000000
 -0.02560000  0.59586678E+02  0.64411962E+00      0.00000000      0.00000000
 -0.02540000  0.60238800E+02  0.65841532E+00      0.00000000      0.00000000
 -0.02520000  0.60907482E+02  0.67327213E+00      0.00000000      0.00000000
 -0.02500000  0.61589912E+02  0.68862152E+00      0.00000000      0.00000000
 -0.02480000  0.62281708E+02  0.70430481E+00      0.00000000      0.00000000
 -0.02460000  0.62988499E+02  0.72057539E+00      0.00000000      0.00000000
 -0.02440000  0.63725189E+02  0.73780698E+00      0.00000000      0.00000000
 -0.02420000  0.64473686E+02  0.75548947E+00      0.00000000      0.00000000
 -0.02400000  0.65247231E+02  0.77397925E+00      0.00000000      0.00000000
 -0.02380000  0.66033783E+02  0.79312754E+00      0.00000000      0.00000000
 -0.02360000  0.66841225E+02  0.81300557E+00      0.00000000      0.00000000
 -0.02340000  0.67661026E+02  0.83332002E+00      0.00000000      0.00000000
 -0.02320000  0.68500610E+02  0.85474181E+00      0.00000000      0.00000000
 -0.02300000  0.69353966E+02  0.87665701E+00      0.00000000      0.00000000
 -0.02280000  0.70248070E+02  0.89983678E+00      0.00000000      0.00000000
 -0.02260000  0.71164322E+02  0.92402065E+00      0.00000000      0.00000000
 -0.02240000  0.72094193E+02  0.94891512E+00      0.00000000      0.00000000
 -0.02220000  0.73063538E+02  0.97539264E+00      0.00000000      0.00000000
 -0.02200000  0.74054222E+02  0.10028259E+01      0.00000000      0.00000000
 -0.02180000  0.75060287E+02  0.10310090E+01      0.00000000      0.00000000
 -0.02160000  0.76102951E+02  0.10607990E+01      0.00000000      0.00000000
 -0.02140000  0.77174133E+02  0.10917568E+01      0.00000000      0.00000000
 -0.02120000  0.78281998E+02  0.11243773E+01      0.00000000      0.00000000
 -0.02100000  0.79426529E+02  0.11587964E+01      0.00000000      0.00000000
 -0.02080000  0.80594093E+02  0.11944604E+01      0.00000000      0.00000000
 -0.02060000  0.81826431E+02  0.12326226E+01      0.00000000      0.00000000
 -0.02040000  0.83072601E+02  0.12720442E+01      0.00000000      0.00000000
 -0.02020000  0.84367691E+02  0.13138084E+01      0.00000000      0.00000000
 -0.02000000  0.85718330E+02  0.13580730E+01      0.00000000      0.00000000
 -0.01980000  0.87087677E+02  0.14038115E+01      0.00000000      0.00000000
 -0.01960000  0.88532639E+02  0.14531645E+01      0.00000000      0.00000000
 -0.01940000  0.90012383E+02  0.15047276E+01      0.00000000      0.00000000
 -0.01920000  0.91542435E+02  0.15590745E+01      0.00000000      0.00000000
 -0.01900000  0.93125122E+02  0.16166804E+01      0.00000000      0.00000000
 -0.01880000  0.94771675E+02  0.16778259E+01      0.00000000      0.00000000
 -0.01860000  0.96460663E+02  0.17418829E+01      0.00000000      0.00000000
 -0.01840000  0.98210602E+02  0.18096983E+01      0.00000000      0.00000000
 -0.01820000  0.10005533E+03  0.18830645E+01      0.00000000      0.00000000
 -0.01800000  0.10196524E+03  0.19607623E+01      0.00000000      0.00000000
 -0.01780000  0.10397634E+03  0.20446072E+01      0.00000000      0.00000000
 -0.01760000  0.10607326E+03  0.21345258E+01      0.00000000      0.00000000
 -0.01740000  0.10822957E+03  0.22293417E+01      0.00000000      0.00000000
 -0.01720000  0.11052514E+03  0.23329844E+01      0.00000000      0.00000000
 -0.01700000  0.11290117E+03  0.24436250E+01      0.00000000      0.00000000
 -0.01680000  0.11539876E+03  0.25632291E+01      0.00000000      0.00000000
 -0.01660000  0.11805200E+03  0.26944451E+01      0.00000000      0.00000000
 -0.01640000  0.12079002E+03  0.28335643E+01      0.00000000      0.00000000
 -0.01620000  0.12369109E+03  0.29866242E+01      0.00000000      0.00000000
 -0.01600000  0.12677242E+03  0.31543927E+01      0.00000000      0.00000000
 -0.01580000  0.12998721E+03  0.33357215E+01      0.00000000      0.00000000
 -0.01560000  0.13340555E+03  0.35357189E+01      0.00000000      0.00000000
 -0.01540000  0.13707204E+03  0.37588439E+01      0.00000000      0.00000000
 -0.01520000  0.14094955E+03  0.40046096E+01      0.00000000      0.00000000
 -0.01500000  0.14504861E+03  0.42752256E+01      0.00000000      0.00000000
 -0.01480000  0.14946913E+03  0.45806880E+01      0.00000000      0.00000000
 -0.01460000  0.15417627E+03  0.49217138E+01      0.00000000      0.00000000
 -0.01440000  0.15932507E+03  0.53133917E+01      0.00000000      0.00000000
 -0.01420000  0.16483200E+03  0.57550201E+01      0.00000000      0.00000000
 -0.01400000  0.17086810E+03  0.62662587E+01      0.00000000      0.00000000
 -0.01380000  0.17735092E+03  0.68497496E+01      0.00000000      0.00000000
 -0.01360000  0.18445992E+03  0.75283370E+01      0.00000000      0.00000000
 -0.01340000  0.19231488E+03  0.83304586E+01      0.00000000      0.00000000
 -0.01320000  0.20102960E+03  0.92854519E+01      0.00000000      0.00000000
 -0.01300000  0.21070505E+03  0.10430317E+02      0.00000000      0.00000000
 -0.01280000  0.22178934E+03  0.11856154E+02      0.00000000      0.00000000
 -0.01260000  0.23440720E+03  0.13629445E+02      0.00000000      0.00000000
 -0.01240000  0.24892355E+03  0.15883092E+02      0.00000000      0.00000000
 -0.01220000  0.26584940E+03  0.18805840E+02      0.00000000      0.00000000
 -0.01200000  0.28629086E+03  0.22787085E+02      0.00000000      0.00000000
 -0.01180000  0.31115027E+03  0.28321276E+02      0.00000000      0.00000000
 -0.01160000  0.34219904E+03  0.36364159E+02      0.00000000      0.00000000
 -0.01140000  0.38257831E+03  0.48826569E+02      0.00000000      0.00000000
 -0.01120000  0.43658539E+03  0.69346115E+02      0.00000000      0.00000000
 -0.01100000  0.51363904E+03  0.10724858E+03      0.00000000      0.00000000
 -0.01080000  0.62892505E+03  0.18749258E+03      0.00000000      0.00000000
 -0.01060000  0.80124133E+03  0.39987708E+03      0.00000000      0.00000000
 -0.01040000  0.82578815E+03  0.10447711E+04      0.00000000      0.00000000
 -0.01020000 -0.30529187E+03  0.13106067E+04      0.00000000      0.00000000
 -0.01000000 -0.53311011E+03  0.52269147E+03      0.00000000      0.00000000
 -0.00980000 -0.35276093E+03  0.23254883E+03      0.00000000      0.00000000
 -0.00960000 -0.21823595E+03  0.12902921E+03      0.00000000      0.00000000
 -0.00940000 -0.12725139E+03  0.83672134E+02      0.00000000      0.00000000
 -0.00920000 -0.61341644E+02  0.60679733E+02      0.00000000      0.00000000
 -0.00900000 -0.98010864E+01  0.47998112E+02      0.00000000      0.00000000
 -0.00880000  0.32412838E+02  0.40975960E+02      0.00000000      0.00000000
 -0.00860000  0.70206894E+02  0.37209366E+02      0.00000000      0.00000000
 -0.00840000  0.10555520E+03  0.35798820E+02      0.00000000      0.00000000
 -0.00820000  0.14071492E+03  0.36325851E+02      0.00000000      0.00000000
 -0.00800000  0.17708771E+03  0.38779053E+02      0.00000000      0.00000000
 -0.00780000  0.21727043E+03  0.43614071E+02      0.00000000      0.00000000
 -0.00760000  0.26387891E+03  0.51926346E+02      0.00000000      0.00000000
 -0.00740000  0.31933221E+03  0.65472534E+02      0.00000000      0.00000000
 -0.00720000  0.39042780E+03  0.88913528E+02      0.00000000      0.00000000
 -0.00700000  0.48831653E+03  0.13371506E+03      0.00000000      0.00000000
 -0.00680000  0.62862231E+03  0.23016888E+03      0.00000000      0.00000000
 -0.00660000  0.82605463E+03  0.49469736E+03      0.00000000      0.00000000
 -0.00640000  0.72802002E+03  0.12497209E+04      0.00000000      0.00000000
 -0.00620000 -0.41468915E+03  0.11960815E+04      0.00000000      0.00000000
 -0.00600000 -0.43680127E+03  0.48316193E+03      0.00000000      0.00000000
 -0.00580000 -0.21169693E+03  0.26585162E+03      0.00000000      0.00000000
 -0.00560000 -0.19808765E+02  0.21259953E+03      0.00000000      0.00000000
 -0.00540000  0.16788469E+03  0.24537071E+03      0.00000000      0.00000000
 -0.00520000  0.38796643E+03  0.41429797E+03      0.00000000      0.00000000
 -0.00500000  0.51253442E+03  0.96609833E+03      0.00000000      0.00000000
 -0.00480000 -0.49407568E+03  0.14454602E+04      0.00000000      0.00000000
 -0.00460000 -0.87533887E+03  0.62381628E+03      0.00000000      0.00000000
 -0.00440000 -0.67879095E+03  0.27234839E+03      0.00000000      0.00000000
 -0.00420000 -0.52126483E+03  0.14950940E+03      0.00000000      0.00000000
 -0.00400000 -0.41547577E+03  0.96742905E+02      0.00000000      0.00000000
 -0.00380000 -0.34043750E+03  0.69853271E+02      0.00000000      0.00000000
 -0.00360000 -0.28187100E+03  0.54238075E+02      0.00000000      0.00000000
 -0.00340000 -0.23488110E+03  0.44885052E+02      0.00000000      0.00000000
 -0.00320000 -0.19380849E+03  0.39040009E+02      0.00000000      0.00000000
 -0.00300000 -0.15732831E+03  0.35744736E+02      0.00000000      0.00000000
 -0.00280000 -0.12277267E+03  0.34339184E+02      0.00000000      0.00000000
 -0.00260000 -0.89093491E+02  0.34678631E+02      0.00000000      0.00000000
 -0.00240000 -0.54467491E+02  0.36885258E+02      0.00000000      0.00000000
 -0.00220000 -0.16583611E+02  0.41520111E+02      0.00000000      0.00000000
 -0.00200000  0.26823143E+02  0.49744041E+02      0.00000000      0.00000000
 -0.00180000  0.80397980E+02  0.64253166E+02      0.00000000      0.00000000
 -0.00160000  0.14957611E+03  0.90361244E+02      0.00000000      0.00000000
 -0.00140000  0.25017638E+03  0.14477806E+03      0.00000000      0.00000000
 -0.00120000  0.39888715E+03  0.27314691E+03      0.00000000      0.00000000
 -0.00100000  0.57470044E+03  0.64733051E+03      0.00000000      0.00000000
 -0.00080000  0.85426590E+02  0.14619301E+04      0.00000000      0.00000000
 -0.00060000 -0.88963245E+03  0.89067523E+03      0.00000000      0.00000000
 -0.00040000 -0.77631921E+03  0.34690308E+03      0.00000000      0.00000000
 -0.00020000 -0.61135657E+03  0.16963205E+03      0.00000000      0.00000000
  0.00000000 -0.50436841E+03  0.10021126E+03      0.00000000      0.00000000
  0.00020000 -0.43027786E+03  0.65488457E+02      0.00000000      0.00000000
  0.00040000 -0.37837939E+03  0.46516602E+02      0.00000000      0.00000000
  0.00060000 -0.33985605E+03  0.34997314E+02      0.00000000      0.00000000
  0.00080000 -0.30966736E+03  0.27379822E+02      0.00000000      0.00000000
  0.00100000 -0.28562805E+03  0.22148285E+02      0.00000000      0.00000000
  0.00120000 -0.26578745E+03  0.18356873E+02      0.00000000      0.00000000
  0.00140000 -0.24894188E+03  0.15496445E+02      0.00000000      0.00000000
  0.00160000 -0.23483147E+03  0.13339912E+02      0.00000000      0.00000000
  0.00180000 -0.22274646E+03  0.11660351E+02      0.00000000      0.00000000
  0.00200000 -0.21191296E+03  0.10282059E+02      0.00000000      0.00000000
  0.00220000 -0.20232288E+03  0.91559925E+01      0.00000000      0.00000000
  0.00240000 -0.19367523E+03  0.82156363E+01      0.00000000      0.00000000
  0.00260000 -0.18593030E+03  0.74311676E+01      0.00000000      0.00000000
  0.00280000 -0.17887616E+03  0.67617121E+01      0.00000000      0.00000000
  0.00300000 -0.17239395E+03  0.61835527E+01      0.00000000      0.00000000
  0.00320000 -0.16646880E+03  0.56847095E+01      0.00000000      0.00000000
  0.00340000 -0.16096033E+03  0.52458439E+01      0.00000000      0.00000000
  0.00360000 -0.15594746E+03  0.48669605E+01      0.00000000      0.00000000
  0.00380000 -0.15124193E+03  0.45281487E+01      0.00000000      0.00000000
  0.00400000 -0.14687714E+03  0.42274666E+01      0.00000000      0.00000000
  0.00420000 -0.14281560E+03  0.39601822E+01      0.00000000      0.00000000
  0.00440000 -0.13901349E+03  0.37208557E+01      0.00000000      0.00000000
  0.00460000 -0.13541602E+03  0.35027161E+01      0.00000000      0.00000000
  0.00480000 -0.13205486E+03  0.33065186E+01      0.00000000      0.00000000
  0.00500000 -0.12881966E+03  0.31247864E+01      0.00000000      0.00000000
  0.00520000 -0.12575687E+03  0.29583893E+01      0.00000000      0.00000000
  0.00540000 -0.12287531E+03  0.28069763E+01      0.00000000      0.00000000
  0.00560000 -0.12014883E+03  0.26684875E+01      0.00000000      0.00000000
  0.00580000 -0.11755135E+03  0.25408325E+01      0.00000000      0.00000000
  0.00600000 -0.11507051E+03  0.24224091E+01      0.00000000      0.00000000
  0.00620000 -0.11268265E+03  0.23117065E+01      0.00000000      0.00000000
  0.00640000 -0.11045624E+03  0.22116089E+01      0.00000000      0.00000000
  0.00660000 -0.10830783E+03  0.21173248E+01      0.00000000      0.00000000
  0.00680000 -0.10623782E+03  0.20291061E+01      0.00000000      0.00000000
  0.00700000 -0.10424748E+03  0.19458694E+01      0.00000000      0.00000000
  0.00720000 -0.10231816E+03  0.18676338E+01      0.00000000      0.00000000
  0.00740000 -0.10048059E+03  0.17948112E+01      0.00000000      0.00000000
  0.00760000 -0.98711800E+02  0.17264175E+01      0.00000000      0.00000000
  0.00780000 -0.97029800E+02  0.16628628E+01      0.00000000      0.00000000
  0.00800000 -0.95394516E+02  0.16025753E+01      0.00000000      0.00000000
  0.00820000 -0.93816086E+02  0.15453911E+01      0.00000000      0.00000000
  0.00840000 -0.92316002E+02  0.14921284E+01      0.00000000      0.00000000
  0.00860000 -0.90839066E+02  0.14409790E+01      0.00000000      0.00000000
  0.00880000 -0.89433716E+02  0.13929653E+01      0.00000000      0.00000000
  0.00900000 -0.88068825E+02  0.13474483E+01      0.00000000      0.00000000
  0.00920000 -0.86740204E+02  0.13040886E+01      0.00000000      0.00000000
  0.00940000 -0.85457748E+02  0.12628784E+01      0.00000000      0.00000000
  0.00960000 -0.84226036E+02  0.12242050E+01      0.00000000      0.00000000
  0.00980000 -0.83027039E+02  0.11871185E+01      0.00000000      0.00000000
  0.01000000 -0.81853699E+02  0.11513672E+01      0.00000000      0.00000000
  0.01020000 -0.80713409E+02  0.11172485E+01      0.00000000      0.00000000
  0.01040000 -0.79619904E+02  0.10850830E+01      0.00000000      0.00000000
  0.01060000 -0.78553467E+02  0.10541992E+01      0.00000000      0.00000000
  0.01080000 -0.77500732E+02  0.10242767E+01      0.00000000      0.00000000
  0.01100000 -0.76495621E+02  0.99617004E+00      0.00000000      0.00000000
  0.01120000 -0.75513824E+02  0.96923828E+00      0.00000000      0.00000000
  0.01140000 -0.74550919E+02  0.94302559E+00      0.00000000      0.00000000
  0.01160000 -0.73620529E+02  0.91802979E+00      0.00000000      0.00000000
  0.01180000 -0.72725586E+02  0.89452839E+00      0.00000000      0.00000000
  0.01200000 -0.71842682E+02  0.87158394E+00      0.00000000      0.00000000
  0.01220000 -0.70973686E+02  0.84935284E+00      0.00000000      0.00000000
  0.01240000 -0.70145622E+02  0.82850695E+00      0.00000000      0.00000000
  0.01260000 -0.69333130E+02  0.80824852E+00      0.00000000      0.00000000
  0.01280000 -0.68524422E+02  0.78838825E+00      0.00000000      0.00000000
  0.01300000 -0.67753380E+02  0.76975536E+00      0.00000000      0.00000000
  0.01320000 -0.66996452E+02  0.75166082E+00      0.00000000      0.00000000
  0.01340000 -0.66249115E+02  0.73399925E+00      0.00000000      0.00000000
  0.01360000 -0.65521027E+02  0.71699476E+00      0.00000000      0.00000000
  0.01380000 -0.64821609E+02  0.70094442E+00      0.00000000      0.00000000
  0.01400000 -0.64130402E+02  0.68525100E+00      0.00000000      0.00000000
  0.01420000 -0.63456566E+02  0.67009139E+00      0.00000000      0.00000000
  0.01440000 -0.62789066E+02  0.65533948E+00      0.00000000      0.00000000
  0.01460000 -0.62140736E+02  0.64106894E+00      0.00000000      0.00000000
  0.01480000 -0.61500584E+02  0.62728047E+00      0.00000000      0.00000000
  0.01500000 -0.60883293E+02  0.61410046E+00      0.00000000      0.00000000
  0.01520000 -0.60278313E+02  0.60126758E+00      0.00000000      0.00000000
  0.01540000 -0.59680573E+02  0.58871841E+00      0.00000000      0.00000000
  0.01560000 -0.59094143E+02  0.57659888E+00      0.00000000      0.00000000
  0.01580000 -0.58519905E+02  0.56485593E+00      0.00000000      0.00000000
  0.01600000 -0.57956387E+02  0.55351388E+00      0.00000000      0.00000000
  0.01619999 -0.57410816E+02  0.54257703E+00      0.00000000      0.00000000
  0.01640000 -0.56871887E+02  0.53195584E+00      0.00000000      0.00000000
  0.01660000 -0.56347687E+02  0.52166319E+00      0.00000000      0.00000000
  0.01680000 -0.55835823E+02  0.51175082E+00      0.00000000      0.00000000
  0.01700000 -0.55328743E+02  0.50208920E+00      0.00000000      0.00000000
  0.01720000 -0.54833130E+02  0.49267721E+00      0.00000000      0.00000000
  0.01740000 -0.54349247E+02  0.48353583E+00      0.00000000      0.00000000
  0.01760000 -0.53876984E+02  0.47477120E+00      0.00000000      0.00000000
  0.01780000 -0.53407146E+02  0.46608829E+00      0.00000000      0.00000000
  0.01800000 -0.52947937E+02  0.45773977E+00      0.00000000      0.00000000
  0.01820000 -0.52492142E+02  0.44950640E+00      0.00000000      0.00000000
  0.01840000 -0.52042316E+02  0.44140548E+00      0.00000000      0.00000000
  0.01860000 -0.51611969E+02  0.43373466E+00      0.00000000      0.00000000
  0.01880000 -0.51179718E+02  0.42613137E+00      0.00000000      0.00000000
  0.01900000 -0.50753315E+02  0.41870570E+00      0.00000000      0.00000000
  0.01920000 -0.50337299E+02  0.41155374E+00      0.00000000      0.00000000
  0.01940000 -0.49926170E+02  0.40453076E+00      0.00000000      0.00000000
  0.01960000 -0.49518440E+02  0.39762259E+00      0.00000000      0.00000000
  0.01980000 -0.49122383E+02  0.39099538E+00      0.00000000      0.00000000
  0.02000000 -0.48738354E+02  0.38455957E+00      0.00000000      0.00000000
  0.02020000 -0.48355175E+02  0.37829623E+00      0.00000000      0.00000000
  0.02040000 -0.47981560E+02  0.37216908E+00      0.00000000      0.00000000
  0.02060000 -0.47615280E+02  0.36623570E+00      0.00000000      0.00000000
  0.02080000 -0.47250488E+02  0.36031049E+00      0.00000000      0.00000000
  0.02100000 -0.46900955E+02  0.35474992E+00      0.00000000      0.00000000
  0.02120000 -0.46548611E+02  0.34916726E+00      0.00000000      0.00000000
  0.02140000 -0.46202389E+02  0.34373647E+00      0.00000000      0.00000000
  0.02160000 -0.45860840E+02  0.33837858E+00      0.00000000      0.00000000
  0.02180000 -0.45527058E+02  0.33326095E+00      0.00000000      0.00000000
  0.02200000 -0.45193207E+02  0.32815337E+00      0.00000000      0.00000000
  0.02220000 -0.44868687E+02  0.32320639E+00      0.00000000      0.00000000
  0.02240000 -0.44549473E+02  0.31839761E+00      0.00000000      0.00000000
  0.02260000 -0.44234596E+02  0.31369278E+00      0.00000000      0.00000000
  0.02280000 -0.43920067E+02  0.30901289E+00      0.00000000      0.00000000
  0.02300000 -0.43611992E+02  0.30451292E+00      0.00000000      0.00000000
  0.02320000 -0.43309814E+02  0.30008698E+00      0.00000000      0.00000000
  0.02340000 -0.43013721E+02  0.29580495E+00      0.00000000      0.00000000
  0.02360000 -0.42719170E+02  0.29157522E+00      0.00000000      0.00000000
  0.02380000 -0.42429241E+02  0.28747240E+00      0.00000000      0.00000000
  0.02400000 -0.42144417E+02  0.28336108E+00      0.00000000      0.00000000
  0.02420000 -0.41863167E+02  0.27939799E+00      0.00000000      0.00000000
  0.02440000 -0.41589306E+02  0.27557975E+00      0.00000000      0.00000000
  0.02460000 -0.41312984E+02  0.27172905E+00      0.00000000      0.00000000
  0.02480000 -0.41038643E+02  0.26798931E+00      0.00000000      0.00000000
  0.02500000 -0.40775208E+02  0.26437306E+00      0.00000000      0.00000000
  0.02520000 -0.40514729E+02  0.26085940E+00      0.00000000      0.00000000
  0.02540000 -0.40253815E+02  0.25735086E+00      0.00000000      0.00000000
  0.02560000 -0.39998695E+02  0.25389266E+00      0.00000000      0.00000000
  0.02580000 -0.39745014E+02  0.25051615E+00      0.00000000      0.00000000
  0.02600000 -0.39495491E+02  0.24723323E+00      0.00000000      0.00000000
  0.02620000 -0.39249493E+02  0.24401943E+00      0.00000000      0.00000000
  0.02640000 -0.39006447E+02  0.24084632E+00      0.00000000      0.00000000
  0.02660000 -0.38767487E+02  0.23775859E+00      0.00000000      0.00000000
  0.02680000 -0.38531265E+02  0.23471408E+00      0.00000000      0.00000000
  0.02700000 -0.38297791E+02  0.23174554E+00      0.00000000      0.00000000
  0.02720000 -0.38068550E+02  0.22882472E+00      0.00000000      0.00000000
  0.02740000 -0.37842224E+02  0.22596608E+00      0.00000000      0.00000000
  0.02760000 -0.37616261E+02  0.22312388E+00      0.00000000      0.00000000
  0.02780000 -0.37395031E+02  0.22039866E+00      0.00000000      0.00000000
  0.02800000 -0.37175465E+02  0.21767169E+00      0.00000000      0.00000000
  0.02820000 -0.36959160E+02  0.21499443E+00      0.00000000      0.00000000
  0.02840000 -0.36744698E+02  0.21240427E+00      0.00000000      0.00000000
  0.02860000 -0.36533833E+02  0.20982558E+00      0.00000000      0.00000000
  0.02880000 -0.36326359E+02  0.20731781E+00      0.00000000      0.00000000
  0.02900000 -0.36119377E+02  0.20484138E+00      0.00000000      0.00000000
  0.02920000 -0.35916931E+02  0.20243599E+00      0.00000000      0.00000000
  0.02940000 -0.35714661E+02  0.20002359E+00      0.00000000      0.00000000
  0.02959999 -0.35515926E+02  0.19769038E+00      0.00000000      0.00000000
  0.02980000 -0.35319115E+02  0.19538066E+00      0.00000000      0.00000000
  0.03000000 -0.35124767E+02  0.19312100E+00      0.00000000      0.00000000
  0.03020000 -0.34930931E+02  0.19088298E+00      0.00000000      0.00000000
  0.03040000 -0.34743538E+02  0.18873239E+00      0.00000000      0.00000000
  0.03060000 -0.34554150E+02  0.18656605E+00      0.00000000      0.00000000
  0.03080000 -0.34369144E+02  0.18447037E+00      0.00000000      0.00000000
  0.03100000 -0.34185947E+02  0.18238133E+00      0.00000000      0.00000000
  0.03120000 -0.34003822E+02  0.18033423E+00      0.00000000      0.00000000
  0.03140000 -0.33823471E+02  0.17834562E+00      0.00000000      0.00000000
  0.03160000 -0.33646446E+02  0.17641160E+00      0.00000000      0.00000000
  0.03179999 -0.33469719E+02  0.17443943E+00      0.00000000      0.00000000
  0.03200001 -0.33295902E+02  0.17253274E+00      0.00000000      0.00000000
  0.03220000 -0.33124886E+02  0.17067233E+00      0.00000000      0.00000000
  0.03240000 -0.32953762E+02  0.16882032E+00      0.00000000      0.00000000
  0.03260000 -0.32786938E+02  0.16699937E+00      0.00000000      0.00000000
  0.03280000 -0.32621292E+02  0.16520637E+00      0.00000000      0.00000000
  0.03300000 -0.32458611E+02  0.16347507E+00      0.00000000      0.00000000
  0.03320000 -0.32296314E+02  0.16175646E+00      0.00000000      0.00000000
  0.03340000 -0.32135174E+02  0.16003977E+00      0.00000000      0.00000000
  0.03360000 -0.31977741E+02  0.15839128E+00      0.00000000      0.00000000
  0.03380000 -0.31818256E+02  0.15671474E+00      0.00000000      0.00000000
  0.03399999 -0.31660749E+02  0.15509030E+00      0.00000000      0.00000000
  0.03420001 -0.31505230E+02  0.15347178E+00      0.00000000      0.00000000
  0.03440000 -0.31353468E+02  0.15191162E+00      0.00000000      0.00000000
  0.03460000 -0.31201248E+02  0.15037096E+00      0.00000000      0.00000000
  0.03479999 -0.31052814E+02  0.14886601E+00      0.00000000      0.00000000
  0.03500000 -0.30904816E+02  0.14737198E+00      0.00000000      0.00000000
  0.03520000 -0.30759886E+02  0.14589113E+00      0.00000000      0.00000000
  0.03540000 -0.30614151E+02  0.14445511E+00      0.00000000      0.00000000
  0.03560000 -0.30470453E+02  0.14301206E+00      0.00000000      0.00000000
  0.03580000 -0.30327414E+02  0.14158812E+00      0.00000000      0.00000000
  0.03600000 -0.30186508E+02  0.14017993E+00      0.00000000      0.00000000
  0.03619999 -0.30046867E+02  0.13881297E+00      0.00000000      0.00000000
  0.03640000 -0.29907854E+02  0.13746455E+00      0.00000000      0.00000000
  0.03660000 -0.29770290E+02  0.13611637E+00      0.00000000      0.00000000
  0.03680000 -0.29633934E+02  0.13478951E+00      0.00000000      0.00000000
  0.03700000 -0.29498856E+02  0.13348466E+00      0.00000000      0.00000000
  0.03720000 -0.29366280E+02  0.13221136E+00      0.00000000      0.00000000
  0.03740000 -0.29234543E+02  0.13095191E+00      0.00000000      0.00000000
  0.03760000 -0.29104301E+02  0.12971383E+00      0.00000000      0.00000000
  0.03780000 -0.28976166E+02  0.12851807E+00      0.00000000      0.00000000
  0.03800000 -0.28848049E+02  0.12730932E+00      0.00000000      0.00000000
  0.03820000 -0.28722729E+02  0.12612814E+00      0.00000000      0.00000000
  0.03839999 -0.28597082E+02  0.12497240E+00      0.00000000      0.00000000
  0.03860000 -0.28473852E+02  0.12382422E+00      0.00000000      0.00000000
  0.03880000 -0.28351002E+02  0.12269638E+00      0.00000000      0.00000000
  0.03900000 -0.28230030E+02  0.12158725E+00      0.00000000      0.00000000
  0.03920000 -0.28108801E+02  0.12047226E+00      0.00000000      0.00000000
  0.03940000 -0.27989077E+02  0.11938769E+00      0.00000000      0.00000000
  0.03960000 -0.27869358E+02  0.11829887E+00      0.00000000      0.00000000
  0.03980000 -0.27751961E+02  0.11725362E+00      0.00000000      0.00000000
  0.04000000 -0.27635399E+02  0.11619674E+00      0.00000000      0.00000000
  0.04020000 -0.27518684E+02  0.11514352E+00      0.00000000      0.00000000
  0.04040000 -0.27403458E+02  0.11412028E+00      0.00000000      0.00000000
  0.04060000 -0.27289597E+02  0.11311453E+00      0.00000000      0.00000000
  0.04080000 -0.27176754E+02  0.11211248E+00      0.00000000      0.00000000
  0.04100000 -0.27064913E+02  0.11114877E+00      0.00000000      0.00000000
  0.04120000 -0.26955608E+02  0.11018124E+00      0.00000000      0.00000000
  0.04140000 -0.26846251E+02  0.10921995E+00      0.00000000      0.00000000
  0.04160000 -0.26737574E+02  0.10827851E+00      0.00000000      0.00000000
  0.04180000 -0.26629421E+02  0.10735243E+00      0.00000000      0.00000000
  0.04200000 -0.26523443E+02  0.10644890E+00      0.00000000      0.00000000
  0.04220000 -0.26417278E+02  0.10555033E+00      0.00000000      0.00000000
  0.04240000 -0.26311401E+02  0.10464535E+00      0.00000000      0.00000000
  0.04260000 -0.26207989E+02  0.10377248E+00      0.00000000      0.00000000
  0.04280000 -0.26104681E+02  0.10288502E+00      0.00000000      0.00000000
  0.04300000 -0.26003241E+02  0.10203463E+00      0.00000000      0.00000000
  0.04320000 -0.25899984E+02  0.10117277E+00      0.00000000      0.00000000
  0.04340000 -0.25798491E+02  0.10033776E+00      0.00000000      0.00000000
  0.04360000 -0.25697689E+02  0.99488668E-01      0.00000000      0.00000000
  0.04380000 -0.25598379E+02  0.98651975E-01      0.00000000      0.00000000
  0.04400000 -0.25500259E+02  0.97861126E-01      0.00000000      0.00000000
  0.04420000 -0.25403259E+02  0.97051173E-01      0.00000000      0.00000000
  0.04440000 -0.25306273E+02  0.96253052E-01      0.00000000      0.00000000
  0.04460000 -0.25209240E+02  0.95473245E-01      0.00000000      0.00000000
  0.04480000 -0.25115688E+02  0.94718859E-01      0.00000000      0.00000000
  0.04500000 -0.25021749E+02  0.93953274E-01      0.00000000      0.00000000
  0.04520000 -0.24928352E+02  0.93205921E-01      0.00000000      0.00000000
  0.04539999 -0.24836243E+02  0.92460319E-01      0.00000000      0.00000000
  0.04560000 -0.24744156E+02  0.91728680E-01      0.00000000      0.00000000
  0.04580000 -0.24653383E+02  0.91014355E-01      0.00000000      0.00000000
  0.04600000 -0.24561728E+02  0.90285599E-01      0.00000000      0.00000000
  0.04620000 -0.24472097E+02  0.89588150E-01      0.00000000      0.00000000
  0.04640000 -0.24382153E+02  0.88889346E-01      0.00000000      0.00000000
  0.04660000 -0.24293056E+02  0.88190138E-01      0.00000000      0.00000000
  0.04680000 -0.24205128E+02  0.87510213E-01      0.00000000      0.00000000
  0.04700000 -0.24119299E+02  0.86844571E-01      0.00000000      0.00000000
  0.04720000 -0.24032349E+02  0.86166278E-01      0.00000000      0.00000000
  0.04740000 -0.23946035E+02  0.85488498E-01      0.00000000      0.00000000
  0.04759999 -0.23860813E+02  0.84836483E-01      0.00000000      0.00000000
  0.04780000 -0.23775890E+02  0.84205277E-01      0.00000000      0.00000000
  0.04800000 -0.23692184E+02  0.83560348E-01      0.00000000      0.00000000
  0.04820000 -0.23607834E+02  0.82913548E-01      0.00000000      0.00000000
  0.04840000 -0.23526009E+02  0.82301065E-01      0.00000000      0.00000000
  0.04860000 -0.23443798E+02  0.81690133E-01      0.00000000      0.00000000
  0.04880000 -0.23362209E+02  0.81072807E-01      0.00000000      0.00000000
  0.04899999 -0.23281458E+02  0.80477208E-01      0.00000000      0.00000000
  0.04920000 -0.23201557E+02  0.79887107E-01      0.00000000      0.00000000
  0.04940000 -0.23122772E+02  0.79294264E-01      0.00000000      0.00000000
  0.04960000 -0.23044388E+02  0.78718200E-01      0.00000000      0.00000000
  0.04979999 -0.22966333E+02  0.78151479E-01      0.00000000      0.00000000
  0.05000000 -0.22887741E+02  0.77573210E-01      0.00000000      0.00000000
  0.05020000 -0.22811125E+02  0.77005528E-01      0.00000000      0.00000000
  0.05040000 -0.22734989E+02  0.76451704E-01      0.00000000      0.00000000
  0.05060000 -0.22659222E+02  0.75897969E-01      0.00000000      0.00000000
  0.05080000 -0.22583065E+02  0.75353079E-01      0.00000000      0.00000000
  0.05100000 -0.22508287E+02  0.74803978E-01      0.00000000      0.00000000
  0.05119999 -0.22434017E+02  0.74278288E-01      0.00000000      0.00000000
  0.05140000 -0.22359186E+02  0.73743157E-01      0.00000000      0.00000000
  0.05160000 -0.22285952E+02  0.73228955E-01      0.00000000      0.00000000
  0.05180000 -0.22212538E+02  0.72688743E-01      0.00000000      0.00000000
  0.05199999 -0.22139872E+02  0.72184026E-01      0.00000000      0.00000000
  0.05220000 -0.22068218E+02  0.71667723E-01      0.00000000      0.00000000
  0.05240000 -0.21996889E+02  0.71176618E-01      0.00000000      0.00000000
  0.05260000 -0.21925484E+02  0.70678867E-01      0.00000000      0.00000000
  0.05280000 -0.21854815E+02  0.70182025E-01      0.00000000      0.00000000
  0.05300000 -0.21785534E+02  0.69697455E-01      0.00000000      0.00000000
  0.05320000 -0.21714779E+02  0.69202520E-01      0.00000000      0.00000000
  0.05339999 -0.21646063E+02  0.68743631E-01      0.00000000      0.00000000
  0.05360000 -0.21578117E+02  0.68270922E-01      0.00000000      0.00000000
  0.05380000 -0.21511011E+02  0.67810632E-01      0.00000000      0.00000000
  0.05400000 -0.21443796E+02  0.67356110E-01      0.00000000      0.00000000
  0.05420000 -0.21376701E+02  0.66905022E-01      0.00000000      0.00000000
  0.05440000 -0.21309164E+02  0.66440038E-01      0.00000000      0.00000000
  0.05460000 -0.21242867E+02  0.65996639E-01      0.00000000      0.00000000
  0.05480000 -0.21177896E+02  0.65550342E-01      0.00000000      0.00000000
  0.05500000 -0.21112480E+02  0.65119952E-01      0.00000000      0.00000000
  0.05520000 -0.21047287E+02  0.64678848E-01      0.00000000      0.00000000
  0.05540000 -0.20982124E+02  0.64245701E-01      0.00000000      0.00000000
  0.05560000 -0.20918301E+02  0.63818499E-01      0.00000000      0.00000000
  0.05580000 -0.20854248E+02  0.63395448E-01      0.00000000      0.00000000
  0.05600000 -0.20791197E+02  0.62973455E-01      0.00000000      0.00000000
  0.05620000 -0.20728539E+02  0.62561527E-01      0.00000000      0.00000000
  0.05640000 -0.20666574E+02  0.62157586E-01      0.00000000      0.00000000
  0.05660000 -0.20605543E+02  0.61762154E-01      0.00000000      0.00000000
  0.05680000 -0.20544411E+02  0.61360955E-01      0.00000000      0.00000000
  0.05700000 -0.20482883E+02  0.60960703E-01      0.00000000      0.00000000
  0.05720000 -0.20421926E+02  0.60562607E-01      0.00000000      0.00000000
  0.05740000 -0.20361404E+02  0.60169861E-01      0.00000000      0.00000000
  0.05760000 -0.20301361E+02  0.59787512E-01      0.00000000      0.00000000
  0.05780000 -0.20241619E+02  0.59409797E-01      0.00000000      0.00000000
  0.05800000 -0.20183325E+02  0.59034713E-01      0.00000000      0.00000000
  0.05819999 -0.20124414E+02  0.58662049E-01      0.00000000      0.00000000
  0.05840000 -0.20065453E+02  0.58289614E-01      0.00000000      0.00000000
  0.05860000 -0.20006973E+02  0.57918414E-01      0.00000000      0.00000000
  0.05880000 -0.19949259E+02  0.57548184E-01      0.00000000      0.00000000
  0.05900000 -0.19892052E+02  0.57189144E-01      0.00000000      0.00000000
  0.05920000 -0.19835043E+02  0.56836043E-01      0.00000000      0.00000000
  0.05940000 -0.19778559E+02  0.56477502E-01      0.00000000      0.00000000
  0.05960000 -0.19722204E+02  0.56126125E-01      0.00000000      0.00000000
  0.05980000 -0.19665371E+02  0.55773593E-01      0.00000000      0.00000000
  0.06000000 -0.19610245E+02  0.55431500E-01      0.00000000      0.00000000
  0.06020000 -0.19554783E+02  0.55090103E-01      0.00000000      0.00000000
  0.06039999 -0.19499969E+02  0.54748047E-01      0.00000000      0.00000000
  0.06060000 -0.19445122E+02  0.54415211E-01      0.00000000      0.00000000
  0.06080000 -0.19390491E+02  0.54083563E-01      0.00000000      0.00000000
  0.06100000 -0.19336575E+02  0.53751029E-01      0.00000000      0.00000000
  0.06119999 -0.19282591E+02  0.53422973E-01      0.00000000      0.00000000
  0.06140000 -0.19229496E+02  0.53100124E-01      0.00000000      0.00000000
  0.06160000 -0.19176752E+02  0.52781135E-01      0.00000000      0.00000000
  0.06180000 -0.19124294E+02  0.52461535E-01      0.00000000      0.00000000
  0.06200000 -0.19072233E+02  0.52144755E-01      0.00000000      0.00000000
  0.06220000 -0.19020369E+02  0.51837448E-01      0.00000000      0.00000000
  0.06240000 -0.18968739E+02  0.51528029E-01      0.00000000      0.00000000
  0.06259999 -0.18917454E+02  0.51222831E-01      0.00000000      0.00000000
  0.06280001 -0.18866697E+02  0.50924655E-01      0.00000000      0.00000000
  0.06300000 -0.18815437E+02  0.50614387E-01      0.00000000      0.00000000
  0.06320000 -0.18764570E+02  0.50310735E-01      0.00000000      0.00000000
  0.06339999 -0.18714016E+02  0.50018746E-01      0.00000000      0.00000000
  0.06360000 -0.18663912E+02  0.49721174E-01      0.00000000      0.00000000
  0.06380000 -0.18614578E+02  0.49430981E-01      0.00000000      0.00000000
  0.06400000 -0.18565697E+02  0.49150448E-01      0.00000000      0.00000000
  0.06420000 -0.18516336E+02  0.48862793E-01      0.00000000      0.00000000
  0.06440000 -0.18467817E+02  0.48575476E-01      0.00000000      0.00000000
  0.06460000 -0.18419216E+02  0.48289005E-01      0.00000000      0.00000000
  0.06479999 -0.18371380E+02  0.48020720E-01      0.00000000      0.00000000
  0.06500000 -0.18323149E+02  0.47741618E-01      0.00000000      0.00000000
  0.06520000 -0.18275963E+02  0.47474429E-01      0.00000000      0.00000000
  0.06540000 -0.18229191E+02  0.47199611E-01      0.00000000      0.00000000
  0.06559999 -0.18181982E+02  0.46930864E-01      0.00000000      0.00000000
  0.06580000 -0.18135340E+02  0.46678640E-01      0.00000000      0.00000000
  0.06600000 -0.18088898E+02  0.46415061E-01      0.00000000      0.00000000
  0.06620000 -0.18042072E+02  0.46142191E-01      0.00000000      0.00000000
  0.06640000 -0.17996449E+02  0.45883693E-01      0.00000000      0.00000000
  0.06660000 -0.17950890E+02  0.45625683E-01      0.00000000      0.00000000
  0.06680001 -0.17905005E+02  0.45368575E-01      0.00000000      0.00000000
  0.06699999 -0.17859625E+02  0.45117795E-01      0.00000000      0.00000000
  0.06720000 -0.17814720E+02  0.44862855E-01      0.00000000      0.00000000
  0.06739999 -0.17769630E+02  0.44610828E-01      0.00000000      0.00000000
  0.06760000 -0.17725370E+02  0.44370413E-01      0.00000000      0.00000000
  0.06780000 -0.17681122E+02  0.44128750E-01      0.00000000      0.00000000
  0.06800000 -0.17636595E+02  0.43875355E-01      0.00000000      0.00000000
  0.06820000 -0.17593559E+02  0.43642856E-01      0.00000000      0.00000000
  0.06840000 -0.17549803E+02  0.43391898E-01      0.00000000      0.00000000
  0.06859999 -0.17506411E+02  0.43165065E-01      0.00000000      0.00000000
  0.06880000 -0.17463327E+02  0.42924859E-01      0.00000000      0.00000000
  0.06900001 -0.17420443E+02  0.42688847E-01      0.00000000      0.00000000
  0.06919999 -0.17377878E+02  0.42457912E-01      0.00000000      0.00000000
  0.06940000 -0.17335466E+02  0.42226300E-01      0.00000000      0.00000000
  0.06960000 -0.17293312E+02  0.41996725E-01      0.00000000      0.00000000
  0.06980000 -0.17251156E+02  0.41774567E-01      0.00000000      0.00000000
  0.07000000 -0.17209724E+02  0.41552186E-01      0.00000000      0.00000000
  0.07020000 -0.17168455E+02  0.41333616E-01      0.00000000      0.00000000
  0.07040000 -0.17127594E+02  0.41117933E-01      0.00000000      0.00000000
  0.07060000 -0.17086697E+02  0.40898312E-01      0.00000000      0.00000000
  0.07079999 -0.17046206E+02  0.40680259E-01      0.00000000      0.00000000
  0.07099999 -0.17005358E+02  0.40464103E-01      0.00000000      0.00000000
  0.07120001 -0.16965080E+02  0.40245730E-01      0.00000000      0.00000000
  0.07139999 -0.16924519E+02  0.40035211E-01      0.00000000      0.00000000
  0.07160000 -0.16884418E+02  0.39820962E-01      0.00000000      0.00000000
  0.07180000 -0.16844934E+02  0.39613392E-01      0.00000000      0.00000000
  0.07200000 -0.16805149E+02  0.39405376E-01      0.00000000      0.00000000
  0.07220000 -0.16766014E+02  0.39200485E-01      0.00000000      0.00000000
  0.07239999 -0.16727104E+02  0.38990557E-01      0.00000000      0.00000000
  0.07260000 -0.16688074E+02  0.38796667E-01      0.00000000      0.00000000
  0.07280000 -0.16649019E+02  0.38592525E-01      0.00000000      0.00000000
  0.07299999 -0.16610317E+02  0.38391475E-01      0.00000000      0.00000000
  0.07319999 -0.16572025E+02  0.38200621E-01      0.00000000      0.00000000
  0.07340001 -0.16533957E+02  0.38003240E-01      0.00000000      0.00000000
  0.07359999 -0.16496365E+02  0.37808340E-01      0.00000000      0.00000000
  0.07380000 -0.16458586E+02  0.37611838E-01      0.00000000      0.00000000
  0.07400000 -0.16420986E+02  0.37423838E-01      0.00000000      0.00000000
  0.07420000 -0.16383226E+02  0.37227977E-01      0.00000000      0.00000000
  0.07440000 -0.16346394E+02  0.37038472E-01      0.00000000      0.00000000
  0.07460000 -0.16309740E+02  0.36853950E-01      0.00000000      0.00000000
  0.07480000 -0.16273071E+02  0.36664147E-01      0.00000000      0.00000000
  0.07500000 -0.16236689E+02  0.36482174E-01      0.00000000      0.00000000
  0.07519999 -0.16200695E+02  0.36298566E-01      0.00000000      0.00000000
  0.07539999 -0.16164801E+02  0.36118187E-01      0.00000000      0.00000000
  0.07560000 -0.16128460E+02  0.35937916E-01      0.00000000      0.00000000
  0.07579999 -0.16092499E+02  0.35754457E-01      0.00000000      0.00000000
  0.07600000 -0.16057016E+02  0.35582177E-01      0.00000000      0.00000000
  0.07620000 -0.16021183E+02  0.35403550E-01      0.00000000      0.00000000
  0.07640000 -0.15985471E+02  0.35226949E-01      0.00000000      0.00000000
  0.07660000 -0.15951020E+02  0.35052035E-01      0.00000000      0.00000000
  0.07680000 -0.15916137E+02  0.34881696E-01      0.00000000      0.00000000
  0.07699999 -0.15881272E+02  0.34710478E-01      0.00000000      0.00000000
  0.07720000 -0.15846463E+02  0.34544099E-01      0.00000000      0.00000000
  0.07739999 -0.15812078E+02  0.34376916E-01      0.00000000      0.00000000
  0.07759999 -0.15777631E+02  0.34203317E-01      0.00000000      0.00000000
  0.07780000 -0.15743201E+02  0.34039348E-01      0.00000000      0.00000000
  0.07799999 -0.15709020E+02  0.33868928E-01      0.00000000      0.00000000
  0.07820000 -0.15675259E+02  0.33703618E-01      0.00000000      0.00000000
  0.07840000 -0.15641890E+02  0.33539291E-01      0.00000000      0.00000000
  0.07860000 -0.15608404E+02  0.33380955E-01      0.00000000      0.00000000
  0.07880000 -0.15575241E+02  0.33222578E-01      0.00000000      0.00000000
  0.07900000 -0.15541891E+02  0.33061653E-01      0.00000000      0.00000000
  0.07919999 -0.15508692E+02  0.32900166E-01      0.00000000      0.00000000
  0.07940000 -0.15475920E+02  0.32748748E-01      0.00000000      0.00000000
  0.07960001 -0.15443807E+02  0.32591850E-01      0.00000000      0.00000000
  0.07979999 -0.15411301E+02  0.32438260E-01      0.00000000      0.00000000
