 -0.04000000  0.36353951E+02  0.24237065E+00      0.00000000      0.00000000
 -0.03980000  0.36598839E+02  0.24557865E+00      0.00000000      0.00000000
 -0.03960000  0.36845860E+02  0.24884386E+00      0.00000000      0.00000000
 -0.03940000  0.37094910E+02  0.25211805E+00      0.00000000      0.00000000
 -0.03920000  0.37349617E+02  0.25550315E+00      0.00000000      0.00000000
 -0.03900000  0.37609089E+02  0.25899601E+00      0.00000000      0.00000000
 -0.03880000  0.37869118E+02  0.26254794E+00      0.00000000      0.00000000
 -0.03860000  0.38134174E+02  0.26615834E+00      0.00000000      0.00000000
 -0.03840000  0.38401047E+02  0.26979405E+00      0.00000000      0.00000000
 -0.03820000  0.38670559E+02  0.27353537E+00      0.00000000      0.00000000
 -0.03800000  0.38946823E+02  0.27741510E+00      0.00000000      0.00000000
 -0.03780000  0.39224026E+02  0.28127021E+00      0.00000000      0.00000000
 -0.03760000  0.39506683E+02  0.28527984E+00      0.00000000      0.00000000
 -0.03740000  0.39792831E+02  0.28932896E+00      0.00000000      0.00000000
 -0.03720000  0.40083046E+02  0.29350612E+00      0.00000000      0.00000000
 -0.03700000  0.40380230E+02  0.29782334E+00      0.00000000      0.00000000
 -0.03680000  0.40680141E+02  0.30216181E+00      0.00000000      0.00000000
 -0.03660000  0.40985088E+02  0.30665535E+00      0.00000000      0.00000000
 -0.03640000  0.41297165E+02  0.31127584E+00      0.00000000      0.00000000
 -0.03620000  0.41612759E+02  0.31595844E+00      0.00000000      0.00000000
 -0.03600000  0.41932892E+02  0.32078931E+00      0.00000000      0.00000000
 -0.03580000  0.42258335E+02  0.32571757E+00      0.00000000      0.00000000
 -0.03560000  0.42582073E+02  0.33064529E+00      0.00000000      0.00000000
 -0.03540000  0.42915024E+02  0.33577219E+00      0.00000000      0.00000000
 -0.03520000  0.43251396E+02  0.34098783E+00      0.00000000      0.00000000
 -0.03500000  0.43593910E+02  0.34633821E+00      0.00000000      0.00000000
 -0.03480000  0.43941147E+02  0.35181513E+00      0.00000000      0.00000000
 -0.03460000  0.44298996E+02  0.35750061E+00      0.00000000      0.00000000
 -0.03440000  0.44656967E+02  0.36325437E+00      0.00000000      0.00000000
 -0.03420000  0.45019928E+02  0.36907580E+00      0.00000000      0.00000000
 -0.03400000  0.45392723E+02  0.37515861E+00      0.00000000      0.00000000
 -0.03380000  0.45775146E+02  0.38145369E+00      0.00000000      0.00000000
 -0.03360000  0.46160728E+02  0.38783380E+00      0.00000000      0.00000000
 -0.03340000  0.46551292E+02  0.39434576E+00      0.00000000      0.00000000
 -0.03320000  0.46953556E+02  0.40115398E+00      0.00000000      0.00000000
 -0.03300000  0.47357742E+02  0.40800726E+00      0.00000000      0.00000000
 -0.03280000  0.47763985E+02  0.41497886E+00      0.00000000      0.00000000
 -0.03260000  0.48184517E+02  0.42228585E+00      0.00000000      0.00000000
 -0.03240000  0.48612953E+02  0.42975259E+00      0.00000000      0.00000000
 -0.03220000  0.49046677E+02  0.43744379E+00      0.00000000      0.00000000
 -0.03200000  0.49484245E+02  0.44523087E+00      0.00000000      0.00000000
 -0.03180000  0.49932064E+02  0.45330113E+00      0.00000000      0.00000000
 -0.03160000  0.50388657E+02  0.46157458E+00      0.00000000      0.00000000
 -0.03140000  0.50850498E+02  0.47005779E+00      0.00000000      0.00000000
 -0.03120000  0.51325924E+02  0.47888079E+00      0.00000000      0.00000000
 -0.03100000  0.51808815E+02  0.48793057E+00      0.00000000      0.00000000
 -0.03080000  0.52310455E+02  0.49735537E+00      0.00000000      0.00000000
 -0.03060000  0.52817425E+02  0.50700986E+00      0.00000000      0.00000000
 -0.03040000  0.53329479E+02  0.51690233E+00      0.00000000      0.00000000
 -0.03020000  0.53846092E+02  0.52696145E+00      0.00000000      0.00000000
 -0.03000000  0.54380547E+02  0.53750163E+00      0.00000000      0.00000000
 -0.02980000  0.54927055E+02  0.54838198E+00      0.00000000      0.00000000
 -0.02960000  0.55478073E+02  0.55943674E+00      0.00000000      0.00000000
 -0.02940000  0.56042774E+02  0.57092178E+00      0.00000000      0.00000000
 -0.02920000  0.56614792E+02  0.58263248E+00      0.00000000      0.00000000
 -0.02900000  0.57198704E+02  0.59481204E+00      0.00000000      0.00000000
 -0.02880000  0.57803997E+02  0.60752004E+00      0.00000000      0.00000000
 -0.02860000  0.58414719E+02  0.62050098E+00      0.00000000      0.00000000
 -0.02840000  0.59046101E+02  0.63403487E+00      0.00000000      0.00000000
 -0.02820000  0.59692760E+02  0.64809537E+00      0.00000000      0.00000000
 -0.02800000  0.60343788E+02  0.66246688E+00      0.00000000      0.00000000
 -0.02780000  0.61006340E+02  0.67722845E+00      0.00000000      0.00000000
 -0.02760000  0.61687366E+02  0.69256264E+00      0.00000000      0.00000000
 -0.02740000  0.62381851E+02  0.70843261E+00      0.00000000      0.00000000
 -0.02720000  0.63097374E+02  0.72497487E+00      0.00000000      0.00000000
 -0.02700000  0.63838463E+02  0.74228954E+00      0.00000000      0.00000000
 -0.02680000  0.64587387E+02  0.76001859E+00      0.00000000      0.00000000
 -0.02660000  0.65355270E+02  0.77847636E+00      0.00000000      0.00000000
 -0.02640000  0.66143448E+02  0.79768199E+00      0.00000000      0.00000000
 -0.02620000  0.66952362E+02  0.81765515E+00      0.00000000      0.00000000
 -0.02600000  0.67769943E+02  0.83809340E+00      0.00000000      0.00000000
 -0.02580000  0.68615379E+02  0.85953903E+00      0.00000000      0.00000000
 -0.02560000  0.69496185E+02  0.88217700E+00      0.00000000      0.00000000
 -0.02540000  0.70390114E+02  0.90550727E+00      0.00000000      0.00000000
 -0.02520000  0.71305878E+02  0.92977053E+00      0.00000000      0.00000000
 -0.02500000  0.72242081E+02  0.95494640E+00      0.00000000      0.00000000
 -0.02480000  0.73224518E+02  0.98169184E+00      0.00000000      0.00000000
 -0.02460000  0.74221878E+02  0.10092709E+01      0.00000000      0.00000000
 -0.02440000  0.75230293E+02  0.10376786E+01      0.00000000      0.00000000
 -0.02420000  0.76277359E+02  0.10676422E+01      0.00000000      0.00000000
 -0.02400000  0.77363297E+02  0.10991359E+01      0.00000000      0.00000000
 -0.02380000  0.78482285E+02  0.11322453E+01      0.00000000      0.00000000
 -0.02360000  0.79620308E+02  0.11663772E+01      0.00000000      0.00000000
 -0.02340000  0.80793625E+02  0.12022829E+01      0.00000000      0.00000000
 -0.02320000  0.82027054E+02  0.12405944E+01      0.00000000      0.00000000
 -0.02300000  0.83299210E+02  0.12808436E+01      0.00000000      0.00000000
 -0.02280000  0.84597504E+02  0.13227258E+01      0.00000000      0.00000000
 -0.02260000  0.85943726E+02  0.13669863E+01      0.00000000      0.00000000
 -0.02240000  0.87345695E+02  0.14139494E+01      0.00000000      0.00000000
 -0.02220000  0.88779465E+02  0.14629929E+01      0.00000000      0.00000000
 -0.02200000  0.90254822E+02  0.15144272E+01      0.00000000      0.00000000
 -0.02180000  0.91787857E+02  0.15689898E+01      0.00000000      0.00000000
 -0.02160000  0.93402313E+02  0.16277349E+01      0.00000000      0.00000000
 -0.02140000  0.95063072E+02  0.16894641E+01      0.00000000      0.00000000
 -0.02120000  0.96784615E+02  0.17548492E+01      0.00000000      0.00000000
 -0.02100000  0.98563614E+02  0.18239759E+01      0.00000000      0.00000000
 -0.02080000  0.10041325E+03  0.18976122E+01      0.00000000      0.00000000
 -0.02060000  0.10235606E+03  0.19767658E+01      0.00000000      0.00000000
 -0.02040000  0.10436136E+03  0.20604873E+01      0.00000000      0.00000000
 -0.02020000  0.10643434E+03  0.21493835E+01      0.00000000      0.00000000
 -0.02000000  0.10864835E+03  0.22467813E+01      0.00000000      0.00000000
 -0.01980000  0.11095562E+03  0.23511319E+01      0.00000000      0.00000000
 -0.01960000  0.11336783E+03  0.24634266E+01      0.00000000      0.00000000
 -0.01940000  0.11589600E+03  0.25844877E+01      0.00000000      0.00000000
 -0.01920000  0.11853789E+03  0.27149804E+01      0.00000000      0.00000000
 -0.01900000  0.12129037E+03  0.28553317E+01      0.00000000      0.00000000
 -0.01880000  0.12425428E+03  0.30112748E+01      0.00000000      0.00000000
 -0.01860000  0.12735567E+03  0.31804056E+01      0.00000000      0.00000000
 -0.01840000  0.13065390E+03  0.33665457E+01      0.00000000      0.00000000
 -0.01820000  0.13413489E+03  0.35703325E+01      0.00000000      0.00000000
 -0.01800000  0.13780908E+03  0.37940903E+01      0.00000000      0.00000000
 -0.01780000  0.14168872E+03  0.40399728E+01      0.00000000      0.00000000
 -0.01760000  0.14583441E+03  0.43139191E+01      0.00000000      0.00000000
 -0.01740000  0.15028922E+03  0.46214857E+01      0.00000000      0.00000000
 -0.01720000  0.15510901E+03  0.49704647E+01      0.00000000      0.00000000
 -0.01700000  0.16026903E+03  0.53630996E+01      0.00000000      0.00000000
 -0.01680000  0.16580949E+03  0.58070517E+01      0.00000000      0.00000000
 -0.01660000  0.17180754E+03  0.63148603E+01      0.00000000      0.00000000
 -0.01640000  0.17837202E+03  0.69036150E+01      0.00000000      0.00000000
 -0.01620000  0.18558746E+03  0.75925684E+01      0.00000000      0.00000000
 -0.01600000  0.19350069E+03  0.84004297E+01      0.00000000      0.00000000
 -0.01580000  0.20226668E+03  0.93605995E+01      0.00000000      0.00000000
 -0.01560000  0.21212982E+03  0.10527011E+02      0.00000000      0.00000000
 -0.01540000  0.22334268E+03  0.11968300E+02      0.00000000      0.00000000
 -0.01520000  0.23597606E+03  0.13745235E+02      0.00000000      0.00000000
 -0.01500000  0.25036542E+03  0.15976295E+02      0.00000000      0.00000000
 -0.01480000  0.26730164E+03  0.18897797E+02      0.00000000      0.00000000
 -0.01460000  0.28773096E+03  0.22868322E+02      0.00000000      0.00000000
 -0.01440000  0.31289368E+03  0.28463623E+02      0.00000000      0.00000000
 -0.01420000  0.34423773E+03  0.36586906E+02      0.00000000      0.00000000
 -0.01400000  0.38449554E+03  0.49024727E+02      0.00000000      0.00000000
 -0.01380000  0.43855267E+03  0.69588303E+02      0.00000000      0.00000000
 -0.01360000  0.51492944E+03  0.10715213E+03      0.00000000      0.00000000
 -0.01340000  0.62998352E+03  0.18720074E+03      0.00000000      0.00000000
 -0.01320000  0.80303320E+03  0.40127905E+03      0.00000000      0.00000000
 -0.01300000  0.82957666E+03  0.10334097E+04      0.00000000      0.00000000
 -0.01280000 -0.29414282E+03  0.13106030E+04      0.00000000      0.00000000
 -0.01260000 -0.52588959E+03  0.51842877E+03      0.00000000      0.00000000
 -0.01240000 -0.34493951E+03  0.23020581E+03      0.00000000      0.00000000
 -0.01220000 -0.21117493E+03  0.12817128E+03      0.00000000      0.00000000
 -0.01200000 -0.11960071E+03  0.83074577E+02      0.00000000      0.00000000
 -0.01180000 -0.54402161E+02  0.60695511E+02      0.00000000      0.00000000
 -0.01160000 -0.23163929E+01  0.48166405E+02      0.00000000      0.00000000
 -0.01140000  0.39807167E+02  0.41392735E+02      0.00000000      0.00000000
 -0.01120000  0.77977402E+02  0.37789093E+02      0.00000000      0.00000000
 -0.01100000  0.11387018E+03  0.36521572E+02      0.00000000      0.00000000
 -0.01080000  0.15021114E+03  0.37219551E+02      0.00000000      0.00000000
 -0.01060000  0.18798378E+03  0.39917950E+02      0.00000000      0.00000000
 -0.01040000  0.22987608E+03  0.45095924E+02      0.00000000      0.00000000
 -0.01020000  0.27724463E+03  0.53545605E+02      0.00000000      0.00000000
 -0.01000000  0.33472125E+03  0.67474472E+02      0.00000000      0.00000000
 -0.00980000  0.40956503E+03  0.91813278E+02      0.00000000      0.00000000
 -0.00960000  0.51030740E+03  0.13691510E+03      0.00000000      0.00000000
 -0.00940000  0.65617810E+03  0.23448161E+03      0.00000000      0.00000000
 -0.00920000  0.85890710E+03  0.49621118E+03      0.00000000      0.00000000
 -0.00900000  0.79800653E+03  0.12281472E+04      0.00000000      0.00000000
 -0.00880000 -0.33082782E+03  0.12379424E+04      0.00000000      0.00000000
 -0.00860000 -0.35855225E+03  0.54465625E+03      0.00000000      0.00000000
 -0.00840000 -0.90543121E+02  0.34281326E+03      0.00000000      0.00000000
 -0.00820000  0.17064929E+03  0.37511713E+03      0.00000000      0.00000000
 -0.00800000  0.42345905E+03  0.69822864E+03      0.00000000      0.00000000
 -0.00780000 -0.29204826E+01  0.14908950E+04      0.00000000      0.00000000
 -0.00760000 -0.93150342E+03  0.91125519E+03      0.00000000      0.00000000
 -0.00740000 -0.79347461E+03  0.37410052E+03      0.00000000      0.00000000
 -0.00720000 -0.60862244E+03  0.19273459E+03      0.00000000      0.00000000
 -0.00700000 -0.48100012E+03  0.11868369E+03      0.00000000      0.00000000
 -0.00680000 -0.39014655E+03  0.81930305E+02      0.00000000      0.00000000
 -0.00660000 -0.32344070E+03  0.61877670E+02      0.00000000      0.00000000
 -0.00640000 -0.26983215E+03  0.49687099E+02      0.00000000      0.00000000
 -0.00620000 -0.22523495E+03  0.42107819E+02      0.00000000      0.00000000
 -0.00600000 -0.18632913E+03  0.37473049E+02      0.00000000      0.00000000
 -0.00580000 -0.15103830E+03  0.34957092E+02      0.00000000      0.00000000
 -0.00560000 -0.11691034E+03  0.34128067E+02      0.00000000      0.00000000
 -0.00540000 -0.82963890E+02  0.35011421E+02      0.00000000      0.00000000
 -0.00520000 -0.47448288E+02  0.37866234E+02      0.00000000      0.00000000
 -0.00500000 -0.88281975E+01  0.43272247E+02      0.00000000      0.00000000
 -0.00480000  0.36589012E+02  0.52768509E+02      0.00000000      0.00000000
 -0.00460000  0.93810837E+02  0.69688217E+02      0.00000000      0.00000000
 -0.00440000  0.17146899E+03  0.10194044E+03      0.00000000      0.00000000
 -0.00420000  0.28101642E+03  0.16834966E+03      0.00000000      0.00000000
 -0.00400000  0.44234973E+03  0.33249969E+03      0.00000000      0.00000000
 -0.00380000  0.57418506E+03  0.83456079E+03      0.00000000      0.00000000
 -0.00360000 -0.32554022E+03  0.14769374E+04      0.00000000      0.00000000
 -0.00340000 -0.89370337E+03  0.66817249E+03      0.00000000      0.00000000
 -0.00320000 -0.72151294E+03  0.27490182E+03      0.00000000      0.00000000
 -0.00300000 -0.57403174E+03  0.14236935E+03      0.00000000      0.00000000
 -0.00280000 -0.47832352E+03  0.86767426E+02      0.00000000      0.00000000
 -0.00260000 -0.41324582E+03  0.58665936E+02      0.00000000      0.00000000
 -0.00240000 -0.36614618E+03  0.42511238E+02      0.00000000      0.00000000
 -0.00220000 -0.33099030E+03  0.32531670E+02      0.00000000      0.00000000
 -0.00200000 -0.30249747E+03  0.25656090E+02      0.00000000      0.00000000
 -0.00180000 -0.27996454E+03  0.20944874E+02      0.00000000      0.00000000
 -0.00160000 -0.26131262E+03  0.17503561E+02      0.00000000      0.00000000
 -0.00140000 -0.24536819E+03  0.14878197E+02      0.00000000      0.00000000
 -0.00120000 -0.23173299E+03  0.12852430E+02      0.00000000      0.00000000
 -0.00100000 -0.21991359E+03  0.11253785E+02      0.00000000      0.00000000
 -0.00080000 -0.20939632E+03  0.99479666E+01      0.00000000      0.00000000
 -0.00060000 -0.19998555E+03  0.88701620E+01      0.00000000      0.00000000
 -0.00040000 -0.19165054E+03  0.79846153E+01      0.00000000      0.00000000
 -0.00020000 -0.18413516E+03  0.72389960E+01      0.00000000      0.00000000
  0.00000000 -0.17731381E+03  0.66042781E+01      0.00000000      0.00000000
  0.00020000 -0.17103304E+03  0.60538349E+01      0.00000000      0.00000000
  0.00040000 -0.16525333E+03  0.55756702E+01      0.00000000      0.00000000
  0.00060000 -0.15987543E+03  0.51537733E+01      0.00000000      0.00000000
  0.00080000 -0.15492654E+03  0.47848949E+01      0.00000000      0.00000000
  0.00100000 -0.15036865E+03  0.44613585E+01      0.00000000      0.00000000
  0.00120000 -0.14601575E+03  0.41657481E+01      0.00000000      0.00000000
  0.00140000 -0.14199304E+03  0.39045296E+01      0.00000000      0.00000000
  0.00160000 -0.13821896E+03  0.36691747E+01      0.00000000      0.00000000
  0.00180000 -0.13467041E+03  0.34565830E+01      0.00000000      0.00000000
  0.00200000 -0.13131686E+03  0.32631369E+01      0.00000000      0.00000000
  0.00220000 -0.12812456E+03  0.30856276E+01      0.00000000      0.00000000
  0.00240000 -0.12513908E+03  0.29254055E+01      0.00000000      0.00000000
  0.00260000 -0.12230656E+03  0.27781487E+01      0.00000000      0.00000000
  0.00280000 -0.11958754E+03  0.26415215E+01      0.00000000      0.00000000
  0.00300000 -0.11702507E+03  0.25165634E+01      0.00000000      0.00000000
  0.00320000 -0.11457663E+03  0.24006500E+01      0.00000000      0.00000000
  0.00340000 -0.11223547E+03  0.22929382E+01      0.00000000      0.00000000
  0.00360000 -0.11000864E+03  0.21935425E+01      0.00000000      0.00000000
  0.00380000 -0.10787769E+03  0.21007080E+01      0.00000000      0.00000000
  0.00400000 -0.10581685E+03  0.20132446E+01      0.00000000      0.00000000
  0.00420000 -0.10385271E+03  0.19319611E+01      0.00000000      0.00000000
  0.00440000 -0.10196454E+03  0.18559036E+01      0.00000000      0.00000000
  0.00460000 -0.10014938E+03  0.17844620E+01      0.00000000      0.00000000
  0.00480000 -0.98394676E+02  0.17169971E+01      0.00000000      0.00000000
  0.00500000 -0.96718033E+02  0.16539097E+01      0.00000000      0.00000000
  0.00520000 -0.95096153E+02  0.15942020E+01      0.00000000      0.00000000
  0.00540000 -0.93541847E+02  0.15382538E+01      0.00000000      0.00000000
  0.00560000 -0.92018646E+02  0.14843864E+01      0.00000000      0.00000000
  0.00580000 -0.90554161E+02  0.14337559E+01      0.00000000      0.00000000
  0.00600000 -0.89138000E+02  0.13858624E+01      0.00000000      0.00000000
  0.00620000 -0.87762878E+02  0.13401680E+01      0.00000000      0.00000000
  0.00640000 -0.86466927E+02  0.12979870E+01      0.00000000      0.00000000
  0.00660000 -0.85183861E+02  0.12569523E+01      0.00000000      0.00000000
  0.00680000 -0.83929520E+02  0.12176285E+01      0.00000000      0.00000000
  0.00700000 -0.82733215E+02  0.11807480E+01      0.00000000      0.00000000
  0.00720000 -0.81580994E+02  0.11458130E+01      0.00000000      0.00000000
  0.00740000 -0.80452209E+02  0.11121521E+01      0.00000000      0.00000000
  0.00760000 -0.79351471E+02  0.10798950E+01      0.00000000      0.00000000
  0.00780000 -0.78288361E+02  0.10492554E+01      0.00000000      0.00000000
  0.00800000 -0.77246017E+02  0.10197449E+01      0.00000000      0.00000000
  0.00820000 -0.76247726E+02  0.99188232E+00      0.00000000      0.00000000
  0.00840000 -0.75269600E+02  0.96498108E+00      0.00000000      0.00000000
  0.00860000 -0.74313156E+02  0.93902588E+00      0.00000000      0.00000000
  0.00880000 -0.73391655E+02  0.91461182E+00      0.00000000      0.00000000
  0.00900000 -0.72489105E+02  0.89086914E+00      0.00000000      0.00000000
  0.00920000 -0.71608734E+02  0.86798096E+00      0.00000000      0.00000000
  0.00940000 -0.70754883E+02  0.84614563E+00      0.00000000      0.00000000
  0.00960000 -0.69926361E+02  0.82527161E+00      0.00000000      0.00000000
  0.00980000 -0.69112686E+02  0.80518723E+00      0.00000000      0.00000000
  0.01000000 -0.68315994E+02  0.78570557E+00      0.00000000      0.00000000
  0.01020000 -0.67534821E+02  0.76675224E+00      0.00000000      0.00000000
  0.01040000 -0.66779953E+02  0.74876022E+00      0.00000000      0.00000000
  0.01060000 -0.66039009E+02  0.73130989E+00      0.00000000      0.00000000
  0.01080000 -0.65311218E+02  0.71441650E+00      0.00000000      0.00000000
  0.01100000 -0.64606979E+02  0.69823265E+00      0.00000000      0.00000000
  0.01120000 -0.63918320E+02  0.68258476E+00      0.00000000      0.00000000
  0.01140000 -0.63244480E+02  0.66749382E+00      0.00000000      0.00000000
  0.01160000 -0.62585972E+02  0.65297318E+00      0.00000000      0.00000000
  0.01180000 -0.61941032E+02  0.63889313E+00      0.00000000      0.00000000
  0.01200000 -0.61308876E+02  0.62521362E+00      0.00000000      0.00000000
  0.01220000 -0.60691048E+02  0.61202240E+00      0.00000000      0.00000000
  0.01240000 -0.60081955E+02  0.59911346E+00      0.00000000      0.00000000
  0.01260000 -0.59489594E+02  0.58670044E+00      0.00000000      0.00000000
  0.01280000 -0.58907860E+02  0.57476807E+00      0.00000000      0.00000000
  0.01300000 -0.58340302E+02  0.56317139E+00      0.00000000      0.00000000
  0.01320000 -0.57781464E+02  0.55191040E+00      0.00000000      0.00000000
  0.01340000 -0.57236633E+02  0.54103851E+00      0.00000000      0.00000000
  0.01360000 -0.56706253E+02  0.53052139E+00      0.00000000      0.00000000
  0.01380000 -0.56181046E+02  0.52023315E+00      0.00000000      0.00000000
  0.01400000 -0.55663818E+02  0.51027679E+00      0.00000000      0.00000000
  0.01420000 -0.55159073E+02  0.50058174E+00      0.00000000      0.00000000
  0.01440000 -0.54659683E+02  0.49110603E+00      0.00000000      0.00000000
  0.01460000 -0.54174553E+02  0.48199558E+00      0.00000000      0.00000000
  0.01480000 -0.53687592E+02  0.47288227E+00      0.00000000      0.00000000
  0.01500000 -0.53216110E+02  0.46416521E+00      0.00000000      0.00000000
  0.01520000 -0.52759201E+02  0.45589352E+00      0.00000000      0.00000000
  0.01540000 -0.52307716E+02  0.44777489E+00      0.00000000      0.00000000
  0.01560000 -0.51871643E+02  0.43998289E+00      0.00000000      0.00000000
  0.01580000 -0.51433357E+02  0.43220520E+00      0.00000000      0.00000000
  0.01600000 -0.51006210E+02  0.42470264E+00      0.00000000      0.00000000
  0.01619999 -0.50584541E+02  0.41738319E+00      0.00000000      0.00000000
  0.01640000 -0.50171165E+02  0.41027308E+00      0.00000000      0.00000000
  0.01660000 -0.49762630E+02  0.40330076E+00      0.00000000      0.00000000
  0.01680000 -0.49361526E+02  0.39647079E+00      0.00000000      0.00000000
  0.01700000 -0.48970932E+02  0.38992572E+00      0.00000000      0.00000000
  0.01720000 -0.48581421E+02  0.38344717E+00      0.00000000      0.00000000
  0.01740000 -0.48200142E+02  0.37716198E+00      0.00000000      0.00000000
  0.01760000 -0.47827164E+02  0.37107337E+00      0.00000000      0.00000000
  0.01780000 -0.47457661E+02  0.36510026E+00      0.00000000      0.00000000
  0.01800000 -0.47094028E+02  0.35923219E+00      0.00000000      0.00000000
  0.01820000 -0.46738445E+02  0.35359371E+00      0.00000000      0.00000000
  0.01840000 -0.46391045E+02  0.34807885E+00      0.00000000      0.00000000
  0.01860000 -0.46046814E+02  0.34266186E+00      0.00000000      0.00000000
  0.01880000 -0.45707790E+02  0.33740604E+00      0.00000000      0.00000000
  0.01900000 -0.45370655E+02  0.33219564E+00      0.00000000      0.00000000
  0.01920000 -0.45040482E+02  0.32715595E+00      0.00000000      0.00000000
  0.01940000 -0.44714481E+02  0.32224917E+00      0.00000000      0.00000000
  0.01960000 -0.44390274E+02  0.31729221E+00      0.00000000      0.00000000
  0.01980000 -0.44075497E+02  0.31261635E+00      0.00000000      0.00000000
  0.02000000 -0.43766937E+02  0.30800909E+00      0.00000000      0.00000000
  0.02020000 -0.43460232E+02  0.30351609E+00      0.00000000      0.00000000
  0.02040000 -0.43159866E+02  0.29912162E+00      0.00000000      0.00000000
  0.02060000 -0.42860928E+02  0.29477602E+00      0.00000000      0.00000000
  0.02080000 -0.42567200E+02  0.29057914E+00      0.00000000      0.00000000
  0.02100000 -0.42279556E+02  0.28646803E+00      0.00000000      0.00000000
  0.02120000 -0.41993198E+02  0.28242415E+00      0.00000000      0.00000000
  0.02140000 -0.41714546E+02  0.27849370E+00      0.00000000      0.00000000
  0.02160000 -0.41438202E+02  0.27462751E+00      0.00000000      0.00000000
  0.02180000 -0.41166489E+02  0.27088481E+00      0.00000000      0.00000000
  0.02200000 -0.40898666E+02  0.26716971E+00      0.00000000      0.00000000
  0.02220000 -0.40634605E+02  0.26354027E+00      0.00000000      0.00000000
  0.02240000 -0.40373352E+02  0.26000690E+00      0.00000000      0.00000000
  0.02260000 -0.40114799E+02  0.25653511E+00      0.00000000      0.00000000
  0.02280000 -0.39859871E+02  0.25311804E+00      0.00000000      0.00000000
  0.02300000 -0.39608551E+02  0.24981785E+00      0.00000000      0.00000000
  0.02320000 -0.39360641E+02  0.24652061E+00      0.00000000      0.00000000
  0.02340000 -0.39112820E+02  0.24324694E+00      0.00000000      0.00000000
  0.02360000 -0.38873138E+02  0.24013701E+00      0.00000000      0.00000000
  0.02380000 -0.38635056E+02  0.23702908E+00      0.00000000      0.00000000
  0.02400000 -0.38396614E+02  0.23395807E+00      0.00000000      0.00000000
  0.02420000 -0.38164497E+02  0.23098016E+00      0.00000000      0.00000000
  0.02440000 -0.37937523E+02  0.22816199E+00      0.00000000      0.00000000
  0.02460000 -0.37709343E+02  0.22526753E+00      0.00000000      0.00000000
  0.02480000 -0.37483505E+02  0.22244757E+00      0.00000000      0.00000000
  0.02500000 -0.37262596E+02  0.21963704E+00      0.00000000      0.00000000
  0.02520000 -0.37044121E+02  0.21697703E+00      0.00000000      0.00000000
  0.02540000 -0.36828560E+02  0.21432084E+00      0.00000000      0.00000000
  0.02560000 -0.36614979E+02  0.21171889E+00      0.00000000      0.00000000
  0.02580000 -0.36407150E+02  0.20920968E+00      0.00000000      0.00000000
  0.02600000 -0.36199272E+02  0.20671731E+00      0.00000000      0.00000000
  0.02620000 -0.35993931E+02  0.20426509E+00      0.00000000      0.00000000
  0.02640000 -0.35788181E+02  0.20180199E+00      0.00000000      0.00000000
  0.02660000 -0.35589661E+02  0.19943875E+00      0.00000000      0.00000000
  0.02680000 -0.35390373E+02  0.19707558E+00      0.00000000      0.00000000
  0.02700000 -0.35194160E+02  0.19479346E+00      0.00000000      0.00000000
  0.02720000 -0.35003006E+02  0.19255841E+00      0.00000000      0.00000000
  0.02740000 -0.34812351E+02  0.19036278E+00      0.00000000      0.00000000
  0.02760000 -0.34622719E+02  0.18816155E+00      0.00000000      0.00000000
  0.02780000 -0.34434666E+02  0.18601701E+00      0.00000000      0.00000000
  0.02800000 -0.34249794E+02  0.18391265E+00      0.00000000      0.00000000
  0.02820000 -0.34068520E+02  0.18187083E+00      0.00000000      0.00000000
  0.02840000 -0.33887985E+02  0.17985809E+00      0.00000000      0.00000000
  0.02860000 -0.33710213E+02  0.17786849E+00      0.00000000      0.00000000
  0.02880000 -0.33533669E+02  0.17590676E+00      0.00000000      0.00000000
  0.02900000 -0.33357315E+02  0.17395671E+00      0.00000000      0.00000000
  0.02920000 -0.33185783E+02  0.17209803E+00      0.00000000      0.00000000
  0.02940000 -0.33012585E+02  0.17021586E+00      0.00000000      0.00000000
  0.02959999 -0.32843834E+02  0.16838712E+00      0.00000000      0.00000000
  0.02980000 -0.32676544E+02  0.16655996E+00      0.00000000      0.00000000
  0.03000000 -0.32510162E+02  0.16474518E+00      0.00000000      0.00000000
  0.03020000 -0.32348061E+02  0.16300373E+00      0.00000000      0.00000000
  0.03040000 -0.32186775E+02  0.16129336E+00      0.00000000      0.00000000
  0.03060000 -0.32027145E+02  0.15960592E+00      0.00000000      0.00000000
  0.03080000 -0.31866234E+02  0.15791962E+00      0.00000000      0.00000000
  0.03100000 -0.31710007E+02  0.15630874E+00      0.00000000      0.00000000
  0.03120000 -0.31554411E+02  0.15466918E+00      0.00000000      0.00000000
  0.03140000 -0.31401134E+02  0.15309829E+00      0.00000000      0.00000000
  0.03160000 -0.31248936E+02  0.15156044E+00      0.00000000      0.00000000
  0.03179999 -0.31099468E+02  0.15000863E+00      0.00000000      0.00000000
  0.03200001 -0.30949154E+02  0.14847346E+00      0.00000000      0.00000000
  0.03220000 -0.30801689E+02  0.14700086E+00      0.00000000      0.00000000
  0.03240000 -0.30654903E+02  0.14550421E+00      0.00000000      0.00000000
  0.03260000 -0.30509003E+02  0.14401913E+00      0.00000000      0.00000000
  0.03280000 -0.30364866E+02  0.14257203E+00      0.00000000      0.00000000
  0.03300000 -0.30223003E+02  0.14116792E+00      0.00000000      0.00000000
  0.03320000 -0.30081398E+02  0.13976721E+00      0.00000000      0.00000000
  0.03340000 -0.29941811E+02  0.13840386E+00      0.00000000      0.00000000
  0.03360000 -0.29806087E+02  0.13707778E+00      0.00000000      0.00000000
  0.03380000 -0.29670265E+02  0.13576433E+00      0.00000000      0.00000000
  0.03399999 -0.29534956E+02  0.13442501E+00      0.00000000      0.00000000
  0.03420001 -0.29402536E+02  0.13315606E+00      0.00000000      0.00000000
  0.03440000 -0.29269737E+02  0.13189816E+00      0.00000000      0.00000000
  0.03460000 -0.29138987E+02  0.13065006E+00      0.00000000      0.00000000
  0.03479999 -0.29009459E+02  0.12941657E+00      0.00000000      0.00000000
  0.03500000 -0.28879219E+02  0.12816679E+00      0.00000000      0.00000000
  0.03520000 -0.28751133E+02  0.12697425E+00      0.00000000      0.00000000
  0.03540000 -0.28623791E+02  0.12578991E+00      0.00000000      0.00000000
  0.03560000 -0.28497770E+02  0.12463240E+00      0.00000000      0.00000000
  0.03580000 -0.28372894E+02  0.12347140E+00      0.00000000      0.00000000
  0.03600000 -0.28250792E+02  0.12234433E+00      0.00000000      0.00000000
  0.03619999 -0.28128708E+02  0.12123573E+00      0.00000000      0.00000000
  0.03640000 -0.28008064E+02  0.12012748E+00      0.00000000      0.00000000
  0.03660000 -0.27887907E+02  0.11902696E+00      0.00000000      0.00000000
  0.03680000 -0.27770416E+02  0.11795084E+00      0.00000000      0.00000000
  0.03700000 -0.27653936E+02  0.11691443E+00      0.00000000      0.00000000
  0.03720000 -0.27537479E+02  0.11586534E+00      0.00000000      0.00000000
  0.03740000 -0.27422478E+02  0.11482813E+00      0.00000000      0.00000000
  0.03760000 -0.27307825E+02  0.11379587E+00      0.00000000      0.00000000
  0.03780000 -0.27196743E+02  0.11281117E+00      0.00000000      0.00000000
  0.03800000 -0.27085304E+02  0.11184623E+00      0.00000000      0.00000000
  0.03820000 -0.26973160E+02  0.11084437E+00      0.00000000      0.00000000
  0.03839999 -0.26864208E+02  0.10987607E+00      0.00000000      0.00000000
  0.03860000 -0.26755581E+02  0.10892041E+00      0.00000000      0.00000000
  0.03880000 -0.26645493E+02  0.10797826E+00      0.00000000      0.00000000
  0.03900000 -0.26536240E+02  0.10703245E+00      0.00000000      0.00000000
  0.03920000 -0.26430944E+02  0.10613029E+00      0.00000000      0.00000000
  0.03940000 -0.26325022E+02  0.10522404E+00      0.00000000      0.00000000
  0.03960000 -0.26219507E+02  0.10431341E+00      0.00000000      0.00000000
  0.03980000 -0.26114594E+02  0.10345776E+00      0.00000000      0.00000000
  0.04000000 -0.26011398E+02  0.10259781E+00      0.00000000      0.00000000
  0.04020000 -0.25909006E+02  0.10173694E+00      0.00000000      0.00000000
  0.04040000 -0.25806997E+02  0.10086715E+00      0.00000000      0.00000000
  0.04060000 -0.25706018E+02  0.10002247E+00      0.00000000      0.00000000
  0.04080000 -0.25606850E+02  0.99189878E-01      0.00000000      0.00000000
  0.04100000 -0.25509377E+02  0.98398387E-01      0.00000000      0.00000000
  0.04120000 -0.25411222E+02  0.97590692E-01      0.00000000      0.00000000
  0.04140000 -0.25314272E+02  0.96789226E-01      0.00000000      0.00000000
  0.04160000 -0.25217749E+02  0.95981501E-01      0.00000000      0.00000000
  0.04180000 -0.25122379E+02  0.95216781E-01      0.00000000      0.00000000
  0.04200000 -0.25027414E+02  0.94451919E-01      0.00000000      0.00000000
  0.04220000 -0.24934052E+02  0.93707517E-01      0.00000000      0.00000000
  0.04240000 -0.24840261E+02  0.92953905E-01      0.00000000      0.00000000
  0.04260000 -0.24746746E+02  0.92197299E-01      0.00000000      0.00000000
  0.04280000 -0.24655735E+02  0.91468349E-01      0.00000000      0.00000000
  0.04300000 -0.24563717E+02  0.90727746E-01      0.00000000      0.00000000
  0.04320000 -0.24473753E+02  0.90022042E-01      0.00000000      0.00000000
  0.04340000 -0.24384281E+02  0.89323714E-01      0.00000000      0.00000000
  0.04360000 -0.24294725E+02  0.88618606E-01      0.00000000      0.00000000
  0.04380000 -0.24207027E+02  0.87937757E-01      0.00000000      0.00000000
  0.04400000 -0.24119490E+02  0.87252483E-01      0.00000000      0.00000000
  0.04420000 -0.24032307E+02  0.86567402E-01      0.00000000      0.00000000
  0.04440000 -0.23945515E+02  0.85888632E-01      0.00000000      0.00000000
  0.04460000 -0.23860907E+02  0.85235216E-01      0.00000000      0.00000000
  0.04480000 -0.23777306E+02  0.84593937E-01      0.00000000      0.00000000
  0.04500000 -0.23693287E+02  0.83966345E-01      0.00000000      0.00000000
  0.04520000 -0.23609545E+02  0.83328053E-01      0.00000000      0.00000000
  0.04539999 -0.23525862E+02  0.82677707E-01      0.00000000      0.00000000
  0.04560000 -0.23443161E+02  0.82053602E-01      0.00000000      0.00000000
  0.04580000 -0.23360931E+02  0.81429660E-01      0.00000000      0.00000000
  0.04600000 -0.23279255E+02  0.80835193E-01      0.00000000      0.00000000
  0.04620000 -0.23199013E+02  0.80252029E-01      0.00000000      0.00000000
  0.04640000 -0.23118113E+02  0.79654083E-01      0.00000000      0.00000000
  0.04660000 -0.23038507E+02  0.79049930E-01      0.00000000      0.00000000
  0.04680000 -0.22960695E+02  0.78475967E-01      0.00000000      0.00000000
  0.04700000 -0.22882641E+02  0.77892922E-01      0.00000000      0.00000000
  0.04720000 -0.22804716E+02  0.77314936E-01      0.00000000      0.00000000
  0.04740000 -0.22727715E+02  0.76759085E-01      0.00000000      0.00000000
  0.04759999 -0.22650993E+02  0.76187052E-01      0.00000000      0.00000000
  0.04780000 -0.22575251E+02  0.75638056E-01      0.00000000      0.00000000
  0.04800000 -0.22500883E+02  0.75099111E-01      0.00000000      0.00000000
  0.04820000 -0.22425547E+02  0.74579433E-01      0.00000000      0.00000000
  0.04840000 -0.22350853E+02  0.74047163E-01      0.00000000      0.00000000
  0.04860000 -0.22277586E+02  0.73509194E-01      0.00000000      0.00000000
  0.04880000 -0.22204239E+02  0.73005363E-01      0.00000000      0.00000000
  0.04899999 -0.22132568E+02  0.72494633E-01      0.00000000      0.00000000
  0.04920000 -0.22060331E+02  0.71980283E-01      0.00000000      0.00000000
  0.04940000 -0.21988239E+02  0.71489275E-01      0.00000000      0.00000000
  0.04960000 -0.21918203E+02  0.70976697E-01      0.00000000      0.00000000
  0.04979999 -0.21846762E+02  0.70488408E-01      0.00000000      0.00000000
  0.05000000 -0.21776192E+02  0.69987245E-01      0.00000000      0.00000000
  0.05020000 -0.21706526E+02  0.69499597E-01      0.00000000      0.00000000
  0.05040000 -0.21636925E+02  0.69024734E-01      0.00000000      0.00000000
  0.05060000 -0.21568684E+02  0.68544134E-01      0.00000000      0.00000000
  0.05080000 -0.21500937E+02  0.68073079E-01      0.00000000      0.00000000
  0.05100000 -0.21432877E+02  0.67605428E-01      0.00000000      0.00000000
  0.05119999 -0.21365326E+02  0.67137912E-01      0.00000000      0.00000000
  0.05140000 -0.21297825E+02  0.66692881E-01      0.00000000      0.00000000
  0.05160000 -0.21231936E+02  0.66242442E-01      0.00000000      0.00000000
  0.05180000 -0.21165466E+02  0.65812469E-01      0.00000000      0.00000000
  0.05199999 -0.21100079E+02  0.65366775E-01      0.00000000      0.00000000
  0.05220000 -0.21035976E+02  0.64932741E-01      0.00000000      0.00000000
  0.05240000 -0.20971651E+02  0.64492971E-01      0.00000000      0.00000000
  0.05260000 -0.20906685E+02  0.64065650E-01      0.00000000      0.00000000
  0.05280000 -0.20842302E+02  0.63624479E-01      0.00000000      0.00000000
  0.05300000 -0.20778324E+02  0.63185893E-01      0.00000000      0.00000000
  0.05320000 -0.20715275E+02  0.62791079E-01      0.00000000      0.00000000
  0.05339999 -0.20653252E+02  0.62364705E-01      0.00000000      0.00000000
  0.05360000 -0.20591208E+02  0.61963245E-01      0.00000000      0.00000000
  0.05380000 -0.20529741E+02  0.61574299E-01      0.00000000      0.00000000
  0.05400000 -0.20467789E+02  0.61186574E-01      0.00000000      0.00000000
  0.05420000 -0.20406788E+02  0.60790226E-01      0.00000000      0.00000000
  0.05440000 -0.20345304E+02  0.60365535E-01      0.00000000      0.00000000
  0.05460000 -0.20285261E+02  0.59987381E-01      0.00000000      0.00000000
  0.05480000 -0.20225737E+02  0.59579927E-01      0.00000000      0.00000000
  0.05500000 -0.20166498E+02  0.59212808E-01      0.00000000      0.00000000
  0.05520000 -0.20107708E+02  0.58853120E-01      0.00000000      0.00000000
  0.05540000 -0.20049305E+02  0.58475293E-01      0.00000000      0.00000000
  0.05560000 -0.19990967E+02  0.58103938E-01      0.00000000      0.00000000
  0.05580000 -0.19933216E+02  0.57734244E-01      0.00000000      0.00000000
  0.05600000 -0.19876289E+02  0.57361692E-01      0.00000000      0.00000000
  0.05620000 -0.19819702E+02  0.57014745E-01      0.00000000      0.00000000
  0.05640000 -0.19762630E+02  0.56659222E-01      0.00000000      0.00000000
  0.05660000 -0.19705971E+02  0.56310769E-01      0.00000000      0.00000000
  0.05680000 -0.19649788E+02  0.55948798E-01      0.00000000      0.00000000
  0.05700000 -0.19594393E+02  0.55608895E-01      0.00000000      0.00000000
  0.05720000 -0.19538845E+02  0.55273913E-01      0.00000000      0.00000000
  0.05740000 -0.19483461E+02  0.54924585E-01      0.00000000      0.00000000
  0.05760000 -0.19429153E+02  0.54576837E-01      0.00000000      0.00000000
  0.05780000 -0.19373905E+02  0.54233439E-01      0.00000000      0.00000000
  0.05800000 -0.19319273E+02  0.53918194E-01      0.00000000      0.00000000
  0.05819999 -0.19265594E+02  0.53589523E-01      0.00000000      0.00000000
  0.05840000 -0.19212423E+02  0.53251132E-01      0.00000000      0.00000000
  0.05860000 -0.19159811E+02  0.52923866E-01      0.00000000      0.00000000
  0.05880000 -0.19107315E+02  0.52615426E-01      0.00000000      0.00000000
  0.05900000 -0.19054235E+02  0.52306533E-01      0.00000000      0.00000000
  0.05920000 -0.19001947E+02  0.52001439E-01      0.00000000      0.00000000
  0.05940000 -0.18949913E+02  0.51663749E-01      0.00000000      0.00000000
  0.05960000 -0.18898382E+02  0.51356159E-01      0.00000000      0.00000000
  0.05980000 -0.18847195E+02  0.51056735E-01      0.00000000      0.00000000
  0.06000000 -0.18796595E+02  0.50755560E-01      0.00000000      0.00000000
  0.06020000 -0.18745600E+02  0.50448183E-01      0.00000000      0.00000000
  0.06039999 -0.18694944E+02  0.50160557E-01      0.00000000      0.00000000
  0.06060000 -0.18644850E+02  0.49868070E-01      0.00000000      0.00000000
  0.06080000 -0.18595150E+02  0.49569238E-01      0.00000000      0.00000000
  0.06100000 -0.18545563E+02  0.49283616E-01      0.00000000      0.00000000
  0.06119999 -0.18496361E+02  0.48984982E-01      0.00000000      0.00000000
  0.06140000 -0.18447344E+02  0.48705269E-01      0.00000000      0.00000000
  0.06160000 -0.18399210E+02  0.48441373E-01      0.00000000      0.00000000
  0.06180000 -0.18351116E+02  0.48159041E-01      0.00000000      0.00000000
  0.06200000 -0.18303186E+02  0.47873002E-01      0.00000000      0.00000000
  0.06220000 -0.18255199E+02  0.47592849E-01      0.00000000      0.00000000
  0.06240000 -0.18207893E+02  0.47310159E-01      0.00000000      0.00000000
  0.06259999 -0.18159834E+02  0.47035031E-01      0.00000000      0.00000000
  0.06280001 -0.18112854E+02  0.46781253E-01      0.00000000      0.00000000
  0.06300000 -0.18066380E+02  0.46507061E-01      0.00000000      0.00000000
  0.06320000 -0.18020441E+02  0.46249159E-01      0.00000000      0.00000000
  0.06339999 -0.17974300E+02  0.45984626E-01      0.00000000      0.00000000
  0.06360000 -0.17928608E+02  0.45721963E-01      0.00000000      0.00000000
  0.06380000 -0.17883272E+02  0.45480877E-01      0.00000000      0.00000000
  0.06400000 -0.17837547E+02  0.45225851E-01      0.00000000      0.00000000
  0.06420000 -0.17792114E+02  0.44980347E-01      0.00000000      0.00000000
  0.06440000 -0.17747358E+02  0.44722535E-01      0.00000000      0.00000000
  0.06460000 -0.17702995E+02  0.44470407E-01      0.00000000      0.00000000
  0.06479999 -0.17658485E+02  0.44217389E-01      0.00000000      0.00000000
  0.06500000 -0.17614363E+02  0.43978918E-01      0.00000000      0.00000000
  0.06520000 -0.17570358E+02  0.43729722E-01      0.00000000      0.00000000
  0.06540000 -0.17526089E+02  0.43484800E-01      0.00000000      0.00000000
  0.06559999 -0.17483110E+02  0.43254882E-01      0.00000000      0.00000000
  0.06580000 -0.17440170E+02  0.43018356E-01      0.00000000      0.00000000
  0.06600000 -0.17397064E+02  0.42781040E-01      0.00000000      0.00000000
  0.06620000 -0.17354477E+02  0.42542037E-01      0.00000000      0.00000000
  0.06640000 -0.17311783E+02  0.42319849E-01      0.00000000      0.00000000
  0.06660000 -0.17269537E+02  0.42087048E-01      0.00000000      0.00000000
  0.06680001 -0.17227564E+02  0.41854400E-01      0.00000000      0.00000000
  0.06699999 -0.17185667E+02  0.41630372E-01      0.00000000      0.00000000
  0.06720000 -0.17143932E+02  0.41396238E-01      0.00000000      0.00000000
  0.06739999 -0.17103041E+02  0.41184396E-01      0.00000000      0.00000000
  0.06760000 -0.17061954E+02  0.40963821E-01      0.00000000      0.00000000
  0.06780000 -0.17021250E+02  0.40752884E-01      0.00000000      0.00000000
  0.06800000 -0.16980330E+02  0.40541273E-01      0.00000000      0.00000000
  0.06820000 -0.16939983E+02  0.40325865E-01      0.00000000      0.00000000
  0.06840000 -0.16899990E+02  0.40112182E-01      0.00000000      0.00000000
  0.06859999 -0.16860317E+02  0.39901797E-01      0.00000000      0.00000000
  0.06880000 -0.16820160E+02  0.39682258E-01      0.00000000      0.00000000
  0.06900001 -0.16780649E+02  0.39458692E-01      0.00000000      0.00000000
  0.06919999 -0.16741501E+02  0.39266881E-01      0.00000000      0.00000000
  0.06940000 -0.16702078E+02  0.39069638E-01      0.00000000      0.00000000
  0.06960000 -0.16662973E+02  0.38872864E-01      0.00000000      0.00000000
  0.06980000 -0.16623997E+02  0.38672924E-01      0.00000000      0.00000000
  0.07000000 -0.16585535E+02  0.38460538E-01      0.00000000      0.00000000
  0.07020000 -0.16547209E+02  0.38273126E-01      0.00000000      0.00000000
  0.07040000 -0.16509562E+02  0.38069054E-01      0.00000000      0.00000000
  0.07060000 -0.16472332E+02  0.37872270E-01      0.00000000      0.00000000
  0.07079999 -0.16434013E+02  0.37678815E-01      0.00000000      0.00000000
  0.07099999 -0.16396311E+02  0.37491452E-01      0.00000000      0.00000000
  0.07120001 -0.16358982E+02  0.37296057E-01      0.00000000      0.00000000
  0.07139999 -0.16321848E+02  0.37109312E-01      0.00000000      0.00000000
  0.07160000 -0.16284515E+02  0.36918167E-01      0.00000000      0.00000000
  0.07180000 -0.16248116E+02  0.36731452E-01      0.00000000      0.00000000
  0.07200000 -0.16211548E+02  0.36548115E-01      0.00000000      0.00000000
  0.07220000 -0.16175068E+02  0.36370646E-01      0.00000000      0.00000000
  0.07239999 -0.16138409E+02  0.36177114E-01      0.00000000      0.00000000
  0.07260000 -0.16101934E+02  0.35982702E-01      0.00000000      0.00000000
  0.07280000 -0.16065924E+02  0.35806663E-01      0.00000000      0.00000000
  0.07299999 -0.16030552E+02  0.35629369E-01      0.00000000      0.00000000
  0.07319999 -0.15995257E+02  0.35448395E-01      0.00000000      0.00000000
  0.07340001 -0.15960096E+02  0.35286415E-01      0.00000000      0.00000000
  0.07359999 -0.15924952E+02  0.35106920E-01      0.00000000      0.00000000
  0.07380000 -0.15889554E+02  0.34928419E-01      0.00000000      0.00000000
  0.07400000 -0.15854934E+02  0.34754030E-01      0.00000000      0.00000000
  0.07420000 -0.15820249E+02  0.34595035E-01      0.00000000      0.00000000
  0.07440000 -0.15785885E+02  0.34440629E-01      0.00000000      0.00000000
  0.07460000 -0.15750931E+02  0.34254007E-01      0.00000000      0.00000000
  0.07480000 -0.15716882E+02  0.34090389E-01      0.00000000      0.00000000
  0.07500000 -0.15682738E+02  0.33912167E-01      0.00000000      0.00000000
  0.07519999 -0.15649121E+02  0.33747766E-01      0.00000000      0.00000000
  0.07539999 -0.15615406E+02  0.33599794E-01      0.00000000      0.00000000
  0.07560000 -0.15581795E+02  0.33435561E-01      0.00000000      0.00000000
  0.07579999 -0.15548279E+02  0.33265390E-01      0.00000000      0.00000000
  0.07600000 -0.15515198E+02  0.33103146E-01      0.00000000      0.00000000
  0.07620000 -0.15482198E+02  0.32947335E-01      0.00000000      0.00000000
  0.07640000 -0.15449188E+02  0.32785092E-01      0.00000000      0.00000000
  0.07660000 -0.15416257E+02  0.32630868E-01      0.00000000      0.00000000
  0.07680000 -0.15383901E+02  0.32488063E-01      0.00000000      0.00000000
  0.07699999 -0.15351598E+02  0.32335807E-01      0.00000000      0.00000000
  0.07720000 -0.15319269E+02  0.32174442E-01      0.00000000      0.00000000
  0.07739999 -0.15287164E+02  0.32029070E-01      0.00000000      0.00000000
  0.07759999 -0.15255315E+02  0.31876791E-01      0.00000000      0.00000000
  0.07780000 -0.15223799E+02  0.31724900E-01      0.00000000      0.00000000
  0.07799999 -0.15192252E+02  0.31552348E-01      0.00000000      0.00000000
  0.07820000 -0.15160057E+02  0.31405523E-01      0.00000000      0.00000000
  0.07840000 -0.15128985E+02  0.31258065E-01      0.00000000      0.00000000
  0.07860000 -0.15097780E+02  0.31111050E-01      0.00000000      0.00000000
  0.07880000 -0.15066873E+02  0.30969635E-01      0.00000000      0.00000000
  0.07900000 -0.15035512E+02  0.30833138E-01      0.00000000      0.00000000
  0.07919999 -0.15005125E+02  0.30698773E-01      0.00000000      0.00000000
  0.07940000 -0.14974294E+02  0.30559970E-01      0.00000000      0.00000000
  0.07960001 -0.14943767E+02  0.30411053E-01      0.00000000      0.00000000
  0.07979999 -0.14913567E+02  0.30259315E-01      0.00000000      0.00000000
