 -0.04000000  0.14173172E+03  0.45502348E+01      0.00000000      0.00000000
 -0.03980000  0.14646025E+03  0.48639727E+01      0.00000000      0.00000000
 -0.03960000  0.15147784E+03  0.52089167E+01      0.00000000      0.00000000
 -0.03940000  0.15692551E+03  0.55976019E+01      0.00000000      0.00000000
 -0.03920000  0.16267589E+03  0.60217657E+01      0.00000000      0.00000000
 -0.03900000  0.16888983E+03  0.65007315E+01      0.00000000      0.00000000
 -0.03880000  0.17566576E+03  0.70451307E+01      0.00000000      0.00000000
 -0.03860000  0.18292575E+03  0.76540852E+01      0.00000000      0.00000000
 -0.03840000  0.19087518E+03  0.83538933E+01      0.00000000      0.00000000
 -0.03820000  0.19963069E+03  0.91637201E+01      0.00000000      0.00000000
 -0.03800000  0.20912573E+03  0.10081646E+02      0.00000000      0.00000000
 -0.03780000  0.21964989E+03  0.11161682E+02      0.00000000      0.00000000
 -0.03760000  0.23129514E+03  0.12429928E+02      0.00000000      0.00000000
 -0.03740000  0.24440022E+03  0.13939492E+02      0.00000000      0.00000000
 -0.03720000  0.25933112E+03  0.15784842E+02      0.00000000      0.00000000
 -0.03700000  0.27598602E+03  0.18000019E+02      0.00000000      0.00000000
 -0.03680000  0.29502899E+03  0.20735403E+02      0.00000000      0.00000000
 -0.03660000  0.31738638E+03  0.24236446E+02      0.00000000      0.00000000
 -0.03640000  0.34333478E+03  0.28684605E+02      0.00000000      0.00000000
 -0.03620000  0.37434448E+03  0.34602100E+02      0.00000000      0.00000000
 -0.03600000  0.41194910E+03  0.42663239E+02      0.00000000      0.00000000
 -0.03580000  0.45808307E+03  0.53970848E+02      0.00000000      0.00000000
 -0.03560000  0.51744067E+03  0.71063881E+02      0.00000000      0.00000000
 -0.03540000  0.59613220E+03  0.98338440E+02      0.00000000      0.00000000
 -0.03520000  0.70569409E+03  0.14629453E+03      0.00000000      0.00000000
 -0.03500000  0.86791028E+03  0.24349641E+03      0.00000000      0.00000000
 -0.03480000  0.11065104E+04  0.47402856E+03      0.00000000      0.00000000
 -0.03460000  0.13235955E+04  0.11635149E+04      0.00000000      0.00000000
 -0.03440000  0.31955414E+03  0.21506484E+04      0.00000000      0.00000000
 -0.03420000 -0.81391327E+03  0.12689296E+04      0.00000000      0.00000000
 -0.03400000 -0.61287524E+03  0.53302710E+03      0.00000000      0.00000000
 -0.03380000 -0.33304309E+03  0.29889066E+03      0.00000000      0.00000000
 -0.03360000 -0.11336568E+03  0.22266782E+03      0.00000000      0.00000000
 -0.03340000  0.81904724E+02  0.21751686E+03      0.00000000      0.00000000
 -0.03320000  0.29206271E+03  0.27763995E+03      0.00000000      0.00000000
 -0.03300000  0.56046796E+03  0.46902219E+03      0.00000000      0.00000000
 -0.03280000  0.83103613E+03  0.10652305E+04      0.00000000      0.00000000
 -0.03260000  0.16816761E+02  0.21702197E+04      0.00000000      0.00000000
 -0.03240000 -0.13191982E+04  0.13386223E+04      0.00000000      0.00000000
 -0.03220000 -0.11578276E+04  0.53742786E+03      0.00000000      0.00000000
 -0.03200000 -0.90228241E+03  0.26634973E+03      0.00000000      0.00000000
 -0.03180000 -0.73171417E+03  0.15814003E+03      0.00000000      0.00000000
 -0.03160000 -0.61399188E+03  0.10432770E+03      0.00000000      0.00000000
 -0.03140000 -0.53160413E+03  0.74812469E+02      0.00000000      0.00000000
 -0.03120000 -0.46929785E+03  0.56406681E+02      0.00000000      0.00000000
 -0.03100000 -0.42161407E+03  0.44420860E+02      0.00000000      0.00000000
 -0.03080000 -0.38282062E+03  0.35900707E+02      0.00000000      0.00000000
 -0.03060000 -0.35031125E+03  0.29575802E+02      0.00000000      0.00000000
 -0.03040000 -0.32369113E+03  0.24929100E+02      0.00000000      0.00000000
 -0.03020000 -0.30078552E+03  0.21291706E+02      0.00000000      0.00000000
 -0.03000000 -0.28118713E+03  0.18435188E+02      0.00000000      0.00000000
 -0.02980000 -0.26409576E+03  0.16131632E+02      0.00000000      0.00000000
 -0.02960000 -0.24885323E+03  0.14230846E+02      0.00000000      0.00000000
 -0.02940000 -0.23565051E+03  0.12685163E+02      0.00000000      0.00000000
 -0.02920000 -0.22357462E+03  0.11360913E+02      0.00000000      0.00000000
 -0.02900000 -0.21311835E+03  0.10275158E+02      0.00000000      0.00000000
 -0.02880000 -0.20336591E+03  0.93226290E+01      0.00000000      0.00000000
 -0.02860000 -0.19448901E+03  0.84972019E+01      0.00000000      0.00000000
 -0.02840000 -0.18637811E+03  0.77753277E+01      0.00000000      0.00000000
 -0.02820000 -0.17897107E+03  0.71497841E+01      0.00000000      0.00000000
 -0.02800000 -0.17216058E+03  0.66023045E+01      0.00000000      0.00000000
 -0.02780000 -0.16578105E+03  0.61050367E+01      0.00000000      0.00000000
 -0.02760000 -0.15992935E+03  0.56678028E+01      0.00000000      0.00000000
 -0.02740000 -0.15449466E+03  0.52787275E+01      0.00000000      0.00000000
 -0.02720000 -0.14938763E+03  0.49257879E+01      0.00000000      0.00000000
 -0.02700000 -0.14465439E+03  0.46105433E+01      0.00000000      0.00000000
 -0.02680000 -0.14021259E+03  0.43253851E+01      0.00000000      0.00000000
 -0.02660000 -0.13603033E+03  0.40633783E+01      0.00000000      0.00000000
 -0.02640000 -0.13212485E+03  0.38294086E+01      0.00000000      0.00000000
 -0.02620000 -0.12837029E+03  0.36083574E+01      0.00000000      0.00000000
 -0.02600000 -0.12483859E+03  0.34084344E+01      0.00000000      0.00000000
 -0.02580000 -0.12152802E+03  0.32263734E+01      0.00000000      0.00000000
 -0.02560000 -0.11841685E+03  0.30591869E+01      0.00000000      0.00000000
 -0.02540000 -0.11543245E+03  0.29031463E+01      0.00000000      0.00000000
 -0.02520000 -0.11262070E+03  0.27613783E+01      0.00000000      0.00000000
 -0.02500000 -0.10994579E+03  0.26306453E+01      0.00000000      0.00000000
 -0.02480000 -0.10736897E+03  0.25050578E+01      0.00000000      0.00000000
 -0.02460000 -0.10490917E+03  0.23889673E+01      0.00000000      0.00000000
 -0.02440000 -0.10257783E+03  0.22814348E+01      0.00000000      0.00000000
 -0.02420000 -0.10031816E+03  0.21811650E+01      0.00000000      0.00000000
 -0.02400000 -0.98199547E+02  0.20883393E+01      0.00000000      0.00000000
 -0.02380000 -0.96169128E+02  0.20006516E+01      0.00000000      0.00000000
 -0.02360000 -0.94187744E+02  0.19174516E+01      0.00000000      0.00000000
 -0.02340000 -0.92312622E+02  0.18403364E+01      0.00000000      0.00000000
 -0.02320000 -0.90523071E+02  0.17683786E+01      0.00000000      0.00000000
 -0.02300000 -0.88794312E+02  0.17005143E+01      0.00000000      0.00000000
 -0.02280000 -0.87098892E+02  0.16343596E+01      0.00000000      0.00000000
 -0.02260000 -0.85507439E+02  0.15736482E+01      0.00000000      0.00000000
 -0.02240000 -0.83964050E+02  0.15171150E+01      0.00000000      0.00000000
 -0.02220000 -0.82464890E+02  0.14620411E+01      0.00000000      0.00000000
 -0.02200000 -0.81039551E+02  0.14107664E+01      0.00000000      0.00000000
 -0.02180000 -0.79651817E+02  0.13623452E+01      0.00000000      0.00000000
 -0.02160000 -0.78318665E+02  0.13161261E+01      0.00000000      0.00000000
 -0.02140000 -0.77022850E+02  0.12717884E+01      0.00000000      0.00000000
 -0.02120000 -0.75767853E+02  0.12297064E+01      0.00000000      0.00000000
 -0.02100000 -0.74554352E+02  0.11904449E+01      0.00000000      0.00000000
 -0.02080000 -0.73390396E+02  0.11532427E+01      0.00000000      0.00000000
 -0.02060000 -0.72268578E+02  0.11172543E+01      0.00000000      0.00000000
 -0.02040000 -0.71162880E+02  0.10822171E+01      0.00000000      0.00000000
 -0.02020000 -0.70097870E+02  0.10493586E+01      0.00000000      0.00000000
 -0.02000000 -0.69061005E+02  0.10180359E+01      0.00000000      0.00000000
 -0.01980000 -0.68057365E+02  0.98845661E+00      0.00000000      0.00000000
 -0.01960000 -0.67082703E+02  0.95964444E+00      0.00000000      0.00000000
 -0.01940000 -0.66134598E+02  0.93199909E+00      0.00000000      0.00000000
 -0.01920000 -0.65217178E+02  0.90577096E+00      0.00000000      0.00000000
 -0.01900000 -0.64336823E+02  0.88082325E+00      0.00000000      0.00000000
 -0.01880000 -0.63465939E+02  0.85682940E+00      0.00000000      0.00000000
 -0.01860000 -0.62620838E+02  0.83363557E+00      0.00000000      0.00000000
 -0.01840000 -0.61804638E+02  0.81163073E+00      0.00000000      0.00000000
 -0.01820000 -0.60997009E+02  0.79029590E+00      0.00000000      0.00000000
 -0.01800000 -0.60226677E+02  0.77016079E+00      0.00000000      0.00000000
 -0.01780000 -0.59461838E+02  0.75002158E+00      0.00000000      0.00000000
 -0.01760000 -0.58721069E+02  0.73117781E+00      0.00000000      0.00000000
 -0.01740000 -0.58007889E+02  0.71292949E+00      0.00000000      0.00000000
 -0.01720000 -0.57304375E+02  0.69562066E+00      0.00000000      0.00000000
 -0.01700000 -0.56614059E+02  0.67871618E+00      0.00000000      0.00000000
 -0.01680000 -0.55937477E+02  0.66208255E+00      0.00000000      0.00000000
 -0.01660000 -0.55288635E+02  0.64655346E+00      0.00000000      0.00000000
 -0.01640000 -0.54648613E+02  0.63149345E+00      0.00000000      0.00000000
 -0.01620000 -0.54014050E+02  0.61660850E+00      0.00000000      0.00000000
 -0.01600000 -0.53415588E+02  0.60230428E+00      0.00000000      0.00000000
 -0.01580000 -0.52818542E+02  0.58843333E+00      0.00000000      0.00000000
 -0.01560000 -0.52246826E+02  0.57546073E+00      0.00000000      0.00000000
 -0.01540000 -0.51676102E+02  0.56308615E+00      0.00000000      0.00000000
 -0.01520000 -0.51123325E+02  0.55067813E+00      0.00000000      0.00000000
 -0.01500000 -0.50572601E+02  0.53868324E+00      0.00000000      0.00000000
 -0.01480000 -0.50039360E+02  0.52690709E+00      0.00000000      0.00000000
 -0.01460000 -0.49521538E+02  0.51583499E+00      0.00000000      0.00000000
 -0.01440000 -0.49015259E+02  0.50516480E+00      0.00000000      0.00000000
 -0.01420000 -0.48516716E+02  0.49478376E+00      0.00000000      0.00000000
 -0.01400000 -0.48023376E+02  0.48437214E+00      0.00000000      0.00000000
 -0.01380000 -0.47542221E+02  0.47451618E+00      0.00000000      0.00000000
 -0.01360000 -0.47074970E+02  0.46505654E+00      0.00000000      0.00000000
 -0.01340000 -0.46609444E+02  0.45593387E+00      0.00000000      0.00000000
 -0.01320000 -0.46157497E+02  0.44683298E+00      0.00000000      0.00000000
 -0.01300000 -0.45716766E+02  0.43794671E+00      0.00000000      0.00000000
 -0.01280000 -0.45281178E+02  0.42941773E+00      0.00000000      0.00000000
 -0.01260000 -0.44856720E+02  0.42127359E+00      0.00000000      0.00000000
 -0.01240000 -0.44441113E+02  0.41315237E+00      0.00000000      0.00000000
 -0.01220000 -0.44028118E+02  0.40525392E+00      0.00000000      0.00000000
 -0.01200000 -0.43628429E+02  0.39780998E+00      0.00000000      0.00000000
 -0.01180000 -0.43231667E+02  0.39035708E+00      0.00000000      0.00000000
 -0.01160000 -0.42850586E+02  0.38353229E+00      0.00000000      0.00000000
 -0.01140000 -0.42469139E+02  0.37643939E+00      0.00000000      0.00000000
 -0.01120000 -0.42096760E+02  0.36971053E+00      0.00000000      0.00000000
 -0.01100000 -0.41726994E+02  0.36305600E+00      0.00000000      0.00000000
 -0.01080000 -0.41365734E+02  0.35651284E+00      0.00000000      0.00000000
 -0.01060000 -0.41012760E+02  0.35040659E+00      0.00000000      0.00000000
 -0.01040000 -0.40668892E+02  0.34431896E+00      0.00000000      0.00000000
 -0.01020000 -0.40326630E+02  0.33833909E+00      0.00000000      0.00000000
 -0.01000000 -0.39995083E+02  0.33272949E+00      0.00000000      0.00000000
 -0.00980000 -0.39658779E+02  0.32693928E+00      0.00000000      0.00000000
 -0.00960000 -0.39335396E+02  0.32151076E+00      0.00000000      0.00000000
 -0.00940000 -0.39017387E+02  0.31621203E+00      0.00000000      0.00000000
 -0.00920000 -0.38703754E+02  0.31096008E+00      0.00000000      0.00000000
 -0.00900000 -0.38394051E+02  0.30582055E+00      0.00000000      0.00000000
 -0.00880000 -0.38087936E+02  0.30084568E+00      0.00000000      0.00000000
 -0.00860000 -0.37790070E+02  0.29605448E+00      0.00000000      0.00000000
 -0.00840000 -0.37498611E+02  0.29138762E+00      0.00000000      0.00000000
 -0.00820000 -0.37210663E+02  0.28682381E+00      0.00000000      0.00000000
 -0.00800000 -0.36923817E+02  0.28217548E+00      0.00000000      0.00000000
 -0.00780000 -0.36646416E+02  0.27782577E+00      0.00000000      0.00000000
 -0.00760000 -0.36371342E+02  0.27339038E+00      0.00000000      0.00000000
 -0.00740000 -0.36099072E+02  0.26930770E+00      0.00000000      0.00000000
 -0.00720000 -0.35831184E+02  0.26515850E+00      0.00000000      0.00000000
 -0.00700000 -0.35566414E+02  0.26120025E+00      0.00000000      0.00000000
 -0.00680000 -0.35306057E+02  0.25717506E+00      0.00000000      0.00000000
 -0.00660000 -0.35049229E+02  0.25337139E+00      0.00000000      0.00000000
 -0.00640000 -0.34798828E+02  0.24967127E+00      0.00000000      0.00000000
 -0.00620000 -0.34551033E+02  0.24602273E+00      0.00000000      0.00000000
 -0.00600000 -0.34307938E+02  0.24247979E+00      0.00000000      0.00000000
 -0.00580000 -0.34068539E+02  0.23889908E+00      0.00000000      0.00000000
 -0.00560000 -0.33834301E+02  0.23545226E+00      0.00000000      0.00000000
 -0.00540000 -0.33601398E+02  0.23215491E+00      0.00000000      0.00000000
 -0.00520000 -0.33368656E+02  0.22881807E+00      0.00000000      0.00000000
 -0.00500000 -0.33140923E+02  0.22561282E+00      0.00000000      0.00000000
 -0.00480000 -0.32915077E+02  0.22252180E+00      0.00000000      0.00000000
 -0.00460000 -0.32692356E+02  0.21940988E+00      0.00000000      0.00000000
 -0.00440000 -0.32475540E+02  0.21651685E+00      0.00000000      0.00000000
 -0.00420000 -0.32258511E+02  0.21344829E+00      0.00000000      0.00000000
 -0.00400000 -0.32046421E+02  0.21048546E+00      0.00000000      0.00000000
 -0.00380000 -0.31836588E+02  0.20771734E+00      0.00000000      0.00000000
 -0.00360000 -0.31633173E+02  0.20490129E+00      0.00000000      0.00000000
 -0.00340000 -0.31429470E+02  0.20220792E+00      0.00000000      0.00000000
 -0.00320000 -0.31228067E+02  0.19946104E+00      0.00000000      0.00000000
 -0.00300000 -0.31030886E+02  0.19688269E+00      0.00000000      0.00000000
 -0.00280000 -0.30834051E+02  0.19418600E+00      0.00000000      0.00000000
 -0.00260000 -0.30644014E+02  0.19177614E+00      0.00000000      0.00000000
 -0.00240000 -0.30455027E+02  0.18935221E+00      0.00000000      0.00000000
 -0.00220000 -0.30265440E+02  0.18691742E+00      0.00000000      0.00000000
 -0.00200000 -0.30082237E+02  0.18460807E+00      0.00000000      0.00000000
 -0.00180000 -0.29896162E+02  0.18221007E+00      0.00000000      0.00000000
 -0.00160000 -0.29714586E+02  0.17992723E+00      0.00000000      0.00000000
 -0.00140000 -0.29536766E+02  0.17771402E+00      0.00000000      0.00000000
 -0.00120000 -0.29360249E+02  0.17552848E+00      0.00000000      0.00000000
 -0.00100000 -0.29187611E+02  0.17339106E+00      0.00000000      0.00000000
 -0.00080000 -0.29014174E+02  0.17126110E+00      0.00000000      0.00000000
 -0.00060000 -0.28842770E+02  0.16911776E+00      0.00000000      0.00000000
 -0.00040000 -0.28673428E+02  0.16712089E+00      0.00000000      0.00000000
 -0.00020000 -0.28508684E+02  0.16504429E+00      0.00000000      0.00000000
  0.00000000 -0.28345438E+02  0.16310646E+00      0.00000000      0.00000000
  0.00020000 -0.28182777E+02  0.16112934E+00      0.00000000      0.00000000
  0.00040000 -0.28022223E+02  0.15923911E+00      0.00000000      0.00000000
  0.00060000 -0.27863388E+02  0.15736668E+00      0.00000000      0.00000000
  0.00080000 -0.27706900E+02  0.15553637E+00      0.00000000      0.00000000
  0.00100000 -0.27553898E+02  0.15371968E+00      0.00000000      0.00000000
  0.00120000 -0.27400831E+02  0.15199667E+00      0.00000000      0.00000000
  0.00140000 -0.27248335E+02  0.15019611E+00      0.00000000      0.00000000
  0.00160000 -0.27100985E+02  0.14854614E+00      0.00000000      0.00000000
  0.00180000 -0.26954178E+02  0.14686239E+00      0.00000000      0.00000000
  0.00200000 -0.26808428E+02  0.14514086E+00      0.00000000      0.00000000
  0.00220000 -0.26662247E+02  0.14353104E+00      0.00000000      0.00000000
  0.00240000 -0.26519018E+02  0.14191121E+00      0.00000000      0.00000000
  0.00260000 -0.26376993E+02  0.14033850E+00      0.00000000      0.00000000
  0.00280000 -0.26237806E+02  0.13881066E+00      0.00000000      0.00000000
  0.00300000 -0.26099018E+02  0.13728943E+00      0.00000000      0.00000000
  0.00320000 -0.25964729E+02  0.13578811E+00      0.00000000      0.00000000
  0.00340000 -0.25828663E+02  0.13436265E+00      0.00000000      0.00000000
  0.00360000 -0.25696581E+02  0.13292271E+00      0.00000000      0.00000000
  0.00380000 -0.25562574E+02  0.13147080E+00      0.00000000      0.00000000
  0.00400000 -0.25431417E+02  0.13001385E+00      0.00000000      0.00000000
  0.00420000 -0.25302561E+02  0.12862773E+00      0.00000000      0.00000000
  0.00440000 -0.25174419E+02  0.12729277E+00      0.00000000      0.00000000
  0.00460000 -0.25049686E+02  0.12595519E+00      0.00000000      0.00000000
  0.00480000 -0.24922380E+02  0.12462287E+00      0.00000000      0.00000000
  0.00500000 -0.24798725E+02  0.12332430E+00      0.00000000      0.00000000
  0.00520000 -0.24676294E+02  0.12208775E+00      0.00000000      0.00000000
  0.00540000 -0.24555614E+02  0.12078059E+00      0.00000000      0.00000000
  0.00560000 -0.24436020E+02  0.11952481E+00      0.00000000      0.00000000
  0.00580000 -0.24316118E+02  0.11840592E+00      0.00000000      0.00000000
  0.00600000 -0.24197010E+02  0.11719470E+00      0.00000000      0.00000000
  0.00620000 -0.24080814E+02  0.11596267E+00      0.00000000      0.00000000
  0.00640000 -0.23964937E+02  0.11476016E+00      0.00000000      0.00000000
  0.00660000 -0.23852068E+02  0.11362032E+00      0.00000000      0.00000000
  0.00680000 -0.23739927E+02  0.11255665E+00      0.00000000      0.00000000
  0.00700000 -0.23628155E+02  0.11143856E+00      0.00000000      0.00000000
  0.00720000 -0.23517525E+02  0.11033807E+00      0.00000000      0.00000000
  0.00740000 -0.23406933E+02  0.10928919E+00      0.00000000      0.00000000
  0.00760000 -0.23297508E+02  0.10818975E+00      0.00000000      0.00000000
  0.00780000 -0.23189884E+02  0.10711490E+00      0.00000000      0.00000000
  0.00800000 -0.23083124E+02  0.10606022E+00      0.00000000      0.00000000
  0.00820000 -0.22976784E+02  0.10506742E+00      0.00000000      0.00000000
  0.00840000 -0.22872858E+02  0.10407116E+00      0.00000000      0.00000000
  0.00860000 -0.22769905E+02  0.10306289E+00      0.00000000      0.00000000
  0.00880000 -0.22665918E+02  0.10205944E+00      0.00000000      0.00000000
  0.00900000 -0.22564510E+02  0.10113506E+00      0.00000000      0.00000000
  0.00920000 -0.22463581E+02  0.10020720E+00      0.00000000      0.00000000
  0.00940000 -0.22364048E+02  0.99234536E-01      0.00000000      0.00000000
  0.00960000 -0.22266338E+02  0.98308876E-01      0.00000000      0.00000000
  0.00980000 -0.22168949E+02  0.97448289E-01      0.00000000      0.00000000
  0.01000000 -0.22071568E+02  0.96517310E-01      0.00000000      0.00000000
  0.01020000 -0.21975655E+02  0.95595986E-01      0.00000000      0.00000000
  0.01040000 -0.21879963E+02  0.94756074E-01      0.00000000      0.00000000
  0.01060000 -0.21785809E+02  0.93864352E-01      0.00000000      0.00000000
  0.01080000 -0.21692530E+02  0.93010098E-01      0.00000000      0.00000000
  0.01100000 -0.21600304E+02  0.92166483E-01      0.00000000      0.00000000
  0.01120000 -0.21508371E+02  0.91404885E-01      0.00000000      0.00000000
  0.01140000 -0.21417160E+02  0.90577856E-01      0.00000000      0.00000000
  0.01160000 -0.21327255E+02  0.89787930E-01      0.00000000      0.00000000
  0.01180000 -0.21238552E+02  0.88983551E-01      0.00000000      0.00000000
  0.01200000 -0.21150318E+02  0.88176444E-01      0.00000000      0.00000000
  0.01220000 -0.21061523E+02  0.87417230E-01      0.00000000      0.00000000
  0.01240000 -0.20974533E+02  0.86674556E-01      0.00000000      0.00000000
  0.01260000 -0.20888203E+02  0.85916564E-01      0.00000000      0.00000000
  0.01280000 -0.20802563E+02  0.85168228E-01      0.00000000      0.00000000
  0.01300000 -0.20717926E+02  0.84438369E-01      0.00000000      0.00000000
  0.01320000 -0.20632969E+02  0.83730280E-01      0.00000000      0.00000000
  0.01340000 -0.20548897E+02  0.82998723E-01      0.00000000      0.00000000
  0.01360000 -0.20466064E+02  0.82254604E-01      0.00000000      0.00000000
  0.01380000 -0.20384525E+02  0.81551805E-01      0.00000000      0.00000000
  0.01400000 -0.20302195E+02  0.80865681E-01      0.00000000      0.00000000
  0.01420000 -0.20221424E+02  0.80191210E-01      0.00000000      0.00000000
  0.01440000 -0.20142700E+02  0.79530373E-01      0.00000000      0.00000000
  0.01460000 -0.20063055E+02  0.78853682E-01      0.00000000      0.00000000
  0.01480000 -0.19985323E+02  0.78228414E-01      0.00000000      0.00000000
  0.01500000 -0.19907646E+02  0.77545360E-01      0.00000000      0.00000000
  0.01520000 -0.19830875E+02  0.76905087E-01      0.00000000      0.00000000
  0.01540000 -0.19754002E+02  0.76293677E-01      0.00000000      0.00000000
  0.01560000 -0.19677382E+02  0.75691283E-01      0.00000000      0.00000000
  0.01580000 -0.19601810E+02  0.75120300E-01      0.00000000      0.00000000
  0.01600000 -0.19527679E+02  0.74497432E-01      0.00000000      0.00000000
  0.01619999 -0.19454187E+02  0.73895454E-01      0.00000000      0.00000000
  0.01640000 -0.19380274E+02  0.73226929E-01      0.00000000      0.00000000
  0.01660000 -0.19308140E+02  0.72661221E-01      0.00000000      0.00000000
  0.01680000 -0.19235584E+02  0.72085202E-01      0.00000000      0.00000000
  0.01700000 -0.19163790E+02  0.71513593E-01      0.00000000      0.00000000
  0.01720000 -0.19092466E+02  0.70997179E-01      0.00000000      0.00000000
  0.01740000 -0.19021524E+02  0.70404857E-01      0.00000000      0.00000000
  0.01760000 -0.18951214E+02  0.69831282E-01      0.00000000      0.00000000
  0.01780000 -0.18881489E+02  0.69259584E-01      0.00000000      0.00000000
  0.01800000 -0.18812727E+02  0.68737090E-01      0.00000000      0.00000000
  0.01820000 -0.18744671E+02  0.68245232E-01      0.00000000      0.00000000
  0.01840000 -0.18676640E+02  0.67718953E-01      0.00000000      0.00000000
  0.01860000 -0.18609314E+02  0.67186862E-01      0.00000000      0.00000000
  0.01880000 -0.18542273E+02  0.66676438E-01      0.00000000      0.00000000
  0.01900000 -0.18475952E+02  0.66150278E-01      0.00000000      0.00000000
  0.01920000 -0.18409334E+02  0.65670520E-01      0.00000000      0.00000000
  0.01940000 -0.18343580E+02  0.65151572E-01      0.00000000      0.00000000
  0.01960000 -0.18278639E+02  0.64651549E-01      0.00000000      0.00000000
  0.01980000 -0.18214348E+02  0.64189643E-01      0.00000000      0.00000000
  0.02000000 -0.18150829E+02  0.63674629E-01      0.00000000      0.00000000
  0.02020000 -0.18087729E+02  0.63201100E-01      0.00000000      0.00000000
  0.02040000 -0.18025370E+02  0.62755525E-01      0.00000000      0.00000000
  0.02060000 -0.17962891E+02  0.62281370E-01      0.00000000      0.00000000
  0.02080000 -0.17900688E+02  0.61830521E-01      0.00000000      0.00000000
  0.02100000 -0.17839006E+02  0.61373651E-01      0.00000000      0.00000000
  0.02120000 -0.17777843E+02  0.60900629E-01      0.00000000      0.00000000
  0.02140000 -0.17716986E+02  0.60452938E-01      0.00000000      0.00000000
  0.02160000 -0.17656536E+02  0.60001254E-01      0.00000000      0.00000000
  0.02180000 -0.17596390E+02  0.59585094E-01      0.00000000      0.00000000
  0.02200000 -0.17536789E+02  0.59142947E-01      0.00000000      0.00000000
  0.02220000 -0.17477913E+02  0.58705866E-01      0.00000000      0.00000000
  0.02240000 -0.17419224E+02  0.58306515E-01      0.00000000      0.00000000
  0.02260000 -0.17360779E+02  0.57915151E-01      0.00000000      0.00000000
  0.02280000 -0.17303211E+02  0.57454646E-01      0.00000000      0.00000000
  0.02300000 -0.17245678E+02  0.57051539E-01      0.00000000      0.00000000
  0.02320000 -0.17189274E+02  0.56705475E-01      0.00000000      0.00000000
  0.02340000 -0.17133247E+02  0.56295514E-01      0.00000000      0.00000000
  0.02360000 -0.17076962E+02  0.55887341E-01      0.00000000      0.00000000
  0.02380000 -0.17020542E+02  0.55470228E-01      0.00000000      0.00000000
  0.02400000 -0.16965641E+02  0.55063844E-01      0.00000000      0.00000000
  0.02420000 -0.16909946E+02  0.54665804E-01      0.00000000      0.00000000
  0.02440000 -0.16855759E+02  0.54327965E-01      0.00000000      0.00000000
  0.02460000 -0.16801769E+02  0.53958654E-01      0.00000000      0.00000000
  0.02480000 -0.16748688E+02  0.53594112E-01      0.00000000      0.00000000
  0.02500000 -0.16695480E+02  0.53233981E-01      0.00000000      0.00000000
  0.02520000 -0.16642052E+02  0.52853942E-01      0.00000000      0.00000000
  0.02540000 -0.16588894E+02  0.52503228E-01      0.00000000      0.00000000
  0.02560000 -0.16536007E+02  0.52142024E-01      0.00000000      0.00000000
  0.02580000 -0.16483494E+02  0.51759601E-01      0.00000000      0.00000000
  0.02600000 -0.16432922E+02  0.51382661E-01      0.00000000      0.00000000
  0.02620000 -0.16382057E+02  0.51071882E-01      0.00000000      0.00000000
  0.02640000 -0.16332199E+02  0.50760031E-01      0.00000000      0.00000000
  0.02660000 -0.16281078E+02  0.50420761E-01      0.00000000      0.00000000
  0.02680000 -0.16231213E+02  0.50073862E-01      0.00000000      0.00000000
  0.02700000 -0.16181267E+02  0.49749613E-01      0.00000000      0.00000000
  0.02720000 -0.16131226E+02  0.49407005E-01      0.00000000      0.00000000
  0.02740000 -0.16081894E+02  0.49078941E-01      0.00000000      0.00000000
  0.02760000 -0.16032570E+02  0.48748970E-01      0.00000000      0.00000000
  0.02780000 -0.15984253E+02  0.48435450E-01      0.00000000      0.00000000
  0.02800000 -0.15936028E+02  0.48081160E-01      0.00000000      0.00000000
  0.02820000 -0.15888092E+02  0.47792435E-01      0.00000000      0.00000000
  0.02840000 -0.15840263E+02  0.47503233E-01      0.00000000      0.00000000
  0.02860000 -0.15792770E+02  0.47190189E-01      0.00000000      0.00000000
  0.02880000 -0.15746414E+02  0.46890736E-01      0.00000000      0.00000000
  0.02900000 -0.15699104E+02  0.46621799E-01      0.00000000      0.00000000
  0.02920000 -0.15652672E+02  0.46284676E-01      0.00000000      0.00000000
  0.02940000 -0.15607201E+02  0.46018124E-01      0.00000000      0.00000000
  0.02959999 -0.15561577E+02  0.45703888E-01      0.00000000      0.00000000
  0.02980000 -0.15516258E+02  0.45389175E-01      0.00000000      0.00000000
  0.03000000 -0.15471115E+02  0.45090675E-01      0.00000000      0.00000000
  0.03020000 -0.15426071E+02  0.44822693E-01      0.00000000      0.00000000
  0.03040000 -0.15381516E+02  0.44553757E-01      0.00000000      0.00000000
  0.03060000 -0.15336746E+02  0.44291496E-01      0.00000000      0.00000000
  0.03080000 -0.15292480E+02  0.43987274E-01      0.00000000      0.00000000
  0.03100000 -0.15248566E+02  0.43716431E-01      0.00000000      0.00000000
  0.03120000 -0.15204575E+02  0.43451309E-01      0.00000000      0.00000000
  0.03140000 -0.15161743E+02  0.43178558E-01      0.00000000      0.00000000
  0.03160000 -0.15119080E+02  0.42911530E-01      0.00000000      0.00000000
  0.03179999 -0.15075806E+02  0.42678833E-01      0.00000000      0.00000000
  0.03200001 -0.15033295E+02  0.42358398E-01      0.00000000      0.00000000
  0.03220000 -0.14990601E+02  0.42083740E-01      0.00000000      0.00000000
  0.03240000 -0.14948486E+02  0.41809082E-01      0.00000000      0.00000000
  0.03260000 -0.14906559E+02  0.41625977E-01      0.00000000      0.00000000
  0.03280000 -0.14865479E+02  0.41320801E-01      0.00000000      0.00000000
  0.03300000 -0.14824615E+02  0.41091919E-01      0.00000000      0.00000000
  0.03320000 -0.14783035E+02  0.40878296E-01      0.00000000      0.00000000
  0.03340000 -0.14742569E+02  0.40626526E-01      0.00000000      0.00000000
  0.03360000 -0.14702026E+02  0.40367126E-01      0.00000000      0.00000000
  0.03380000 -0.14661606E+02  0.40115356E-01      0.00000000      0.00000000
  0.03399999 -0.14621674E+02  0.39886475E-01      0.00000000      0.00000000
  0.03420001 -0.14582214E+02  0.39611816E-01      0.00000000      0.00000000
  0.03440000 -0.14543060E+02  0.39306641E-01      0.00000000      0.00000000
  0.03460000 -0.14503418E+02  0.39367676E-01      0.00000000      0.00000000
  0.03479999 -0.14464722E+02  0.38940430E-01      0.00000000      0.00000000
  0.03500000 -0.14426239E+02  0.38742065E-01      0.00000000      0.00000000
  0.03520000 -0.14386932E+02  0.38528442E-01      0.00000000      0.00000000
  0.03540000 -0.14348694E+02  0.38295746E-01      0.00000000      0.00000000
  0.03560000 -0.14310760E+02  0.38066864E-01      0.00000000      0.00000000
  0.03580000 -0.14273010E+02  0.37849426E-01      0.00000000      0.00000000
  0.03600000 -0.14235092E+02  0.37624359E-01      0.00000000      0.00000000
  0.03619999 -0.14197174E+02  0.37420273E-01      0.00000000      0.00000000
  0.03640000 -0.14159668E+02  0.37197113E-01      0.00000000      0.00000000
  0.03660000 -0.14123093E+02  0.36975861E-01      0.00000000      0.00000000
  0.03680000 -0.14086060E+02  0.36753654E-01      0.00000000      0.00000000
  0.03700000 -0.14049500E+02  0.36544800E-01      0.00000000      0.00000000
  0.03720000 -0.14013107E+02  0.36339760E-01      0.00000000      0.00000000
  0.03740000 -0.13976868E+02  0.36130905E-01      0.00000000      0.00000000
  0.03760000 -0.13940781E+02  0.35913467E-01      0.00000000      0.00000000
  0.03780000 -0.13904861E+02  0.35749912E-01      0.00000000      0.00000000
  0.03800000 -0.13869095E+02  0.35524845E-01      0.00000000      0.00000000
  0.03820000 -0.13833687E+02  0.35308838E-01      0.00000000      0.00000000
  0.03839999 -0.13798439E+02  0.35100937E-01      0.00000000      0.00000000
  0.03860000 -0.13763420E+02  0.34941673E-01      0.00000000      0.00000000
  0.03880000 -0.13728821E+02  0.34743786E-01      0.00000000      0.00000000
  0.03900000 -0.13694099E+02  0.34561634E-01      0.00000000      0.00000000
  0.03920000 -0.13659683E+02  0.34359694E-01      0.00000000      0.00000000
  0.03940000 -0.13625313E+02  0.34158230E-01      0.00000000      0.00000000
  0.03960000 -0.13591362E+02  0.33979654E-01      0.00000000      0.00000000
  0.03980000 -0.13557373E+02  0.33793688E-01      0.00000000      0.00000000
  0.04000000 -0.13523521E+02  0.33610821E-01      0.00000000      0.00000000
  0.04020000 -0.13489872E+02  0.33415079E-01      0.00000000      0.00000000
  0.04040000 -0.13456730E+02  0.33238411E-01      0.00000000      0.00000000
  0.04060000 -0.13423958E+02  0.33050418E-01      0.00000000      0.00000000
  0.04080000 -0.13390884E+02  0.32868028E-01      0.00000000      0.00000000
  0.04100000 -0.13358089E+02  0.32691598E-01      0.00000000      0.00000000
  0.04120000 -0.13325432E+02  0.32513380E-01      0.00000000      0.00000000
  0.04140000 -0.13293171E+02  0.32334208E-01      0.00000000      0.00000000
  0.04160000 -0.13260834E+02  0.32165051E-01      0.00000000      0.00000000
  0.04180000 -0.13228859E+02  0.31999350E-01      0.00000000      0.00000000
  0.04200000 -0.13196850E+02  0.31825185E-01      0.00000000      0.00000000
  0.04220000 -0.13165268E+02  0.31655192E-01      0.00000000      0.00000000
  0.04240000 -0.13133709E+02  0.31490684E-01      0.00000000      0.00000000
  0.04260000 -0.13102348E+02  0.31350732E-01      0.00000000      0.00000000
  0.04280000 -0.13070709E+02  0.31155109E-01      0.00000000      0.00000000
  0.04300000 -0.13039921E+02  0.30988574E-01      0.00000000      0.00000000
  0.04320000 -0.13008980E+02  0.30828476E-01      0.00000000      0.00000000
  0.04340000 -0.12978252E+02  0.30676842E-01      0.00000000      0.00000000
  0.04360000 -0.12947369E+02  0.30517995E-01      0.00000000      0.00000000
  0.04380000 -0.12917072E+02  0.30347466E-01      0.00000000      0.00000000
  0.04400000 -0.12887218E+02  0.30199826E-01      0.00000000      0.00000000
  0.04420000 -0.12857311E+02  0.30035019E-01      0.00000000      0.00000000
  0.04440000 -0.12827499E+02  0.29896975E-01      0.00000000      0.00000000
  0.04460000 -0.12797363E+02  0.29733062E-01      0.00000000      0.00000000
  0.04480000 -0.12767792E+02  0.29571414E-01      0.00000000      0.00000000
  0.04500000 -0.12738266E+02  0.29413819E-01      0.00000000      0.00000000
  0.04520000 -0.12708591E+02  0.29259264E-01      0.00000000      0.00000000
  0.04539999 -0.12679373E+02  0.29129028E-01      0.00000000      0.00000000
  0.04560000 -0.12649849E+02  0.28972566E-01      0.00000000      0.00000000
  0.04580000 -0.12621235E+02  0.28798461E-01      0.00000000      0.00000000
  0.04600000 -0.12592350E+02  0.28658807E-01      0.00000000      0.00000000
  0.04620000 -0.12563560E+02  0.28519571E-01      0.00000000      0.00000000
  0.04640000 -0.12535025E+02  0.28391600E-01      0.00000000      0.00000000
  0.04660000 -0.12506563E+02  0.28262377E-01      0.00000000      0.00000000
  0.04680000 -0.12478180E+02  0.28108060E-01      0.00000000      0.00000000
  0.04700000 -0.12450592E+02  0.27958214E-01      0.00000000      0.00000000
  0.04720000 -0.12423021E+02  0.27822286E-01      0.00000000      0.00000000
  0.04740000 -0.12395350E+02  0.27664483E-01      0.00000000      0.00000000
  0.04759999 -0.12367649E+02  0.27533203E-01      0.00000000      0.00000000
  0.04780000 -0.12340563E+02  0.27406573E-01      0.00000000      0.00000000
  0.04800000 -0.12313147E+02  0.27263969E-01      0.00000000      0.00000000
  0.04820000 -0.12285894E+02  0.27137488E-01      0.00000000      0.00000000
  0.04840000 -0.12258848E+02  0.27011335E-01      0.00000000      0.00000000
  0.04860000 -0.12231825E+02  0.26880771E-01      0.00000000      0.00000000
  0.04880000 -0.12205048E+02  0.26739180E-01      0.00000000      0.00000000
  0.04899999 -0.12178120E+02  0.26598096E-01      0.00000000      0.00000000
  0.04920000 -0.12151783E+02  0.26481897E-01      0.00000000      0.00000000
  0.04940000 -0.12125095E+02  0.26338279E-01      0.00000000      0.00000000
  0.04960000 -0.12098845E+02  0.26223153E-01      0.00000000      0.00000000
  0.04979999 -0.12072874E+02  0.26105046E-01      0.00000000      0.00000000
  0.05000000 -0.12046574E+02  0.25972694E-01      0.00000000      0.00000000
  0.05020000 -0.12020657E+02  0.25836855E-01      0.00000000      0.00000000
  0.05040000 -0.11995125E+02  0.25717080E-01      0.00000000      0.00000000
  0.05060000 -0.11969492E+02  0.25581867E-01      0.00000000      0.00000000
  0.05080000 -0.11944103E+02  0.25459826E-01      0.00000000      0.00000000
  0.05100000 -0.11918505E+02  0.25326908E-01      0.00000000      0.00000000
  0.05119999 -0.11893135E+02  0.25227845E-01      0.00000000      0.00000000
  0.05140000 -0.11867676E+02  0.25108218E-01      0.00000000      0.00000000
  0.05160000 -0.11842730E+02  0.24979740E-01      0.00000000      0.00000000
  0.05180000 -0.11817833E+02  0.24863750E-01      0.00000000      0.00000000
  0.05199999 -0.11793186E+02  0.24770945E-01      0.00000000      0.00000000
  0.05220000 -0.11768383E+02  0.24631232E-01      0.00000000      0.00000000
  0.05240000 -0.11743698E+02  0.24522141E-01      0.00000000      0.00000000
  0.05260000 -0.11719320E+02  0.24396107E-01      0.00000000      0.00000000
  0.05280000 -0.11694929E+02  0.24280071E-01      0.00000000      0.00000000
  0.05300000 -0.11670818E+02  0.24176463E-01      0.00000000      0.00000000
  0.05320000 -0.11646606E+02  0.24064869E-01      0.00000000      0.00000000
  0.05339999 -0.11622810E+02  0.23952678E-01      0.00000000      0.00000000
  0.05360000 -0.11598858E+02  0.23826286E-01      0.00000000      0.00000000
  0.05380000 -0.11575016E+02  0.23721263E-01      0.00000000      0.00000000
  0.05400000 -0.11551456E+02  0.23620278E-01      0.00000000      0.00000000
  0.05420000 -0.11527818E+02  0.23511380E-01      0.00000000      0.00000000
  0.05440000 -0.11504542E+02  0.23403332E-01      0.00000000      0.00000000
  0.05460000 -0.11480943E+02  0.23289621E-01      0.00000000      0.00000000
  0.05480000 -0.11458048E+02  0.23186848E-01      0.00000000      0.00000000
  0.05500000 -0.11434849E+02  0.23069710E-01      0.00000000      0.00000000
  0.05520000 -0.11411839E+02  0.22987574E-01      0.00000000      0.00000000
  0.05540000 -0.11388754E+02  0.22881746E-01      0.00000000      0.00000000
  0.05560000 -0.11365753E+02  0.22768542E-01      0.00000000      0.00000000
  0.05580000 -0.11343064E+02  0.22656873E-01      0.00000000      0.00000000
  0.05600000 -0.11320781E+02  0.22572190E-01      0.00000000      0.00000000
  0.05620000 -0.11298143E+02  0.22453204E-01      0.00000000      0.00000000
  0.05640000 -0.11275623E+02  0.22348046E-01      0.00000000      0.00000000
  0.05660000 -0.11253295E+02  0.22260547E-01      0.00000000      0.00000000
  0.05680000 -0.11231125E+02  0.22165716E-01      0.00000000      0.00000000
  0.05700000 -0.11208879E+02  0.22066876E-01      0.00000000      0.00000000
  0.05720000 -0.11186930E+02  0.21963671E-01      0.00000000      0.00000000
  0.05740000 -0.11165084E+02  0.21856561E-01      0.00000000      0.00000000
  0.05760000 -0.11143488E+02  0.21764785E-01      0.00000000      0.00000000
  0.05780000 -0.11121822E+02  0.21674633E-01      0.00000000      0.00000000
  0.05800000 -0.11100307E+02  0.21565214E-01      0.00000000      0.00000000
  0.05819999 -0.11078726E+02  0.21487474E-01      0.00000000      0.00000000
  0.05840000 -0.11057129E+02  0.21385387E-01      0.00000000      0.00000000
  0.05860000 -0.11035922E+02  0.21297708E-01      0.00000000      0.00000000
  0.05880000 -0.11014838E+02  0.21195740E-01      0.00000000      0.00000000
  0.05900000 -0.10993790E+02  0.21115020E-01      0.00000000      0.00000000
  0.05920000 -0.10972726E+02  0.21003634E-01      0.00000000      0.00000000
  0.05940000 -0.10951921E+02  0.20913199E-01      0.00000000      0.00000000
  0.05960000 -0.10930482E+02  0.20816833E-01      0.00000000      0.00000000
  0.05980000 -0.10909622E+02  0.20728678E-01      0.00000000      0.00000000
  0.06000000 -0.10888824E+02  0.20643763E-01      0.00000000      0.00000000
  0.06020000 -0.10868339E+02  0.20559199E-01      0.00000000      0.00000000
  0.06039999 -0.10847779E+02  0.20469509E-01      0.00000000      0.00000000
  0.06060000 -0.10827448E+02  0.20377144E-01      0.00000000      0.00000000
  0.06080000 -0.10807303E+02  0.20288713E-01      0.00000000      0.00000000
  0.06100000 -0.10787055E+02  0.20223983E-01      0.00000000      0.00000000
  0.06119999 -0.10766904E+02  0.20129152E-01      0.00000000      0.00000000
  0.06140000 -0.10746918E+02  0.20033590E-01      0.00000000      0.00000000
  0.06160000 -0.10726917E+02  0.19951627E-01      0.00000000      0.00000000
  0.06180000 -0.10707055E+02  0.19867025E-01      0.00000000      0.00000000
  0.06200000 -0.10687169E+02  0.19772157E-01      0.00000000      0.00000000
  0.06220000 -0.10667455E+02  0.19697733E-01      0.00000000      0.00000000
  0.06240000 -0.10647599E+02  0.19608989E-01      0.00000000      0.00000000
  0.06259999 -0.10628209E+02  0.19517630E-01      0.00000000      0.00000000
  0.06280001 -0.10608311E+02  0.19444734E-01      0.00000000      0.00000000
  0.06300000 -0.10588827E+02  0.19379400E-01      0.00000000      0.00000000
  0.06320000 -0.10569633E+02  0.19285679E-01      0.00000000      0.00000000
  0.06339999 -0.10550301E+02  0.19193783E-01      0.00000000      0.00000000
  0.06360000 -0.10531327E+02  0.19129500E-01      0.00000000      0.00000000
  0.06380000 -0.10512321E+02  0.19046575E-01      0.00000000      0.00000000
  0.06400000 -0.10493351E+02  0.18946007E-01      0.00000000      0.00000000
  0.06420000 -0.10474490E+02  0.18873185E-01      0.00000000      0.00000000
  0.06440000 -0.10455606E+02  0.18796511E-01      0.00000000      0.00000000
  0.06460000 -0.10436869E+02  0.18725082E-01      0.00000000      0.00000000
  0.06479999 -0.10418028E+02  0.18660836E-01      0.00000000      0.00000000
  0.06500000 -0.10399323E+02  0.18580399E-01      0.00000000      0.00000000
  0.06520000 -0.10380666E+02  0.18498324E-01      0.00000000      0.00000000
  0.06540000 -0.10361992E+02  0.18430032E-01      0.00000000      0.00000000
  0.06559999 -0.10343850E+02  0.18354066E-01      0.00000000      0.00000000
  0.06580000 -0.10325428E+02  0.18258438E-01      0.00000000      0.00000000
  0.06600000 -0.10307230E+02  0.18195689E-01      0.00000000      0.00000000
  0.06620000 -0.10288904E+02  0.18125825E-01      0.00000000      0.00000000
  0.06640000 -0.10271077E+02  0.18039949E-01      0.00000000      0.00000000
  0.06660000 -0.10252762E+02  0.17974697E-01      0.00000000      0.00000000
  0.06680001 -0.10234866E+02  0.17890595E-01      0.00000000      0.00000000
  0.06699999 -0.10217284E+02  0.17820425E-01      0.00000000      0.00000000
  0.06720000 -0.10199554E+02  0.17750606E-01      0.00000000      0.00000000
  0.06739999 -0.10181637E+02  0.17683811E-01      0.00000000      0.00000000
  0.06760000 -0.10164049E+02  0.17623164E-01      0.00000000      0.00000000
  0.06780000 -0.10146720E+02  0.17552331E-01      0.00000000      0.00000000
  0.06800000 -0.10129079E+02  0.17471924E-01      0.00000000      0.00000000
  0.06820000 -0.10111477E+02  0.17406821E-01      0.00000000      0.00000000
  0.06840000 -0.10094194E+02  0.17338037E-01      0.00000000      0.00000000
  0.06859999 -0.10076952E+02  0.17262302E-01      0.00000000      0.00000000
  0.06880000 -0.10059695E+02  0.17197177E-01      0.00000000      0.00000000
  0.06900001 -0.10042737E+02  0.17135553E-01      0.00000000      0.00000000
  0.06919999 -0.10025548E+02  0.17065458E-01      0.00000000      0.00000000
  0.06940000 -0.10008398E+02  0.16995542E-01      0.00000000      0.00000000
  0.06960000 -0.99914541E+01  0.16917370E-01      0.00000000      0.00000000
  0.06980000 -0.99748154E+01  0.16857773E-01      0.00000000      0.00000000
  0.07000000 -0.99580059E+01  0.16805485E-01      0.00000000      0.00000000
  0.07020000 -0.99410934E+01  0.16734172E-01      0.00000000      0.00000000
  0.07040000 -0.99245348E+01  0.16662776E-01      0.00000000      0.00000000
  0.07060000 -0.99077883E+01  0.16608212E-01      0.00000000      0.00000000
  0.07079999 -0.98914862E+01  0.16530797E-01      0.00000000      0.00000000
  0.07099999 -0.98750439E+01  0.16446970E-01      0.00000000      0.00000000
  0.07120001 -0.98584080E+01  0.16398482E-01      0.00000000      0.00000000
  0.07139999 -0.98419962E+01  0.16339462E-01      0.00000000      0.00000000
  0.07160000 -0.98258171E+01  0.16267452E-01      0.00000000      0.00000000
  0.07180000 -0.98093567E+01  0.16220402E-01      0.00000000      0.00000000
  0.07200000 -0.97929668E+01  0.16156066E-01      0.00000000      0.00000000
  0.07220000 -0.97768345E+01  0.16095810E-01      0.00000000      0.00000000
  0.07239999 -0.97608109E+01  0.16023315E-01      0.00000000      0.00000000
  0.07260000 -0.97447109E+01  0.15962396E-01      0.00000000      0.00000000
  0.07280000 -0.97289562E+01  0.15901823E-01      0.00000000      0.00000000
  0.07299999 -0.97129917E+01  0.15827034E-01      0.00000000      0.00000000
  0.07319999 -0.96973448E+01  0.15762795E-01      0.00000000      0.00000000
  0.07340001 -0.96816139E+01  0.15727688E-01      0.00000000      0.00000000
  0.07359999 -0.96659994E+01  0.15650235E-01      0.00000000      0.00000000
  0.07380000 -0.96502666E+01  0.15589852E-01      0.00000000      0.00000000
  0.07400000 -0.96346073E+01  0.15542943E-01      0.00000000      0.00000000
  0.07420000 -0.96191273E+01  0.15486181E-01      0.00000000      0.00000000
  0.07440000 -0.96038017E+01  0.15426055E-01      0.00000000      0.00000000
  0.07460000 -0.95883398E+01  0.15365440E-01      0.00000000      0.00000000
  0.07480000 -0.95731716E+01  0.15316889E-01      0.00000000      0.00000000
  0.07500000 -0.95582561E+01  0.15259948E-01      0.00000000      0.00000000
  0.07519999 -0.95429211E+01  0.15202615E-01      0.00000000      0.00000000
  0.07539999 -0.95278206E+01  0.15136424E-01      0.00000000      0.00000000
  0.07560000 -0.95127277E+01  0.15072763E-01      0.00000000      0.00000000
  0.07579999 -0.94974670E+01  0.15038766E-01      0.00000000      0.00000000
  0.07600000 -0.94825554E+01  0.14972139E-01      0.00000000      0.00000000
  0.07620000 -0.94673500E+01  0.14912840E-01      0.00000000      0.00000000
  0.07640000 -0.94525185E+01  0.14850553E-01      0.00000000      0.00000000
  0.07660000 -0.94377518E+01  0.14792815E-01      0.00000000      0.00000000
  0.07680000 -0.94229012E+01  0.14756676E-01      0.00000000      0.00000000
  0.07699999 -0.94082146E+01  0.14699850E-01      0.00000000      0.00000000
  0.07720000 -0.93935404E+01  0.14634192E-01      0.00000000      0.00000000
  0.07739999 -0.93790531E+01  0.14579453E-01      0.00000000      0.00000000
  0.07759999 -0.93645077E+01  0.14536776E-01      0.00000000      0.00000000
  0.07780000 -0.93498964E+01  0.14473185E-01      0.00000000      0.00000000
  0.07799999 -0.93355408E+01  0.14423404E-01      0.00000000      0.00000000
  0.07820000 -0.93210630E+01  0.14375191E-01      0.00000000      0.00000000
  0.07840000 -0.93066015E+01  0.14333215E-01      0.00000000      0.00000000
  0.07860000 -0.92923355E+01  0.14280498E-01      0.00000000      0.00000000
  0.07880000 -0.92780819E+01  0.14209647E-01      0.00000000      0.00000000
  0.07900000 -0.92638855E+01  0.14161292E-01      0.00000000      0.00000000
  0.07919999 -0.92497854E+01  0.14110696E-01      0.00000000      0.00000000
  0.07940000 -0.92357082E+01  0.14054861E-01      0.00000000      0.00000000
  0.07960001 -0.92217388E+01  0.14017534E-01      0.00000000      0.00000000
  0.07979999 -0.92078304E+01  0.13982814E-01      0.00000000      0.00000000
