 -0.04000000  0.91515846E+01  0.26513338E-01      0.00000000      0.00000000
 -0.03980000  0.91780663E+01  0.26648998E-01      0.00000000      0.00000000
 -0.03960000  0.92049866E+01  0.26793003E-01      0.00000000      0.00000000
 -0.03940000  0.92316895E+01  0.26953459E-01      0.00000000      0.00000000
 -0.03920000  0.92589722E+01  0.27094603E-01      0.00000000      0.00000000
 -0.03900000  0.92859039E+01  0.27245283E-01      0.00000000      0.00000000
 -0.03880000  0.93133392E+01  0.27390242E-01      0.00000000      0.00000000
 -0.03860000  0.93405380E+01  0.27548313E-01      0.00000000      0.00000000
 -0.03840000  0.93681030E+01  0.27693748E-01      0.00000000      0.00000000
 -0.03820000  0.93959122E+01  0.27847767E-01      0.00000000      0.00000000
 -0.03800000  0.94241104E+01  0.28005600E-01      0.00000000      0.00000000
 -0.03780000  0.94523849E+01  0.28160095E-01      0.00000000      0.00000000
 -0.03760000  0.94807587E+01  0.28319836E-01      0.00000000      0.00000000
 -0.03740000  0.95091629E+01  0.28482437E-01      0.00000000      0.00000000
 -0.03720000  0.95375214E+01  0.28639793E-01      0.00000000      0.00000000
 -0.03700000  0.95662384E+01  0.28797150E-01      0.00000000      0.00000000
 -0.03680000  0.95952911E+01  0.28977394E-01      0.00000000      0.00000000
 -0.03660000  0.96240845E+01  0.29133797E-01      0.00000000      0.00000000
 -0.03640000  0.96531830E+01  0.29310226E-01      0.00000000      0.00000000
 -0.03620000  0.96826782E+01  0.29472351E-01      0.00000000      0.00000000
 -0.03600000  0.97118988E+01  0.29634476E-01      0.00000000      0.00000000
 -0.03580000  0.97417145E+01  0.29808044E-01      0.00000000      0.00000000
 -0.03560000  0.97719421E+01  0.29975891E-01      0.00000000      0.00000000
 -0.03540000  0.98020630E+01  0.30166626E-01      0.00000000      0.00000000
 -0.03520000  0.98325806E+01  0.30349731E-01      0.00000000      0.00000000
 -0.03500000  0.98630371E+01  0.30456543E-01      0.00000000      0.00000000
 -0.03480000  0.98936462E+01  0.30578613E-01      0.00000000      0.00000000
 -0.03460000  0.99242401E+01  0.30944824E-01      0.00000000      0.00000000
 -0.03440000  0.99548035E+01  0.31005859E-01      0.00000000      0.00000000
 -0.03420000  0.99859390E+01  0.31234741E-01      0.00000000      0.00000000
 -0.03400000  0.10017083E+02  0.31402588E-01      0.00000000      0.00000000
 -0.03380000  0.10048286E+02  0.31600952E-01      0.00000000      0.00000000
 -0.03360000  0.10079926E+02  0.31829834E-01      0.00000000      0.00000000
 -0.03340000  0.10112411E+02  0.31982422E-01      0.00000000      0.00000000
 -0.03320000  0.10144592E+02  0.32104492E-01      0.00000000      0.00000000
 -0.03300000  0.10176941E+02  0.32348633E-01      0.00000000      0.00000000
 -0.03280000  0.10209259E+02  0.32577515E-01      0.00000000      0.00000000
 -0.03260000  0.10242218E+02  0.32760620E-01      0.00000000      0.00000000
 -0.03240000  0.10275116E+02  0.32955170E-01      0.00000000      0.00000000
 -0.03220000  0.10308075E+02  0.33153534E-01      0.00000000      0.00000000
 -0.03200000  0.10341232E+02  0.33363342E-01      0.00000000      0.00000000
 -0.03180000  0.10374741E+02  0.33575058E-01      0.00000000      0.00000000
 -0.03160000  0.10408401E+02  0.33777237E-01      0.00000000      0.00000000
 -0.03140000  0.10442413E+02  0.33983231E-01      0.00000000      0.00000000
 -0.03120000  0.10476273E+02  0.34193993E-01      0.00000000      0.00000000
 -0.03100000  0.10510666E+02  0.34403801E-01      0.00000000      0.00000000
 -0.03080000  0.10545288E+02  0.34617424E-01      0.00000000      0.00000000
 -0.03060000  0.10579468E+02  0.34827232E-01      0.00000000      0.00000000
 -0.03040000  0.10614471E+02  0.35041809E-01      0.00000000      0.00000000
 -0.03020000  0.10649864E+02  0.35265446E-01      0.00000000      0.00000000
 -0.03000000  0.10685448E+02  0.35491467E-01      0.00000000      0.00000000
 -0.02980000  0.10720825E+02  0.35703182E-01      0.00000000      0.00000000
 -0.02960000  0.10756935E+02  0.35953522E-01      0.00000000      0.00000000
 -0.02940000  0.10793045E+02  0.36177158E-01      0.00000000      0.00000000
 -0.02920000  0.10829247E+02  0.36409616E-01      0.00000000      0.00000000
 -0.02900000  0.10865936E+02  0.36639690E-01      0.00000000      0.00000000
 -0.02880000  0.10902519E+02  0.36864996E-01      0.00000000      0.00000000
 -0.02860000  0.10939819E+02  0.37104130E-01      0.00000000      0.00000000
 -0.02840000  0.10977009E+02  0.37340403E-01      0.00000000      0.00000000
 -0.02820000  0.11013920E+02  0.37577152E-01      0.00000000      0.00000000
 -0.02800000  0.11051338E+02  0.37816048E-01      0.00000000      0.00000000
 -0.02780000  0.11089561E+02  0.38061976E-01      0.00000000      0.00000000
 -0.02760000  0.11127758E+02  0.38301468E-01      0.00000000      0.00000000
 -0.02740000  0.11165733E+02  0.38559914E-01      0.00000000      0.00000000
 -0.02720000  0.11204788E+02  0.38820028E-01      0.00000000      0.00000000
 -0.02700000  0.11244267E+02  0.39077163E-01      0.00000000      0.00000000
 -0.02680000  0.11283581E+02  0.39343596E-01      0.00000000      0.00000000
 -0.02660000  0.11323246E+02  0.39602399E-01      0.00000000      0.00000000
 -0.02640000  0.11362606E+02  0.39870143E-01      0.00000000      0.00000000
 -0.02620000  0.11402451E+02  0.40136218E-01      0.00000000      0.00000000
 -0.02600000  0.11442703E+02  0.40400624E-01      0.00000000      0.00000000
 -0.02580000  0.11483234E+02  0.40666342E-01      0.00000000      0.00000000
 -0.02560000  0.11523590E+02  0.40928364E-01      0.00000000      0.00000000
 -0.02540000  0.11564293E+02  0.41196167E-01      0.00000000      0.00000000
 -0.02520000  0.11605881E+02  0.41489959E-01      0.00000000      0.00000000
 -0.02500000  0.11647560E+02  0.41762590E-01      0.00000000      0.00000000
 -0.02480000  0.11689922E+02  0.42061031E-01      0.00000000      0.00000000
 -0.02460000  0.11732170E+02  0.42344868E-01      0.00000000      0.00000000
 -0.02440000  0.11774252E+02  0.42643964E-01      0.00000000      0.00000000
 -0.02420000  0.11816864E+02  0.42931616E-01      0.00000000      0.00000000
 -0.02400000  0.11860191E+02  0.43239534E-01      0.00000000      0.00000000
 -0.02380000  0.11903328E+02  0.43534279E-01      0.00000000      0.00000000
 -0.02360000  0.11947052E+02  0.43829203E-01      0.00000000      0.00000000
 -0.02340000  0.11990982E+02  0.44141591E-01      0.00000000      0.00000000
 -0.02320000  0.12035702E+02  0.44462383E-01      0.00000000      0.00000000
 -0.02300000  0.12080364E+02  0.44780016E-01      0.00000000      0.00000000
 -0.02280000  0.12125214E+02  0.45087457E-01      0.00000000      0.00000000
 -0.02260000  0.12170607E+02  0.45423269E-01      0.00000000      0.00000000
 -0.02240000  0.12216202E+02  0.45731485E-01      0.00000000      0.00000000
 -0.02220000  0.12261814E+02  0.46056211E-01      0.00000000      0.00000000
 -0.02200000  0.12308065E+02  0.46401352E-01      0.00000000      0.00000000
 -0.02180000  0.12354298E+02  0.46724528E-01      0.00000000      0.00000000
 -0.02160000  0.12400841E+02  0.47048390E-01      0.00000000      0.00000000
 -0.02140000  0.12447590E+02  0.47397196E-01      0.00000000      0.00000000
 -0.02120000  0.12495440E+02  0.47736287E-01      0.00000000      0.00000000
 -0.02100000  0.12543444E+02  0.48092306E-01      0.00000000      0.00000000
 -0.02080000  0.12592316E+02  0.48441648E-01      0.00000000      0.00000000
 -0.02060000  0.12640848E+02  0.48810214E-01      0.00000000      0.00000000
 -0.02040000  0.12690256E+02  0.49171954E-01      0.00000000      0.00000000
 -0.02020000  0.12739584E+02  0.49541205E-01      0.00000000      0.00000000
 -0.02000000  0.12788712E+02  0.49916834E-01      0.00000000      0.00000000
 -0.01980000  0.12838711E+02  0.50283372E-01      0.00000000      0.00000000
 -0.01960000  0.12888815E+02  0.50645769E-01      0.00000000      0.00000000
 -0.01940000  0.12940277E+02  0.51041305E-01      0.00000000      0.00000000
 -0.01920000  0.12991484E+02  0.51422119E-01      0.00000000      0.00000000
 -0.01900000  0.13043406E+02  0.51816851E-01      0.00000000      0.00000000
 -0.01880000  0.13095482E+02  0.52215219E-01      0.00000000      0.00000000
 -0.01860000  0.13147543E+02  0.52601337E-01      0.00000000      0.00000000
 -0.01840000  0.13200489E+02  0.52999496E-01      0.00000000      0.00000000
 -0.01820000  0.13253883E+02  0.53414971E-01      0.00000000      0.00000000
 -0.01800000  0.13307458E+02  0.53823054E-01      0.00000000      0.00000000
 -0.01780000  0.13361819E+02  0.54243743E-01      0.00000000      0.00000000
 -0.01760000  0.13416281E+02  0.54669574E-01      0.00000000      0.00000000
 -0.01740000  0.13471003E+02  0.55089787E-01      0.00000000      0.00000000
 -0.01720000  0.13526448E+02  0.55521011E-01      0.00000000      0.00000000
 -0.01700000  0.13582224E+02  0.55959538E-01      0.00000000      0.00000000
 -0.01680000  0.13638586E+02  0.56404367E-01      0.00000000      0.00000000
 -0.01660000  0.13695291E+02  0.56857497E-01      0.00000000      0.00000000
 -0.01640000  0.13752634E+02  0.57308182E-01      0.00000000      0.00000000
 -0.01620000  0.13810090E+02  0.57776496E-01      0.00000000      0.00000000
 -0.01600000  0.13867954E+02  0.58241993E-01      0.00000000      0.00000000
 -0.01580000  0.13926270E+02  0.58707371E-01      0.00000000      0.00000000
 -0.01560000  0.13985824E+02  0.59188932E-01      0.00000000      0.00000000
 -0.01540000  0.14045404E+02  0.59664577E-01      0.00000000      0.00000000
 -0.01520000  0.14105402E+02  0.60161769E-01      0.00000000      0.00000000
 -0.01500000  0.14165406E+02  0.60641631E-01      0.00000000      0.00000000
 -0.01480000  0.14226107E+02  0.61145440E-01      0.00000000      0.00000000
 -0.01460000  0.14287547E+02  0.61639041E-01      0.00000000      0.00000000
 -0.01440000  0.14350165E+02  0.62161118E-01      0.00000000      0.00000000
 -0.01420000  0.14412328E+02  0.62682629E-01      0.00000000      0.00000000
 -0.01400000  0.14474478E+02  0.63213095E-01      0.00000000      0.00000000
 -0.01380000  0.14537807E+02  0.63748345E-01      0.00000000      0.00000000
 -0.01360000  0.14602110E+02  0.64268306E-01      0.00000000      0.00000000
 -0.01340000  0.14666623E+02  0.64819440E-01      0.00000000      0.00000000
 -0.01320000  0.14731324E+02  0.65352544E-01      0.00000000      0.00000000
 -0.01300000  0.14797030E+02  0.65928265E-01      0.00000000      0.00000000
 -0.01280000  0.14863379E+02  0.66499263E-01      0.00000000      0.00000000
 -0.01260000  0.14931005E+02  0.67078963E-01      0.00000000      0.00000000
 -0.01240000  0.14998309E+02  0.67655757E-01      0.00000000      0.00000000
 -0.01220000  0.15066698E+02  0.68251200E-01      0.00000000      0.00000000
 -0.01200000  0.15135633E+02  0.68851441E-01      0.00000000      0.00000000
 -0.01180000  0.15204013E+02  0.69445662E-01      0.00000000      0.00000000
 -0.01160000  0.15273307E+02  0.70051782E-01      0.00000000      0.00000000
 -0.01140000  0.15343191E+02  0.70670918E-01      0.00000000      0.00000000
 -0.01120000  0.15415226E+02  0.71314231E-01      0.00000000      0.00000000
 -0.01100000  0.15486820E+02  0.71961112E-01      0.00000000      0.00000000
 -0.01080000  0.15559228E+02  0.72604232E-01      0.00000000      0.00000000
 -0.01060000  0.15631866E+02  0.73241338E-01      0.00000000      0.00000000
 -0.01040000  0.15704945E+02  0.73915489E-01      0.00000000      0.00000000
 -0.01020000  0.15779074E+02  0.74578002E-01      0.00000000      0.00000000
 -0.01000000  0.15854948E+02  0.75247943E-01      0.00000000      0.00000000
 -0.00980000  0.15930639E+02  0.75955123E-01      0.00000000      0.00000000
 -0.00960000  0.16007238E+02  0.76665923E-01      0.00000000      0.00000000
 -0.00940000  0.16083355E+02  0.77346712E-01      0.00000000      0.00000000
 -0.00920000  0.16160986E+02  0.78071035E-01      0.00000000      0.00000000
 -0.00900000  0.16239382E+02  0.78809775E-01      0.00000000      0.00000000
 -0.00880000  0.16318195E+02  0.79539537E-01      0.00000000      0.00000000
 -0.00860000  0.16397888E+02  0.80307730E-01      0.00000000      0.00000000
 -0.00840000  0.16479671E+02  0.81075594E-01      0.00000000      0.00000000
 -0.00820000  0.16560905E+02  0.81831045E-01      0.00000000      0.00000000
 -0.00800000  0.16643391E+02  0.82609855E-01      0.00000000      0.00000000
 -0.00780000  0.16727455E+02  0.83411455E-01      0.00000000      0.00000000
 -0.00760000  0.16811605E+02  0.84234051E-01      0.00000000      0.00000000
 -0.00740000  0.16895908E+02  0.85036859E-01      0.00000000      0.00000000
 -0.00720000  0.16981096E+02  0.85880533E-01      0.00000000      0.00000000
 -0.00700000  0.17066412E+02  0.86700603E-01      0.00000000      0.00000000
 -0.00680000  0.17153778E+02  0.87562919E-01      0.00000000      0.00000000
 -0.00660000  0.17241594E+02  0.88440426E-01      0.00000000      0.00000000
 -0.00640000  0.17330849E+02  0.89325771E-01      0.00000000      0.00000000
 -0.00620000  0.17420557E+02  0.90213224E-01      0.00000000      0.00000000
 -0.00600000  0.17510084E+02  0.91110349E-01      0.00000000      0.00000000
 -0.00580000  0.17601616E+02  0.92025585E-01      0.00000000      0.00000000
 -0.00560000  0.17692970E+02  0.92937067E-01      0.00000000      0.00000000
 -0.00540000  0.17787304E+02  0.93897387E-01      0.00000000      0.00000000
 -0.00520000  0.17882866E+02  0.94878048E-01      0.00000000      0.00000000
 -0.00500000  0.17977348E+02  0.95851943E-01      0.00000000      0.00000000
 -0.00480000  0.18074272E+02  0.96853241E-01      0.00000000      0.00000000
 -0.00460000  0.18172079E+02  0.97855151E-01      0.00000000      0.00000000
 -0.00440000  0.18269728E+02  0.98876059E-01      0.00000000      0.00000000
 -0.00420000  0.18369524E+02  0.99919349E-01      0.00000000      0.00000000
 -0.00400000  0.18469107E+02  0.10095567E+00      0.00000000      0.00000000
 -0.00380000  0.18570469E+02  0.10205095E+00      0.00000000      0.00000000
 -0.00360000  0.18672400E+02  0.10314653E+00      0.00000000      0.00000000
 -0.00340000  0.18776896E+02  0.10426268E+00      0.00000000      0.00000000
 -0.00320000  0.18881207E+02  0.10539613E+00      0.00000000      0.00000000
 -0.00300000  0.18987127E+02  0.10652705E+00      0.00000000      0.00000000
 -0.00280000  0.19094221E+02  0.10768259E+00      0.00000000      0.00000000
 -0.00260000  0.19202181E+02  0.10885070E+00      0.00000000      0.00000000
 -0.00240000  0.19312065E+02  0.11005075E+00      0.00000000      0.00000000
 -0.00220000  0.19421915E+02  0.11125094E+00      0.00000000      0.00000000
 -0.00200000  0.19534235E+02  0.11251312E+00      0.00000000      0.00000000
 -0.00180000  0.19647722E+02  0.11377097E+00      0.00000000      0.00000000
 -0.00160000  0.19761711E+02  0.11506015E+00      0.00000000      0.00000000
 -0.00140000  0.19878582E+02  0.11638226E+00      0.00000000      0.00000000
 -0.00120000  0.19996202E+02  0.11770488E+00      0.00000000      0.00000000
 -0.00100000  0.20114841E+02  0.11907247E+00      0.00000000      0.00000000
 -0.00080000  0.20234507E+02  0.12048004E+00      0.00000000      0.00000000
 -0.00060000  0.20356195E+02  0.12189560E+00      0.00000000      0.00000000
 -0.00040000  0.20477467E+02  0.12329309E+00      0.00000000      0.00000000
 -0.00020000  0.20600328E+02  0.12471468E+00      0.00000000      0.00000000
  0.00000000  0.20726624E+02  0.12618592E+00      0.00000000      0.00000000
  0.00020000  0.20851685E+02  0.12766260E+00      0.00000000      0.00000000
  0.00040000  0.20981863E+02  0.12921400E+00      0.00000000      0.00000000
  0.00060000  0.21111856E+02  0.13076308E+00      0.00000000      0.00000000
  0.00080000  0.21242401E+02  0.13233562E+00      0.00000000      0.00000000
  0.00100000  0.21376698E+02  0.13397045E+00      0.00000000      0.00000000
  0.00120000  0.21511936E+02  0.13561063E+00      0.00000000      0.00000000
  0.00140000  0.21647921E+02  0.13728371E+00      0.00000000      0.00000000
  0.00160000  0.21785963E+02  0.13898067E+00      0.00000000      0.00000000
  0.00180000  0.21924803E+02  0.14070500E+00      0.00000000      0.00000000
  0.00200000  0.22067173E+02  0.14248523E+00      0.00000000      0.00000000
  0.00220000  0.22210800E+02  0.14428554E+00      0.00000000      0.00000000
  0.00240000  0.22355642E+02  0.14613451E+00      0.00000000      0.00000000
  0.00260000  0.22502234E+02  0.14799577E+00      0.00000000      0.00000000
  0.00280000  0.22651772E+02  0.14989975E+00      0.00000000      0.00000000
  0.00300000  0.22802601E+02  0.15184590E+00      0.00000000      0.00000000
  0.00320000  0.22955633E+02  0.15383367E+00      0.00000000      0.00000000
  0.00340000  0.23111263E+02  0.15586892E+00      0.00000000      0.00000000
  0.00360000  0.23267475E+02  0.15792733E+00      0.00000000      0.00000000
  0.00380000  0.23426670E+02  0.16002685E+00      0.00000000      0.00000000
  0.00400000  0.23588491E+02  0.16220838E+00      0.00000000      0.00000000
  0.00420000  0.23751493E+02  0.16437525E+00      0.00000000      0.00000000
  0.00440000  0.23916763E+02  0.16664137E+00      0.00000000      0.00000000
  0.00460000  0.24084658E+02  0.16889378E+00      0.00000000      0.00000000
  0.00480000  0.24252026E+02  0.17117356E+00      0.00000000      0.00000000
  0.00500000  0.24424351E+02  0.17352781E+00      0.00000000      0.00000000
  0.00520000  0.24597656E+02  0.17593198E+00      0.00000000      0.00000000
  0.00540000  0.24773636E+02  0.17842309E+00      0.00000000      0.00000000
  0.00560000  0.24954023E+02  0.18096906E+00      0.00000000      0.00000000
  0.00580000  0.25138353E+02  0.18358664E+00      0.00000000      0.00000000
  0.00600000  0.25324364E+02  0.18625763E+00      0.00000000      0.00000000
  0.00620000  0.25511890E+02  0.18893725E+00      0.00000000      0.00000000
  0.00640000  0.25703308E+02  0.19170849E+00      0.00000000      0.00000000
  0.00660000  0.25898237E+02  0.19454283E+00      0.00000000      0.00000000
  0.00680000  0.26092285E+02  0.19738053E+00      0.00000000      0.00000000
  0.00700000  0.26289795E+02  0.20030770E+00      0.00000000      0.00000000
  0.00720000  0.26492163E+02  0.20331489E+00      0.00000000      0.00000000
  0.00740000  0.26694864E+02  0.20635714E+00      0.00000000      0.00000000
  0.00760000  0.26904902E+02  0.20958574E+00      0.00000000      0.00000000
  0.00780000  0.27113955E+02  0.21274692E+00      0.00000000      0.00000000
  0.00800000  0.27329367E+02  0.21605864E+00      0.00000000      0.00000000
  0.00820000  0.27547514E+02  0.21941976E+00      0.00000000      0.00000000
  0.00840000  0.27768518E+02  0.22287512E+00      0.00000000      0.00000000
  0.00860000  0.27995209E+02  0.22643515E+00      0.00000000      0.00000000
  0.00880000  0.28222095E+02  0.23002754E+00      0.00000000      0.00000000
  0.00900000  0.28449196E+02  0.23366484E+00      0.00000000      0.00000000
  0.00920000  0.28682781E+02  0.23739964E+00      0.00000000      0.00000000
  0.00940000  0.28922890E+02  0.24131349E+00      0.00000000      0.00000000
  0.00960000  0.29166981E+02  0.24533021E+00      0.00000000      0.00000000
  0.00980000  0.29411963E+02  0.24939242E+00      0.00000000      0.00000000
  0.01000000  0.29664307E+02  0.25360471E+00      0.00000000      0.00000000
  0.01020000  0.29919731E+02  0.25786141E+00      0.00000000      0.00000000
  0.01040000  0.30183670E+02  0.26235428E+00      0.00000000      0.00000000
  0.01060000  0.30448322E+02  0.26683497E+00      0.00000000      0.00000000
  0.01080000  0.30716057E+02  0.27143526E+00      0.00000000      0.00000000
  0.01100000  0.30992489E+02  0.27622467E+00      0.00000000      0.00000000
  0.01120000  0.31271687E+02  0.28112084E+00      0.00000000      0.00000000
  0.01140000  0.31555525E+02  0.28617445E+00      0.00000000      0.00000000
  0.01160000  0.31844910E+02  0.29133806E+00      0.00000000      0.00000000
  0.01180000  0.32138863E+02  0.29664749E+00      0.00000000      0.00000000
  0.01200000  0.32436237E+02  0.30202895E+00      0.00000000      0.00000000
  0.01220000  0.32737537E+02  0.30758673E+00      0.00000000      0.00000000
  0.01240000  0.33046097E+02  0.31329614E+00      0.00000000      0.00000000
  0.01260000  0.33362324E+02  0.31920594E+00      0.00000000      0.00000000
  0.01280000  0.33687397E+02  0.32529825E+00      0.00000000      0.00000000
  0.01300000  0.34015675E+02  0.33150989E+00      0.00000000      0.00000000
  0.01320000  0.34350815E+02  0.33793107E+00      0.00000000      0.00000000
  0.01340000  0.34695572E+02  0.34463716E+00      0.00000000      0.00000000
  0.01360000  0.35044464E+02  0.35150313E+00      0.00000000      0.00000000
  0.01380000  0.35399216E+02  0.35854080E+00      0.00000000      0.00000000
  0.01400000  0.35762787E+02  0.36578542E+00      0.00000000      0.00000000
  0.01420000  0.36129688E+02  0.37318939E+00      0.00000000      0.00000000
  0.01440000  0.36510254E+02  0.38093963E+00      0.00000000      0.00000000
  0.01460000  0.36890335E+02  0.38879523E+00      0.00000000      0.00000000
  0.01480000  0.37280258E+02  0.39689034E+00      0.00000000      0.00000000
  0.01500000  0.37681740E+02  0.40530258E+00      0.00000000      0.00000000
  0.01520000  0.38093086E+02  0.41405499E+00      0.00000000      0.00000000
  0.01540000  0.38513367E+02  0.42310083E+00      0.00000000      0.00000000
  0.01560000  0.38938156E+02  0.43235153E+00      0.00000000      0.00000000
  0.01580000  0.39373463E+02  0.44189692E+00      0.00000000      0.00000000
  0.01600000  0.39823547E+02  0.45193848E+00      0.00000000      0.00000000
  0.01619999  0.40276596E+02  0.46203744E+00      0.00000000      0.00000000
  0.01640000  0.40746490E+02  0.47269920E+00      0.00000000      0.00000000
  0.01660000  0.41222630E+02  0.48363343E+00      0.00000000      0.00000000
  0.01680000  0.41704960E+02  0.49481800E+00      0.00000000      0.00000000
  0.01700000  0.42213699E+02  0.50681806E+00      0.00000000      0.00000000
  0.01720000  0.42734352E+02  0.51924396E+00      0.00000000      0.00000000
  0.01740000  0.43259182E+02  0.53190643E+00      0.00000000      0.00000000
  0.01760000  0.43797920E+02  0.54502392E+00      0.00000000      0.00000000
  0.01780000  0.44351181E+02  0.55871093E+00      0.00000000      0.00000000
  0.01800000  0.44914738E+02  0.57274044E+00      0.00000000      0.00000000
  0.01820000  0.45492363E+02  0.58732057E+00      0.00000000      0.00000000
  0.01840000  0.46085716E+02  0.60258508E+00      0.00000000      0.00000000
  0.01860000  0.46698097E+02  0.61845040E+00      0.00000000      0.00000000
  0.01880000  0.47319389E+02  0.63479704E+00      0.00000000      0.00000000
  0.01900000  0.47964745E+02  0.65207070E+00      0.00000000      0.00000000
  0.01920000  0.48627136E+02  0.66998255E+00      0.00000000      0.00000000
  0.01940000  0.49301323E+02  0.68837553E+00      0.00000000      0.00000000
  0.01960000  0.50001873E+02  0.70787317E+00      0.00000000      0.00000000
  0.01980000  0.50712440E+02  0.72793972E+00      0.00000000      0.00000000
  0.02000000  0.51461182E+02  0.74936229E+00      0.00000000      0.00000000
  0.02020000  0.52219788E+02  0.77140355E+00      0.00000000      0.00000000
  0.02040000  0.53005280E+02  0.79453254E+00      0.00000000      0.00000000
  0.02060000  0.53810539E+02  0.81863737E+00      0.00000000      0.00000000
  0.02080000  0.54646271E+02  0.84399688E+00      0.00000000      0.00000000
  0.02100000  0.55497482E+02  0.87017548E+00      0.00000000      0.00000000
  0.02120000  0.56380520E+02  0.89778215E+00      0.00000000      0.00000000
  0.02140000  0.57285957E+02  0.92658019E+00      0.00000000      0.00000000
  0.02160000  0.58225792E+02  0.95688117E+00      0.00000000      0.00000000
  0.02180000  0.59212715E+02  0.98930436E+00      0.00000000      0.00000000
  0.02200000  0.60228382E+02  0.10232630E+01      0.00000000      0.00000000
  0.02220000  0.61260460E+02  0.10583365E+01      0.00000000      0.00000000
  0.02240000  0.62333099E+02  0.10954355E+01      0.00000000      0.00000000
  0.02260000  0.63449856E+02  0.11347206E+01      0.00000000      0.00000000
  0.02280000  0.64607918E+02  0.11762919E+01      0.00000000      0.00000000
  0.02300000  0.65810822E+02  0.12201226E+01      0.00000000      0.00000000
  0.02320000  0.67051971E+02  0.12663269E+01      0.00000000      0.00000000
  0.02340000  0.68326385E+02  0.13145623E+01      0.00000000      0.00000000
  0.02360000  0.69675453E+02  0.13667884E+01      0.00000000      0.00000000
  0.02380000  0.71066483E+02  0.14217129E+01      0.00000000      0.00000000
  0.02400000  0.72515213E+02  0.14799989E+01      0.00000000      0.00000000
  0.02420000  0.74026077E+02  0.15419524E+01      0.00000000      0.00000000
  0.02440000  0.75580948E+02  0.16072022E+01      0.00000000      0.00000000
  0.02460000  0.77231857E+02  0.16779276E+01      0.00000000      0.00000000
  0.02480000  0.78953018E+02  0.17532229E+01      0.00000000      0.00000000
  0.02500000  0.80750305E+02  0.18338499E+01      0.00000000      0.00000000
  0.02520000  0.82605209E+02  0.19188819E+01      0.00000000      0.00000000
  0.02540000  0.84558823E+02  0.20104816E+01      0.00000000      0.00000000
  0.02560000  0.86623878E+02  0.21096401E+01      0.00000000      0.00000000
  0.02580000  0.88774353E+02  0.22156038E+01      0.00000000      0.00000000
  0.02600000  0.91071686E+02  0.23315871E+01      0.00000000      0.00000000
  0.02620000  0.93476265E+02  0.24562516E+01      0.00000000      0.00000000
  0.02640000  0.96005943E+02  0.25913687E+01      0.00000000      0.00000000
  0.02660000  0.98673325E+02  0.27377410E+01      0.00000000      0.00000000
  0.02680000  0.10147593E+03  0.28958895E+01      0.00000000      0.00000000
  0.02700000  0.10447002E+03  0.30699353E+01      0.00000000      0.00000000
  0.02720000  0.10760156E+03  0.32576087E+01      0.00000000      0.00000000
  0.02740000  0.11094409E+03  0.34644330E+01      0.00000000      0.00000000
  0.02760000  0.11452922E+03  0.36933990E+01      0.00000000      0.00000000
  0.02780000  0.11830701E+03  0.39427254E+01      0.00000000      0.00000000
  0.02800000  0.12235350E+03  0.42190561E+01      0.00000000      0.00000000
  0.02820000  0.12663216E+03  0.45219378E+01      0.00000000      0.00000000
  0.02840000  0.13137006E+03  0.48704453E+01      0.00000000      0.00000000
  0.02860000  0.13643144E+03  0.52575359E+01      0.00000000      0.00000000
  0.02880000  0.14186972E+03  0.56911898E+01      0.00000000      0.00000000
  0.02900000  0.14773535E+03  0.61794662E+01      0.00000000      0.00000000
  0.02920000  0.15423839E+03  0.67448397E+01      0.00000000      0.00000000
  0.02940000  0.16130341E+03  0.73895521E+01      0.00000000      0.00000000
  0.02959999  0.16902335E+03  0.81295605E+01      0.00000000      0.00000000
  0.02980000  0.17754344E+03  0.89905834E+01      0.00000000      0.00000000
  0.03000000  0.18698955E+03  0.10001158E+02      0.00000000      0.00000000
  0.03020000  0.19743399E+03  0.11184742E+02      0.00000000      0.00000000
  0.03040000  0.20910101E+03  0.12591349E+02      0.00000000      0.00000000
  0.03060000  0.22238977E+03  0.14310309E+02      0.00000000      0.00000000
  0.03080000  0.23768747E+03  0.16439819E+02      0.00000000      0.00000000
  0.03100000  0.25485052E+03  0.19027208E+02      0.00000000      0.00000000
  0.03120000  0.27539154E+03  0.22413040E+02      0.00000000      0.00000000
  0.03140000  0.29945001E+03  0.26782270E+02      0.00000000      0.00000000
  0.03160000  0.32834320E+03  0.32641357E+02      0.00000000      0.00000000
  0.03179999  0.36315411E+03  0.40626091E+02      0.00000000      0.00000000
  0.03200001  0.40772913E+03  0.52425507E+02      0.00000000      0.00000000
  0.03220000  0.46545560E+03  0.70563499E+02      0.00000000      0.00000000
  0.03240000  0.54408252E+03  0.10104894E+03      0.00000000      0.00000000
  0.03260000  0.65480096E+03  0.15739734E+03      0.00000000      0.00000000
  0.03280000  0.82226941E+03  0.28388818E+03      0.00000000      0.00000000
  0.03300000  0.10427244E+04  0.63765552E+03      0.00000000      0.00000000
  0.03320000  0.79346472E+03  0.14477848E+04      0.00000000      0.00000000
  0.03340000 -0.30117709E+03  0.14464919E+04      0.00000000      0.00000000
  0.03360000 -0.51149692E+03  0.65758167E+03      0.00000000      0.00000000
  0.03380000 -0.25318155E+03  0.34937354E+03      0.00000000      0.00000000
  0.03399999 -0.65896778E+01  0.27772296E+03      0.00000000      0.00000000
  0.03420001  0.23417874E+03  0.33862592E+03      0.00000000      0.00000000
  0.03440000  0.49938428E+03  0.62737524E+03      0.00000000      0.00000000
  0.03460000  0.36383020E+03  0.14068850E+04      0.00000000      0.00000000
  0.03479999 -0.75218298E+03  0.15012295E+04      0.00000000      0.00000000
  0.03500000 -0.10569988E+04  0.66962561E+03      0.00000000      0.00000000
  0.03520000 -0.83768091E+03  0.29622296E+03      0.00000000      0.00000000
  0.03540000 -0.66587341E+03  0.16283926E+03      0.00000000      0.00000000
  0.03560000 -0.55205444E+03  0.10373766E+03      0.00000000      0.00000000
  0.03580000 -0.47141647E+03  0.72027847E+02      0.00000000      0.00000000
  0.03600000 -0.41201288E+03  0.53171249E+02      0.00000000      0.00000000
  0.03619999 -0.36725610E+03  0.41221275E+02      0.00000000      0.00000000
  0.03640000 -0.33119476E+03  0.32901283E+02      0.00000000      0.00000000
  0.03660000 -0.30245215E+03  0.27050648E+02      0.00000000      0.00000000
  0.03680000 -0.27810199E+03  0.22610043E+02      0.00000000      0.00000000
  0.03700000 -0.25742581E+03  0.19190601E+02      0.00000000      0.00000000
  0.03720000 -0.23981894E+03  0.16525921E+02      0.00000000      0.00000000
  0.03740000 -0.22447995E+03  0.14384554E+02      0.00000000      0.00000000
  0.03760000 -0.21104929E+03  0.12644747E+02      0.00000000      0.00000000
  0.03780000 -0.19932471E+03  0.11226413E+02      0.00000000      0.00000000
  0.03800000 -0.18870224E+03  0.10019735E+02      0.00000000      0.00000000
  0.03820000 -0.17924025E+03  0.90088854E+01      0.00000000      0.00000000
  0.03839999 -0.17082256E+03  0.81575146E+01      0.00000000      0.00000000
  0.03860000 -0.16316463E+03  0.74209023E+01      0.00000000      0.00000000
  0.03880000 -0.15603793E+03  0.67700548E+01      0.00000000      0.00000000
  0.03900000 -0.14958334E+03  0.62075014E+01      0.00000000      0.00000000
  0.03920000 -0.14365652E+03  0.57137032E+01      0.00000000      0.00000000
  0.03940000 -0.13810513E+03  0.52705545E+01      0.00000000      0.00000000
  0.03960000 -0.13298615E+03  0.48782997E+01      0.00000000      0.00000000
  0.03980000 -0.12830405E+03  0.45334835E+01      0.00000000      0.00000000
  0.04000000 -0.12398210E+03  0.42268729E+01      0.00000000      0.00000000
  0.04020000 -0.11991038E+03  0.39482584E+01      0.00000000      0.00000000
  0.04040000 -0.11607002E+03  0.36942761E+01      0.00000000      0.00000000
  0.04060000 -0.11251669E+03  0.34674695E+01      0.00000000      0.00000000
  0.04080000 -0.10922064E+03  0.32638092E+01      0.00000000      0.00000000
  0.04100000 -0.10606219E+03  0.30744498E+01      0.00000000      0.00000000
  0.04120000 -0.10308732E+03  0.29014363E+01      0.00000000      0.00000000
  0.04140000 -0.10029820E+03  0.27439108E+01      0.00000000      0.00000000
  0.04160000 -0.97652367E+02  0.25984836E+01      0.00000000      0.00000000
  0.04180000 -0.95141129E+02  0.24643860E+01      0.00000000      0.00000000
  0.04200000 -0.92722633E+02  0.23387055E+01      0.00000000      0.00000000
  0.04220000 -0.90442963E+02  0.22232275E+01      0.00000000      0.00000000
  0.04240000 -0.88271545E+02  0.21158905E+01      0.00000000      0.00000000
  0.04260000 -0.86182037E+02  0.20153642E+01      0.00000000      0.00000000
  0.04280000 -0.84232521E+02  0.19240063E+01      0.00000000      0.00000000
  0.04300000 -0.82346695E+02  0.18373666E+01      0.00000000      0.00000000
  0.04320000 -0.80549316E+02  0.17567062E+01      0.00000000      0.00000000
  0.04340000 -0.78820496E+02  0.16810592E+01      0.00000000      0.00000000
  0.04360000 -0.77193207E+02  0.16112733E+01      0.00000000      0.00000000
  0.04380000 -0.75611221E+02  0.15448067E+01      0.00000000      0.00000000
  0.04400000 -0.74102631E+02  0.14827663E+01      0.00000000      0.00000000
  0.04420000 -0.72657578E+02  0.14244899E+01      0.00000000      0.00000000
  0.04440000 -0.71258118E+02  0.13693966E+01      0.00000000      0.00000000
  0.04460000 -0.69906967E+02  0.13170931E+01      0.00000000      0.00000000
  0.04480000 -0.68602203E+02  0.12675514E+01      0.00000000      0.00000000
  0.04500000 -0.67352394E+02  0.12211665E+01      0.00000000      0.00000000
  0.04520000 -0.66149857E+02  0.11771419E+01      0.00000000      0.00000000
  0.04539999 -0.64990234E+02  0.11356150E+01      0.00000000      0.00000000
  0.04560000 -0.63881554E+02  0.10965557E+01      0.00000000      0.00000000
  0.04580000 -0.62803097E+02  0.10592772E+01      0.00000000      0.00000000
  0.04600000 -0.61768040E+02  0.10241750E+01      0.00000000      0.00000000
  0.04620000 -0.60766079E+02  0.99059951E+00      0.00000000      0.00000000
  0.04640000 -0.59793655E+02  0.95855427E+00      0.00000000      0.00000000
  0.04660000 -0.58851654E+02  0.92812383E+00      0.00000000      0.00000000
  0.04680000 -0.57943726E+02  0.89919055E+00      0.00000000      0.00000000
  0.04700000 -0.57046204E+02  0.87111795E+00      0.00000000      0.00000000
  0.04720000 -0.56178913E+02  0.84435558E+00      0.00000000      0.00000000
  0.04740000 -0.55337303E+02  0.81888533E+00      0.00000000      0.00000000
  0.04759999 -0.54529877E+02  0.79476869E+00      0.00000000      0.00000000
  0.04780000 -0.53748772E+02  0.77169222E+00      0.00000000      0.00000000
  0.04800000 -0.52997955E+02  0.74991906E+00      0.00000000      0.00000000
  0.04820000 -0.52258049E+02  0.72879070E+00      0.00000000      0.00000000
  0.04840000 -0.51550098E+02  0.70884621E+00      0.00000000      0.00000000
  0.04860000 -0.50855804E+02  0.68958223E+00      0.00000000      0.00000000
  0.04880000 -0.50168167E+02  0.67070770E+00      0.00000000      0.00000000
  0.04899999 -0.49514427E+02  0.65300047E+00      0.00000000      0.00000000
  0.04920000 -0.48864265E+02  0.63567328E+00      0.00000000      0.00000000
  0.04940000 -0.48239315E+02  0.61909640E+00      0.00000000      0.00000000
  0.04960000 -0.47625092E+02  0.60321188E+00      0.00000000      0.00000000
  0.04979999 -0.47029503E+02  0.58796465E+00      0.00000000      0.00000000
  0.05000000 -0.46448151E+02  0.57318151E+00      0.00000000      0.00000000
  0.05020000 -0.45884521E+02  0.55911624E+00      0.00000000      0.00000000
  0.05040000 -0.45330994E+02  0.54549873E+00      0.00000000      0.00000000
  0.05060000 -0.44793915E+02  0.53234398E+00      0.00000000      0.00000000
  0.05080000 -0.44269825E+02  0.51966780E+00      0.00000000      0.00000000
  0.05100000 -0.43752449E+02  0.50739610E+00      0.00000000      0.00000000
  0.05119999 -0.43254692E+02  0.49569488E+00      0.00000000      0.00000000
  0.05140000 -0.42756481E+02  0.48407638E+00      0.00000000      0.00000000
  0.05160000 -0.42281216E+02  0.47314909E+00      0.00000000      0.00000000
  0.05180000 -0.41814220E+02  0.46251512E+00      0.00000000      0.00000000
  0.05199999 -0.41358795E+02  0.45229164E+00      0.00000000      0.00000000
  0.05220000 -0.40909027E+02  0.44231853E+00      0.00000000      0.00000000
  0.05240000 -0.40473019E+02  0.43275094E+00      0.00000000      0.00000000
  0.05260000 -0.40048943E+02  0.42357638E+00      0.00000000      0.00000000
  0.05280000 -0.39627651E+02  0.41446495E+00      0.00000000      0.00000000
  0.05300000 -0.39214149E+02  0.40570444E+00      0.00000000      0.00000000
  0.05320000 -0.38809982E+02  0.39719310E+00      0.00000000      0.00000000
  0.05339999 -0.38414719E+02  0.38892782E+00      0.00000000      0.00000000
  0.05360000 -0.38032082E+02  0.38104683E+00      0.00000000      0.00000000
  0.05380000 -0.37653645E+02  0.37333685E+00      0.00000000      0.00000000
  0.05400000 -0.37285500E+02  0.36591479E+00      0.00000000      0.00000000
  0.05420000 -0.36930199E+02  0.35880947E+00      0.00000000      0.00000000
  0.05440000 -0.36577400E+02  0.35181576E+00      0.00000000      0.00000000
  0.05460000 -0.36230469E+02  0.34502119E+00      0.00000000      0.00000000
  0.05480000 -0.35886211E+02  0.33833724E+00      0.00000000      0.00000000
  0.05500000 -0.35548595E+02  0.33181953E+00      0.00000000      0.00000000
  0.05520000 -0.35217400E+02  0.32555318E+00      0.00000000      0.00000000
  0.05540000 -0.34893547E+02  0.31945765E+00      0.00000000      0.00000000
  0.05560000 -0.34576832E+02  0.31356582E+00      0.00000000      0.00000000
  0.05580000 -0.34266197E+02  0.30783224E+00      0.00000000      0.00000000
  0.05600000 -0.33962059E+02  0.30220416E+00      0.00000000      0.00000000
  0.05620000 -0.33662342E+02  0.29674172E+00      0.00000000      0.00000000
  0.05640000 -0.33366318E+02  0.29139945E+00      0.00000000      0.00000000
  0.05660000 -0.33077461E+02  0.28623816E+00      0.00000000      0.00000000
  0.05680000 -0.32793442E+02  0.28121305E+00      0.00000000      0.00000000
  0.05700000 -0.32514702E+02  0.27635199E+00      0.00000000      0.00000000
  0.05720000 -0.32242638E+02  0.27163890E+00      0.00000000      0.00000000
  0.05740000 -0.31973860E+02  0.26697499E+00      0.00000000      0.00000000
  0.05760000 -0.31709881E+02  0.26252770E+00      0.00000000      0.00000000
  0.05780000 -0.31450747E+02  0.25812325E+00      0.00000000      0.00000000
  0.05800000 -0.31193323E+02  0.25381231E+00      0.00000000      0.00000000
  0.05819999 -0.30939377E+02  0.24957556E+00      0.00000000      0.00000000
  0.05840000 -0.30692350E+02  0.24547337E+00      0.00000000      0.00000000
  0.05860000 -0.30447750E+02  0.24145317E+00      0.00000000      0.00000000
  0.05880000 -0.30208836E+02  0.23755133E+00      0.00000000      0.00000000
  0.05900000 -0.29972248E+02  0.23375125E+00      0.00000000      0.00000000
  0.05920000 -0.29738678E+02  0.23004064E+00      0.00000000      0.00000000
  0.05940000 -0.29511457E+02  0.22643657E+00      0.00000000      0.00000000
  0.05960000 -0.29284601E+02  0.22287743E+00      0.00000000      0.00000000
  0.05980000 -0.29061104E+02  0.21938002E+00      0.00000000      0.00000000
  0.06000000 -0.28846161E+02  0.21604340E+00      0.00000000      0.00000000
  0.06020000 -0.28632755E+02  0.21276379E+00      0.00000000      0.00000000
  0.06039999 -0.28423920E+02  0.20956931E+00      0.00000000      0.00000000
  0.06060000 -0.28217321E+02  0.20645726E+00      0.00000000      0.00000000
  0.06080000 -0.28012953E+02  0.20341517E+00      0.00000000      0.00000000
  0.06100000 -0.27812866E+02  0.20039245E+00      0.00000000      0.00000000
  0.06119999 -0.27613220E+02  0.19745767E+00      0.00000000      0.00000000
  0.06140000 -0.27416882E+02  0.19455644E+00      0.00000000      0.00000000
  0.06160000 -0.27225298E+02  0.19174795E+00      0.00000000      0.00000000
  0.06180000 -0.27031532E+02  0.18893027E+00      0.00000000      0.00000000
  0.06200000 -0.26844280E+02  0.18624032E+00      0.00000000      0.00000000
  0.06220000 -0.26660419E+02  0.18361545E+00      0.00000000      0.00000000
  0.06240000 -0.26477310E+02  0.18101652E+00      0.00000000      0.00000000
  0.06259999 -0.26300093E+02  0.17850751E+00      0.00000000      0.00000000
  0.06280001 -0.26120880E+02  0.17603700E+00      0.00000000      0.00000000
  0.06300000 -0.25945440E+02  0.17358646E+00      0.00000000      0.00000000
  0.06320000 -0.25773903E+02  0.17123216E+00      0.00000000      0.00000000
  0.06339999 -0.25601637E+02  0.16889794E+00      0.00000000      0.00000000
  0.06360000 -0.25435366E+02  0.16664407E+00      0.00000000      0.00000000
  0.06380000 -0.25268950E+02  0.16440076E+00      0.00000000      0.00000000
  0.06400000 -0.25106096E+02  0.16222313E+00      0.00000000      0.00000000
  0.06420000 -0.24944466E+02  0.16003962E+00      0.00000000      0.00000000
  0.06440000 -0.24786053E+02  0.15792091E+00      0.00000000      0.00000000
  0.06460000 -0.24631794E+02  0.15590142E+00      0.00000000      0.00000000
  0.06479999 -0.24477678E+02  0.15390390E+00      0.00000000      0.00000000
  0.06500000 -0.24324663E+02  0.15188020E+00      0.00000000      0.00000000
  0.06520000 -0.24173519E+02  0.14996323E+00      0.00000000      0.00000000
  0.06540000 -0.24024498E+02  0.14803761E+00      0.00000000      0.00000000
  0.06559999 -0.23876364E+02  0.14613901E+00      0.00000000      0.00000000
  0.06580000 -0.23730778E+02  0.14432056E+00      0.00000000      0.00000000
  0.06600000 -0.23587082E+02  0.14251573E+00      0.00000000      0.00000000
  0.06620000 -0.23447172E+02  0.14074719E+00      0.00000000      0.00000000
  0.06640000 -0.23308182E+02  0.13902393E+00      0.00000000      0.00000000
  0.06660000 -0.23172070E+02  0.13735658E+00      0.00000000      0.00000000
  0.06680001 -0.23035679E+02  0.13568363E+00      0.00000000      0.00000000
  0.06699999 -0.22901520E+02  0.13405558E+00      0.00000000      0.00000000
  0.06720000 -0.22767639E+02  0.13243626E+00      0.00000000      0.00000000
  0.06739999 -0.22636156E+02  0.13082549E+00      0.00000000      0.00000000
  0.06760000 -0.22504734E+02  0.12927109E+00      0.00000000      0.00000000
  0.06780000 -0.22375774E+02  0.12771940E+00      0.00000000      0.00000000
  0.06800000 -0.22248905E+02  0.12622467E+00      0.00000000      0.00000000
  0.06820000 -0.22121176E+02  0.12474159E+00      0.00000000      0.00000000
  0.06840000 -0.21996601E+02  0.12326559E+00      0.00000000      0.00000000
  0.06859999 -0.21874533E+02  0.12185774E+00      0.00000000      0.00000000
  0.06880000 -0.21754951E+02  0.12048423E+00      0.00000000      0.00000000
  0.06900001 -0.21634777E+02  0.11908315E+00      0.00000000      0.00000000
  0.06919999 -0.21516144E+02  0.11775280E+00      0.00000000      0.00000000
  0.06940000 -0.21398455E+02  0.11639901E+00      0.00000000      0.00000000
  0.06960000 -0.21284075E+02  0.11509362E+00      0.00000000      0.00000000
  0.06980000 -0.21170942E+02  0.11381844E+00      0.00000000      0.00000000
  0.07000000 -0.21057568E+02  0.11257514E+00      0.00000000      0.00000000
  0.07020000 -0.20944157E+02  0.11131583E+00      0.00000000      0.00000000
  0.07040000 -0.20834301E+02  0.11008063E+00      0.00000000      0.00000000
  0.07060000 -0.20724901E+02  0.10888124E+00      0.00000000      0.00000000
  0.07079999 -0.20617393E+02  0.10770279E+00      0.00000000      0.00000000
  0.07099999 -0.20510891E+02  0.10654509E+00      0.00000000      0.00000000
  0.07120001 -0.20404079E+02  0.10538221E+00      0.00000000      0.00000000
  0.07139999 -0.20298780E+02  0.10426493E+00      0.00000000      0.00000000
  0.07160000 -0.20195049E+02  0.10315929E+00      0.00000000      0.00000000
  0.07180000 -0.20091372E+02  0.10203856E+00      0.00000000      0.00000000
  0.07200000 -0.19989273E+02  0.10098149E+00      0.00000000      0.00000000
  0.07220000 -0.19888222E+02  0.99900216E-01      0.00000000      0.00000000
  0.07239999 -0.19789593E+02  0.98862290E-01      0.00000000      0.00000000
  0.07260000 -0.19690897E+02  0.97831041E-01      0.00000000      0.00000000
  0.07280000 -0.19592535E+02  0.96814409E-01      0.00000000      0.00000000
  0.07299999 -0.19496399E+02  0.95830023E-01      0.00000000      0.00000000
  0.07319999 -0.19401001E+02  0.94840623E-01      0.00000000      0.00000000
  0.07340001 -0.19308098E+02  0.93902752E-01      0.00000000      0.00000000
  0.07359999 -0.19215021E+02  0.92974268E-01      0.00000000      0.00000000
  0.07380000 -0.19122726E+02  0.92048973E-01      0.00000000      0.00000000
  0.07400000 -0.19031128E+02  0.91117755E-01      0.00000000      0.00000000
  0.07420000 -0.18940769E+02  0.90223581E-01      0.00000000      0.00000000
  0.07440000 -0.18850273E+02  0.89307874E-01      0.00000000      0.00000000
  0.07460000 -0.18761042E+02  0.88428892E-01      0.00000000      0.00000000
  0.07480000 -0.18672615E+02  0.87555200E-01      0.00000000      0.00000000
  0.07500000 -0.18585049E+02  0.86696193E-01      0.00000000      0.00000000
  0.07519999 -0.18498375E+02  0.85850224E-01      0.00000000      0.00000000
  0.07539999 -0.18413204E+02  0.85015476E-01      0.00000000      0.00000000
  0.07560000 -0.18329260E+02  0.84196091E-01      0.00000000      0.00000000
  0.07579999 -0.18245783E+02  0.83390102E-01      0.00000000      0.00000000
  0.07600000 -0.18163300E+02  0.82592621E-01      0.00000000      0.00000000
  0.07620000 -0.18079536E+02  0.81809968E-01      0.00000000      0.00000000
  0.07640000 -0.17997953E+02  0.81037939E-01      0.00000000      0.00000000
  0.07660000 -0.17917307E+02  0.80259085E-01      0.00000000      0.00000000
  0.07680000 -0.17838125E+02  0.79532817E-01      0.00000000      0.00000000
  0.07699999 -0.17759954E+02  0.78799039E-01      0.00000000      0.00000000
  0.07720000 -0.17682194E+02  0.78080788E-01      0.00000000      0.00000000
  0.07739999 -0.17604385E+02  0.77350304E-01      0.00000000      0.00000000
  0.07759999 -0.17526325E+02  0.76628730E-01      0.00000000      0.00000000
  0.07780000 -0.17449558E+02  0.75921908E-01      0.00000000      0.00000000
  0.07799999 -0.17374016E+02  0.75229973E-01      0.00000000      0.00000000
  0.07820000 -0.17299101E+02  0.74561372E-01      0.00000000      0.00000000
  0.07840000 -0.17225235E+02  0.73873982E-01      0.00000000      0.00000000
  0.07860000 -0.17151609E+02  0.73228970E-01      0.00000000      0.00000000
  0.07880000 -0.17077541E+02  0.72573841E-01      0.00000000      0.00000000
  0.07900000 -0.17005087E+02  0.71925469E-01      0.00000000      0.00000000
  0.07919999 -0.16933836E+02  0.71291834E-01      0.00000000      0.00000000
  0.07940000 -0.16863434E+02  0.70674203E-01      0.00000000      0.00000000
  0.07960001 -0.16793240E+02  0.70047326E-01      0.00000000      0.00000000
  0.07979999 -0.16723286E+02  0.69427103E-01      0.00000000      0.00000000
