 -0.04000000  0.10248184E+03  0.21081085E+01      0.00000000      0.00000000
 -0.03980000  0.10463921E+03  0.22011657E+01      0.00000000      0.00000000
 -0.03960000  0.10686589E+03  0.22993841E+01      0.00000000      0.00000000
 -0.03940000  0.10921942E+03  0.24057114E+01      0.00000000      0.00000000
 -0.03920000  0.11169144E+03  0.25204644E+01      0.00000000      0.00000000
 -0.03900000  0.11425167E+03  0.26423702E+01      0.00000000      0.00000000
 -0.03880000  0.11694067E+03  0.27740183E+01      0.00000000      0.00000000
 -0.03860000  0.11979145E+03  0.29174407E+01      0.00000000      0.00000000
 -0.03840000  0.12277712E+03  0.30720832E+01      0.00000000      0.00000000
 -0.03820000  0.12591426E+03  0.32397175E+01      0.00000000      0.00000000
 -0.03800000  0.12925232E+03  0.34232388E+01      0.00000000      0.00000000
 -0.03780000  0.13277425E+03  0.36231561E+01      0.00000000      0.00000000
 -0.03760000  0.13649037E+03  0.38412106E+01      0.00000000      0.00000000
 -0.03740000  0.14042172E+03  0.40800381E+01      0.00000000      0.00000000
 -0.03720000  0.14465802E+03  0.43463635E+01      0.00000000      0.00000000
 -0.03700000  0.14915788E+03  0.46400433E+01      0.00000000      0.00000000
 -0.03680000  0.15390117E+03  0.49617758E+01      0.00000000      0.00000000
 -0.03660000  0.15903931E+03  0.53241200E+01      0.00000000      0.00000000
 -0.03640000  0.16449524E+03  0.57253180E+01      0.00000000      0.00000000
 -0.03620000  0.17039749E+03  0.61779742E+01      0.00000000      0.00000000
 -0.03600000  0.17680478E+03  0.66920824E+01      0.00000000      0.00000000
 -0.03580000  0.18382245E+03  0.72833700E+01      0.00000000      0.00000000
 -0.03560000  0.19135123E+03  0.79501405E+01      0.00000000      0.00000000
 -0.03540000  0.19962898E+03  0.87221432E+01      0.00000000      0.00000000
 -0.03520000  0.20874454E+03  0.96215401E+01      0.00000000      0.00000000
 -0.03500000  0.21873352E+03  0.10666008E+02      0.00000000      0.00000000
 -0.03480000  0.22997668E+03  0.11917699E+02      0.00000000      0.00000000
 -0.03460000  0.24244302E+03  0.13401104E+02      0.00000000      0.00000000
 -0.03440000  0.25670795E+03  0.15224286E+02      0.00000000      0.00000000
 -0.03420000  0.27286728E+03  0.17453058E+02      0.00000000      0.00000000
 -0.03400000  0.29159460E+03  0.20260809E+02      0.00000000      0.00000000
 -0.03380000  0.31308041E+03  0.23785521E+02      0.00000000      0.00000000
 -0.03360000  0.33852319E+03  0.28386971E+02      0.00000000      0.00000000
 -0.03340000  0.36918234E+03  0.34566692E+02      0.00000000      0.00000000
 -0.03320000  0.40682123E+03  0.43123886E+02      0.00000000      0.00000000
 -0.03300000  0.45446619E+03  0.55552124E+02      0.00000000      0.00000000
 -0.03280000  0.51572095E+03  0.74275917E+02      0.00000000      0.00000000
 -0.03260000  0.59806299E+03  0.10461639E+03      0.00000000      0.00000000
 -0.03240000  0.71512372E+03  0.15902521E+03      0.00000000      0.00000000
 -0.03220000  0.89000671E+03  0.26998688E+03      0.00000000      0.00000000
 -0.03200000  0.11544692E+04  0.54311829E+03      0.00000000      0.00000000
 -0.03180000  0.13583569E+04  0.13335493E+04      0.00000000      0.00000000
 -0.03160000  0.25240494E+03  0.23506357E+04      0.00000000      0.00000000
 -0.03140000 -0.11023064E+04  0.15466802E+04      0.00000000      0.00000000
 -0.03120000 -0.98518872E+03  0.60735144E+03      0.00000000      0.00000000
 -0.03100000 -0.70848279E+03  0.29592572E+03      0.00000000      0.00000000
 -0.03080000 -0.52096362E+03  0.17269757E+03      0.00000000      0.00000000
 -0.03060000 -0.39475357E+03  0.11401266E+03      0.00000000      0.00000000
 -0.03040000 -0.30435236E+03  0.82032654E+02      0.00000000      0.00000000
 -0.03020000 -0.23575488E+03  0.63000977E+02      0.00000000      0.00000000
 -0.03000000 -0.18067767E+03  0.50970501E+02      0.00000000      0.00000000
 -0.02980000 -0.13502222E+03  0.43237953E+02      0.00000000      0.00000000
 -0.02960000 -0.94806519E+02  0.38176460E+02      0.00000000      0.00000000
 -0.02940000 -0.59230118E+02  0.35139870E+02      0.00000000      0.00000000
 -0.02920000 -0.25821205E+02  0.33548893E+02      0.00000000      0.00000000
 -0.02900000  0.73034525E+01  0.33216446E+02      0.00000000      0.00000000
 -0.02880000  0.40491375E+02  0.34139160E+02      0.00000000      0.00000000
 -0.02860000  0.74831894E+02  0.36386562E+02      0.00000000      0.00000000
 -0.02840000  0.11228697E+03  0.40289474E+02      0.00000000      0.00000000
 -0.02820000  0.15488519E+03  0.46492516E+02      0.00000000      0.00000000
 -0.02800000  0.20457410E+03  0.55988537E+02      0.00000000      0.00000000
 -0.02780000  0.26480069E+03  0.70649933E+02      0.00000000      0.00000000
 -0.02760000  0.34255542E+03  0.94636337E+02      0.00000000      0.00000000
 -0.02740000  0.44650195E+03  0.13581537E+03      0.00000000      0.00000000
 -0.02720000  0.59626514E+03  0.21531749E+03      0.00000000      0.00000000
 -0.02700000  0.82265198E+03  0.39382751E+03      0.00000000      0.00000000
 -0.02680000  0.11287078E+04  0.88783636E+03      0.00000000      0.00000000
 -0.02660000  0.79480048E+03  0.21579526E+04      0.00000000      0.00000000
 -0.02640000 -0.10480984E+04  0.21188989E+04      0.00000000      0.00000000
 -0.02620000 -0.13323735E+04  0.85631268E+03      0.00000000      0.00000000
 -0.02600000 -0.10270762E+04  0.38138672E+03      0.00000000      0.00000000
 -0.02580000 -0.80483325E+03  0.20749719E+03      0.00000000      0.00000000
 -0.02560000 -0.66067236E+03  0.12999530E+03      0.00000000      0.00000000
 -0.02540000 -0.56186194E+03  0.89169678E+02      0.00000000      0.00000000
 -0.02520000 -0.49005603E+03  0.65029007E+02      0.00000000      0.00000000
 -0.02500000 -0.43522119E+03  0.49499039E+02      0.00000000      0.00000000
 -0.02480000 -0.39286957E+03  0.39145145E+02      0.00000000      0.00000000
 -0.02460000 -0.35840326E+03  0.31730612E+02      0.00000000      0.00000000
 -0.02440000 -0.33001013E+03  0.26285130E+02      0.00000000      0.00000000
 -0.02420000 -0.30599228E+03  0.22134468E+02      0.00000000      0.00000000
 -0.02400000 -0.28591324E+03  0.18976784E+02      0.00000000      0.00000000
 -0.02380000 -0.26827798E+03  0.16432928E+02      0.00000000      0.00000000
 -0.02360000 -0.25287048E+03  0.14382198E+02      0.00000000      0.00000000
 -0.02340000 -0.23952432E+03  0.12731950E+02      0.00000000      0.00000000
 -0.02320000 -0.22767560E+03  0.11364122E+02      0.00000000      0.00000000
 -0.02300000 -0.21707938E+03  0.10217517E+02      0.00000000      0.00000000
 -0.02280000 -0.20743846E+03  0.92349625E+01      0.00000000      0.00000000
 -0.02260000 -0.19867937E+03  0.83921032E+01      0.00000000      0.00000000
 -0.02240000 -0.19066899E+03  0.76620603E+01      0.00000000      0.00000000
 -0.02220000 -0.18342313E+03  0.70346251E+01      0.00000000      0.00000000
 -0.02200000 -0.17670891E+03  0.64809771E+01      0.00000000      0.00000000
 -0.02180000 -0.17043477E+03  0.59868259E+01      0.00000000      0.00000000
 -0.02160000 -0.16466899E+03  0.55525112E+01      0.00000000      0.00000000
 -0.02140000 -0.15928850E+03  0.51640697E+01      0.00000000      0.00000000
 -0.02120000 -0.15431262E+03  0.48195086E+01      0.00000000      0.00000000
 -0.02100000 -0.14966089E+03  0.45096726E+01      0.00000000      0.00000000
 -0.02080000 -0.14529095E+03  0.42290959E+01      0.00000000      0.00000000
 -0.02060000 -0.14117320E+03  0.39743197E+01      0.00000000      0.00000000
 -0.02040000 -0.13732704E+03  0.37444892E+01      0.00000000      0.00000000
 -0.02020000 -0.13371681E+03  0.35356326E+01      0.00000000      0.00000000
 -0.02000000 -0.13027821E+03  0.33431802E+01      0.00000000      0.00000000
 -0.01980000 -0.12700854E+03  0.31657400E+01      0.00000000      0.00000000
 -0.01960000 -0.12396355E+03  0.30056367E+01      0.00000000      0.00000000
 -0.01940000 -0.12106632E+03  0.28574421E+01      0.00000000      0.00000000
 -0.01920000 -0.11826468E+03  0.27180436E+01      0.00000000      0.00000000
 -0.01900000 -0.11563241E+03  0.25907869E+01      0.00000000      0.00000000
 -0.01880000 -0.11310771E+03  0.24719195E+01      0.00000000      0.00000000
 -0.01860000 -0.11068163E+03  0.23605034E+01      0.00000000      0.00000000
 -0.01840000 -0.10835351E+03  0.22562499E+01      0.00000000      0.00000000
 -0.01820000 -0.10612564E+03  0.21590495E+01      0.00000000      0.00000000
 -0.01800000 -0.10402836E+03  0.20697472E+01      0.00000000      0.00000000
 -0.01780000 -0.10199251E+03  0.19849964E+01      0.00000000      0.00000000
 -0.01760000 -0.10006267E+03  0.19064257E+01      0.00000000      0.00000000
 -0.01740000 -0.98204437E+02  0.18324120E+01      0.00000000      0.00000000
 -0.01720000 -0.96410950E+02  0.17625763E+01      0.00000000      0.00000000
 -0.01700000 -0.94679947E+02  0.16964639E+01      0.00000000      0.00000000
 -0.01680000 -0.93022583E+02  0.16345769E+01      0.00000000      0.00000000
 -0.01660000 -0.91418777E+02  0.15758495E+01      0.00000000      0.00000000
 -0.01640000 -0.89874313E+02  0.15202693E+01      0.00000000      0.00000000
 -0.01620000 -0.88388832E+02  0.14679519E+01      0.00000000      0.00000000
 -0.01600000 -0.86967659E+02  0.14188230E+01      0.00000000      0.00000000
 -0.01580000 -0.85552010E+02  0.13708022E+01      0.00000000      0.00000000
 -0.01560000 -0.84204437E+02  0.13259706E+01      0.00000000      0.00000000
 -0.01540000 -0.82894791E+02  0.12831845E+01      0.00000000      0.00000000
 -0.01520000 -0.81641541E+02  0.12427745E+01      0.00000000      0.00000000
 -0.01500000 -0.80423203E+02  0.12043767E+01      0.00000000      0.00000000
 -0.01480000 -0.79229637E+02  0.11672535E+01      0.00000000      0.00000000
 -0.01460000 -0.78078598E+02  0.11320179E+01      0.00000000      0.00000000
 -0.01440000 -0.76976677E+02  0.10988958E+01      0.00000000      0.00000000
 -0.01420000 -0.75895424E+02  0.10669044E+01      0.00000000      0.00000000
 -0.01400000 -0.74831718E+02  0.10359167E+01      0.00000000      0.00000000
 -0.01380000 -0.73815681E+02  0.10067601E+01      0.00000000      0.00000000
 -0.01360000 -0.72824867E+02  0.97880167E+00      0.00000000      0.00000000
 -0.01340000 -0.71862030E+02  0.95199144E+00      0.00000000      0.00000000
 -0.01320000 -0.70924072E+02  0.92618096E+00      0.00000000      0.00000000
 -0.01300000 -0.70000740E+02  0.90120530E+00      0.00000000      0.00000000
 -0.01280000 -0.69105850E+02  0.87737054E+00      0.00000000      0.00000000
 -0.01260000 -0.68238785E+02  0.85459363E+00      0.00000000      0.00000000
 -0.01240000 -0.67393799E+02  0.83268374E+00      0.00000000      0.00000000
 -0.01220000 -0.66569321E+02  0.81161392E+00      0.00000000      0.00000000
 -0.01200000 -0.65772980E+02  0.79153097E+00      0.00000000      0.00000000
 -0.01180000 -0.64994553E+02  0.77216887E+00      0.00000000      0.00000000
 -0.01160000 -0.64232788E+02  0.75341415E+00      0.00000000      0.00000000
 -0.01140000 -0.63489063E+02  0.73539925E+00      0.00000000      0.00000000
 -0.01120000 -0.62763107E+02  0.71800196E+00      0.00000000      0.00000000
 -0.01100000 -0.62053024E+02  0.70120406E+00      0.00000000      0.00000000
 -0.01080000 -0.61370644E+02  0.68527544E+00      0.00000000      0.00000000
 -0.01060000 -0.60685844E+02  0.66945529E+00      0.00000000      0.00000000
 -0.01040000 -0.60027172E+02  0.65438998E+00      0.00000000      0.00000000
 -0.01020000 -0.59373589E+02  0.63964999E+00      0.00000000      0.00000000
 -0.01000000 -0.58738037E+02  0.62547415E+00      0.00000000      0.00000000
 -0.00980000 -0.58125328E+02  0.61202395E+00      0.00000000      0.00000000
 -0.00960000 -0.57517212E+02  0.59876353E+00      0.00000000      0.00000000
 -0.00940000 -0.56925056E+02  0.58609045E+00      0.00000000      0.00000000
 -0.00920000 -0.56348854E+02  0.57380533E+00      0.00000000      0.00000000
 -0.00900000 -0.55779442E+02  0.56179488E+00      0.00000000      0.00000000
 -0.00880000 -0.55221409E+02  0.55015993E+00      0.00000000      0.00000000
 -0.00860000 -0.54680061E+02  0.53899515E+00      0.00000000      0.00000000
 -0.00840000 -0.54150536E+02  0.52819788E+00      0.00000000      0.00000000
 -0.00820000 -0.53629559E+02  0.51768088E+00      0.00000000      0.00000000
 -0.00800000 -0.53118900E+02  0.50748193E+00      0.00000000      0.00000000
 -0.00780000 -0.52613670E+02  0.49750564E+00      0.00000000      0.00000000
 -0.00760000 -0.52126129E+02  0.48797852E+00      0.00000000      0.00000000
 -0.00740000 -0.51646698E+02  0.47870225E+00      0.00000000      0.00000000
 -0.00720000 -0.51167591E+02  0.46950775E+00      0.00000000      0.00000000
 -0.00700000 -0.50704639E+02  0.46069205E+00      0.00000000      0.00000000
 -0.00680000 -0.50245422E+02  0.45206022E+00      0.00000000      0.00000000
 -0.00660000 -0.49797825E+02  0.44373202E+00      0.00000000      0.00000000
 -0.00640000 -0.49356461E+02  0.43555838E+00      0.00000000      0.00000000
 -0.00620000 -0.48923000E+02  0.42767531E+00      0.00000000      0.00000000
 -0.00600000 -0.48501038E+02  0.42002794E+00      0.00000000      0.00000000
 -0.00580000 -0.48083538E+02  0.41254330E+00      0.00000000      0.00000000
 -0.00560000 -0.47677383E+02  0.40532175E+00      0.00000000      0.00000000
 -0.00540000 -0.47273876E+02  0.39820862E+00      0.00000000      0.00000000
 -0.00520000 -0.46876793E+02  0.39123803E+00      0.00000000      0.00000000
 -0.00500000 -0.46489372E+02  0.38458517E+00      0.00000000      0.00000000
 -0.00480000 -0.46106159E+02  0.37803474E+00      0.00000000      0.00000000
 -0.00460000 -0.45731697E+02  0.37171051E+00      0.00000000      0.00000000
 -0.00440000 -0.45364120E+02  0.36551067E+00      0.00000000      0.00000000
 -0.00420000 -0.45000397E+02  0.35942376E+00      0.00000000      0.00000000
 -0.00400000 -0.44646595E+02  0.35355723E+00      0.00000000      0.00000000
 -0.00380000 -0.44290539E+02  0.34766674E+00      0.00000000      0.00000000
 -0.00360000 -0.43948669E+02  0.34211868E+00      0.00000000      0.00000000
 -0.00340000 -0.43612228E+02  0.33670315E+00      0.00000000      0.00000000
 -0.00320000 -0.43274948E+02  0.33132860E+00      0.00000000      0.00000000
 -0.00300000 -0.42946083E+02  0.32611883E+00      0.00000000      0.00000000
 -0.00280000 -0.42623119E+02  0.32105777E+00      0.00000000      0.00000000
 -0.00260000 -0.42308289E+02  0.31613025E+00      0.00000000      0.00000000
 -0.00240000 -0.41992130E+02  0.31117395E+00      0.00000000      0.00000000
 -0.00220000 -0.41681389E+02  0.30638874E+00      0.00000000      0.00000000
 -0.00200000 -0.41379215E+02  0.30181086E+00      0.00000000      0.00000000
 -0.00180000 -0.41078068E+02  0.29720804E+00      0.00000000      0.00000000
 -0.00160000 -0.40785858E+02  0.29285556E+00      0.00000000      0.00000000
 -0.00140000 -0.40496223E+02  0.28854710E+00      0.00000000      0.00000000
 -0.00120000 -0.40209961E+02  0.28426915E+00      0.00000000      0.00000000
 -0.00100000 -0.39928055E+02  0.28012562E+00      0.00000000      0.00000000
 -0.00080000 -0.39650192E+02  0.27607834E+00      0.00000000      0.00000000
 -0.00060000 -0.39375362E+02  0.27208436E+00      0.00000000      0.00000000
 -0.00040000 -0.39103874E+02  0.26823476E+00      0.00000000      0.00000000
 -0.00020000 -0.38838818E+02  0.26445386E+00      0.00000000      0.00000000
  0.00000000 -0.38577774E+02  0.26077926E+00      0.00000000      0.00000000
  0.00020000 -0.38318359E+02  0.25714168E+00      0.00000000      0.00000000
  0.00040000 -0.38061855E+02  0.25353771E+00      0.00000000      0.00000000
  0.00060000 -0.37806293E+02  0.24996588E+00      0.00000000      0.00000000
  0.00080000 -0.37552464E+02  0.24647777E+00      0.00000000      0.00000000
  0.00100000 -0.37311264E+02  0.24316552E+00      0.00000000      0.00000000
  0.00120000 -0.37072266E+02  0.23988871E+00      0.00000000      0.00000000
  0.00140000 -0.36831558E+02  0.23666452E+00      0.00000000      0.00000000
  0.00160000 -0.36598240E+02  0.23357330E+00      0.00000000      0.00000000
  0.00180000 -0.36369896E+02  0.23052141E+00      0.00000000      0.00000000
  0.00200000 -0.36139408E+02  0.22748035E+00      0.00000000      0.00000000
  0.00220000 -0.35913551E+02  0.22453451E+00      0.00000000      0.00000000
  0.00240000 -0.35691460E+02  0.22161317E+00      0.00000000      0.00000000
  0.00260000 -0.35473370E+02  0.21881735E+00      0.00000000      0.00000000
  0.00280000 -0.35254715E+02  0.21601433E+00      0.00000000      0.00000000
  0.00300000 -0.35040005E+02  0.21326093E+00      0.00000000      0.00000000
  0.00320000 -0.34826710E+02  0.21057744E+00      0.00000000      0.00000000
  0.00340000 -0.34614826E+02  0.20788932E+00      0.00000000      0.00000000
  0.00360000 -0.34407520E+02  0.20525140E+00      0.00000000      0.00000000
  0.00380000 -0.34205917E+02  0.20274349E+00      0.00000000      0.00000000
  0.00400000 -0.34004356E+02  0.20026264E+00      0.00000000      0.00000000
  0.00420000 -0.33803738E+02  0.19778025E+00      0.00000000      0.00000000
  0.00440000 -0.33611061E+02  0.19544592E+00      0.00000000      0.00000000
  0.00460000 -0.33416176E+02  0.19308662E+00      0.00000000      0.00000000
  0.00480000 -0.33223915E+02  0.19077525E+00      0.00000000      0.00000000
  0.00500000 -0.33034874E+02  0.18853235E+00      0.00000000      0.00000000
  0.00520000 -0.32845940E+02  0.18625531E+00      0.00000000      0.00000000
  0.00540000 -0.32661842E+02  0.18406364E+00      0.00000000      0.00000000
  0.00560000 -0.32477516E+02  0.18188262E+00      0.00000000      0.00000000
  0.00580000 -0.32296265E+02  0.17973544E+00      0.00000000      0.00000000
  0.00600000 -0.32118484E+02  0.17768309E+00      0.00000000      0.00000000
  0.00620000 -0.31941710E+02  0.17562816E+00      0.00000000      0.00000000
  0.00640000 -0.31766680E+02  0.17361207E+00      0.00000000      0.00000000
  0.00660000 -0.31594559E+02  0.17166732E+00      0.00000000      0.00000000
  0.00680000 -0.31424015E+02  0.16970472E+00      0.00000000      0.00000000
  0.00700000 -0.31252972E+02  0.16774486E+00      0.00000000      0.00000000
  0.00720000 -0.31086792E+02  0.16587122E+00      0.00000000      0.00000000
  0.00740000 -0.30921585E+02  0.16402332E+00      0.00000000      0.00000000
  0.00760000 -0.30757484E+02  0.16219889E+00      0.00000000      0.00000000
  0.00780000 -0.30596558E+02  0.16044118E+00      0.00000000      0.00000000
  0.00800000 -0.30440899E+02  0.15874422E+00      0.00000000      0.00000000
  0.00820000 -0.30284206E+02  0.15704243E+00      0.00000000      0.00000000
  0.00840000 -0.30127548E+02  0.15533832E+00      0.00000000      0.00000000
  0.00860000 -0.29973389E+02  0.15363738E+00      0.00000000      0.00000000
  0.00880000 -0.29821133E+02  0.15197659E+00      0.00000000      0.00000000
  0.00900000 -0.29668976E+02  0.15037872E+00      0.00000000      0.00000000
  0.00920000 -0.29517635E+02  0.14877805E+00      0.00000000      0.00000000
  0.00940000 -0.29369026E+02  0.14717200E+00      0.00000000      0.00000000
  0.00960000 -0.29223473E+02  0.14563899E+00      0.00000000      0.00000000
  0.00980000 -0.29079353E+02  0.14414591E+00      0.00000000      0.00000000
  0.01000000 -0.28933884E+02  0.14263131E+00      0.00000000      0.00000000
  0.01020000 -0.28790239E+02  0.14114483E+00      0.00000000      0.00000000
  0.01040000 -0.28651028E+02  0.13970932E+00      0.00000000      0.00000000
  0.01060000 -0.28513948E+02  0.13831204E+00      0.00000000      0.00000000
  0.01080000 -0.28375957E+02  0.13692209E+00      0.00000000      0.00000000
  0.01100000 -0.28239214E+02  0.13552573E+00      0.00000000      0.00000000
  0.01120000 -0.28105659E+02  0.13418317E+00      0.00000000      0.00000000
  0.01140000 -0.27972610E+02  0.13284147E+00      0.00000000      0.00000000
  0.01160000 -0.27840462E+02  0.13150680E+00      0.00000000      0.00000000
  0.01180000 -0.27710249E+02  0.13019150E+00      0.00000000      0.00000000
  0.01200000 -0.27580027E+02  0.12888071E+00      0.00000000      0.00000000
  0.01220000 -0.27452360E+02  0.12763020E+00      0.00000000      0.00000000
  0.01240000 -0.27323412E+02  0.12635174E+00      0.00000000      0.00000000
  0.01260000 -0.27197037E+02  0.12514433E+00      0.00000000      0.00000000
  0.01280000 -0.27073029E+02  0.12395385E+00      0.00000000      0.00000000
  0.01300000 -0.26950453E+02  0.12275884E+00      0.00000000      0.00000000
  0.01320000 -0.26829464E+02  0.12157139E+00      0.00000000      0.00000000
  0.01340000 -0.26708586E+02  0.12043226E+00      0.00000000      0.00000000
  0.01360000 -0.26588375E+02  0.11927989E+00      0.00000000      0.00000000
  0.01380000 -0.26467587E+02  0.11814305E+00      0.00000000      0.00000000
  0.01400000 -0.26348927E+02  0.11703363E+00      0.00000000      0.00000000
  0.01420000 -0.26231979E+02  0.11592108E+00      0.00000000      0.00000000
  0.01440000 -0.26116657E+02  0.11484632E+00      0.00000000      0.00000000
  0.01460000 -0.26003332E+02  0.11378580E+00      0.00000000      0.00000000
  0.01480000 -0.25891390E+02  0.11276656E+00      0.00000000      0.00000000
  0.01500000 -0.25777824E+02  0.11170727E+00      0.00000000      0.00000000
  0.01520000 -0.25667225E+02  0.11068195E+00      0.00000000      0.00000000
  0.01540000 -0.25558090E+02  0.10967511E+00      0.00000000      0.00000000
  0.01560000 -0.25448805E+02  0.10868734E+00      0.00000000      0.00000000
  0.01580000 -0.25341585E+02  0.10773170E+00      0.00000000      0.00000000
  0.01600000 -0.25234470E+02  0.10676146E+00      0.00000000      0.00000000
  0.01619999 -0.25126825E+02  0.10582405E+00      0.00000000      0.00000000
  0.01640000 -0.25020905E+02  0.10487700E+00      0.00000000      0.00000000
  0.01660000 -0.24916801E+02  0.10393566E+00      0.00000000      0.00000000
  0.01680000 -0.24813259E+02  0.10303742E+00      0.00000000      0.00000000
  0.01700000 -0.24712185E+02  0.10212934E+00      0.00000000      0.00000000
  0.01720000 -0.24610474E+02  0.10125148E+00      0.00000000      0.00000000
  0.01740000 -0.24510197E+02  0.10034204E+00      0.00000000      0.00000000
  0.01760000 -0.24408928E+02  0.99468887E-01      0.00000000      0.00000000
  0.01780000 -0.24309914E+02  0.98612368E-01      0.00000000      0.00000000
  0.01800000 -0.24212612E+02  0.97766161E-01      0.00000000      0.00000000
  0.01820000 -0.24116398E+02  0.96940756E-01      0.00000000      0.00000000
  0.01840000 -0.24020218E+02  0.96111894E-01      0.00000000      0.00000000
  0.01860000 -0.23925251E+02  0.95313668E-01      0.00000000      0.00000000
  0.01880000 -0.23829277E+02  0.94489574E-01      0.00000000      0.00000000
  0.01900000 -0.23734386E+02  0.93707919E-01      0.00000000      0.00000000
  0.01920000 -0.23641239E+02  0.92920184E-01      0.00000000      0.00000000
  0.01940000 -0.23548756E+02  0.92145085E-01      0.00000000      0.00000000
  0.01960000 -0.23456749E+02  0.91374636E-01      0.00000000      0.00000000
  0.01980000 -0.23365498E+02  0.90650201E-01      0.00000000      0.00000000
  0.02000000 -0.23275288E+02  0.89879870E-01      0.00000000      0.00000000
  0.02020000 -0.23186844E+02  0.89164257E-01      0.00000000      0.00000000
  0.02040000 -0.23097164E+02  0.88417530E-01      0.00000000      0.00000000
  0.02060000 -0.23008663E+02  0.87693691E-01      0.00000000      0.00000000
  0.02080000 -0.22921272E+02  0.86972713E-01      0.00000000      0.00000000
  0.02100000 -0.22834682E+02  0.86298943E-01      0.00000000      0.00000000
  0.02120000 -0.22749802E+02  0.85586309E-01      0.00000000      0.00000000
  0.02140000 -0.22664558E+02  0.84902287E-01      0.00000000      0.00000000
  0.02160000 -0.22578896E+02  0.84207535E-01      0.00000000      0.00000000
  0.02180000 -0.22495857E+02  0.83541393E-01      0.00000000      0.00000000
  0.02200000 -0.22413643E+02  0.82903862E-01      0.00000000      0.00000000
  0.02220000 -0.22330482E+02  0.82246304E-01      0.00000000      0.00000000
  0.02240000 -0.22248405E+02  0.81592083E-01      0.00000000      0.00000000
  0.02260000 -0.22167244E+02  0.80959320E-01      0.00000000      0.00000000
  0.02280000 -0.22086418E+02  0.80341816E-01      0.00000000      0.00000000
  0.02300000 -0.22006577E+02  0.79708099E-01      0.00000000      0.00000000
  0.02320000 -0.21926956E+02  0.79098701E-01      0.00000000      0.00000000
  0.02340000 -0.21847336E+02  0.78481674E-01      0.00000000      0.00000000
  0.02360000 -0.21769127E+02  0.77890396E-01      0.00000000      0.00000000
  0.02380000 -0.21691650E+02  0.77284813E-01      0.00000000      0.00000000
  0.02400000 -0.21614822E+02  0.76703072E-01      0.00000000      0.00000000
  0.02420000 -0.21538559E+02  0.76131821E-01      0.00000000      0.00000000
  0.02440000 -0.21462448E+02  0.75561523E-01      0.00000000      0.00000000
  0.02460000 -0.21386261E+02  0.74987411E-01      0.00000000      0.00000000
  0.02480000 -0.21312225E+02  0.74422836E-01      0.00000000      0.00000000
  0.02500000 -0.21237640E+02  0.73856354E-01      0.00000000      0.00000000
  0.02520000 -0.21164108E+02  0.73303223E-01      0.00000000      0.00000000
  0.02540000 -0.21091980E+02  0.72769165E-01      0.00000000      0.00000000
  0.02560000 -0.21019043E+02  0.72212219E-01      0.00000000      0.00000000
  0.02580000 -0.20946869E+02  0.71670532E-01      0.00000000      0.00000000
  0.02600000 -0.20875244E+02  0.71182251E-01      0.00000000      0.00000000
  0.02620000 -0.20804626E+02  0.70678711E-01      0.00000000      0.00000000
  0.02640000 -0.20734070E+02  0.70068359E-01      0.00000000      0.00000000
  0.02660000 -0.20664734E+02  0.69580078E-01      0.00000000      0.00000000
  0.02680000 -0.20595337E+02  0.69122314E-01      0.00000000      0.00000000
  0.02700000 -0.20527039E+02  0.68634033E-01      0.00000000      0.00000000
  0.02720000 -0.20458801E+02  0.68130493E-01      0.00000000      0.00000000
  0.02740000 -0.20391586E+02  0.67649841E-01      0.00000000      0.00000000
  0.02760000 -0.20324905E+02  0.67173004E-01      0.00000000      0.00000000
  0.02780000 -0.20257629E+02  0.66696167E-01      0.00000000      0.00000000
  0.02800000 -0.20190056E+02  0.66219330E-01      0.00000000      0.00000000
  0.02820000 -0.20124298E+02  0.65757751E-01      0.00000000      0.00000000
  0.02840000 -0.20059223E+02  0.65296173E-01      0.00000000      0.00000000
  0.02860000 -0.19993971E+02  0.64846039E-01      0.00000000      0.00000000
  0.02880000 -0.19928417E+02  0.64386368E-01      0.00000000      0.00000000
  0.02900000 -0.19864115E+02  0.63932419E-01      0.00000000      0.00000000
  0.02920000 -0.19800491E+02  0.63482285E-01      0.00000000      0.00000000
  0.02940000 -0.19737181E+02  0.63045502E-01      0.00000000      0.00000000
  0.02959999 -0.19674831E+02  0.62629700E-01      0.00000000      0.00000000
  0.02980000 -0.19612442E+02  0.62177658E-01      0.00000000      0.00000000
  0.03000000 -0.19550339E+02  0.61763763E-01      0.00000000      0.00000000
  0.03020000 -0.19488457E+02  0.61349869E-01      0.00000000      0.00000000
  0.03040000 -0.19428024E+02  0.60935974E-01      0.00000000      0.00000000
  0.03060000 -0.19367508E+02  0.60520172E-01      0.00000000      0.00000000
  0.03080000 -0.19306656E+02  0.60104370E-01      0.00000000      0.00000000
  0.03100000 -0.19247467E+02  0.59707642E-01      0.00000000      0.00000000
  0.03120000 -0.19186920E+02  0.59295654E-01      0.00000000      0.00000000
  0.03140000 -0.19127197E+02  0.58959961E-01      0.00000000      0.00000000
  0.03160000 -0.19068245E+02  0.58837891E-01      0.00000000      0.00000000
  0.03179999 -0.19009766E+02  0.58166504E-01      0.00000000      0.00000000
  0.03200001 -0.18952087E+02  0.57739258E-01      0.00000000      0.00000000
  0.03220000 -0.18895477E+02  0.57373047E-01      0.00000000      0.00000000
  0.03240000 -0.18838165E+02  0.56953430E-01      0.00000000      0.00000000
  0.03260000 -0.18781342E+02  0.56587219E-01      0.00000000      0.00000000
  0.03280000 -0.18724899E+02  0.56224823E-01      0.00000000      0.00000000
  0.03300000 -0.18668274E+02  0.55860519E-01      0.00000000      0.00000000
  0.03320000 -0.18613159E+02  0.55509567E-01      0.00000000      0.00000000
  0.03340000 -0.18557449E+02  0.55150986E-01      0.00000000      0.00000000
  0.03360000 -0.18502533E+02  0.54785728E-01      0.00000000      0.00000000
  0.03380000 -0.18447525E+02  0.54436684E-01      0.00000000      0.00000000
  0.03399999 -0.18393356E+02  0.54093361E-01      0.00000000      0.00000000
  0.03420001 -0.18339500E+02  0.53742409E-01      0.00000000      0.00000000
  0.03440000 -0.18286209E+02  0.53409576E-01      0.00000000      0.00000000
  0.03460000 -0.18233131E+02  0.53080082E-01      0.00000000      0.00000000
  0.03479999 -0.18180038E+02  0.52748680E-01      0.00000000      0.00000000
  0.03500000 -0.18127190E+02  0.52404881E-01      0.00000000      0.00000000
  0.03520000 -0.18074776E+02  0.52079678E-01      0.00000000      0.00000000
  0.03540000 -0.18023239E+02  0.51756859E-01      0.00000000      0.00000000
  0.03560000 -0.17972069E+02  0.51425457E-01      0.00000000      0.00000000
  0.03580000 -0.17920280E+02  0.51101208E-01      0.00000000      0.00000000
  0.03600000 -0.17869431E+02  0.50794840E-01      0.00000000      0.00000000
  0.03619999 -0.17818336E+02  0.50478697E-01      0.00000000      0.00000000
  0.03640000 -0.17767731E+02  0.50167561E-01      0.00000000      0.00000000
  0.03660000 -0.17718071E+02  0.49860001E-01      0.00000000      0.00000000
  0.03680000 -0.17668335E+02  0.49530268E-01      0.00000000      0.00000000
  0.03700000 -0.17619164E+02  0.49226522E-01      0.00000000      0.00000000
  0.03720000 -0.17570133E+02  0.48915148E-01      0.00000000      0.00000000
  0.03740000 -0.17521145E+02  0.48631907E-01      0.00000000      0.00000000
  0.03760000 -0.17472752E+02  0.48326135E-01      0.00000000      0.00000000
  0.03780000 -0.17423927E+02  0.48050642E-01      0.00000000      0.00000000
  0.03800000 -0.17376198E+02  0.47753930E-01      0.00000000      0.00000000
  0.03820000 -0.17328388E+02  0.47475100E-01      0.00000000      0.00000000
  0.03839999 -0.17280685E+02  0.47193050E-01      0.00000000      0.00000000
  0.03860000 -0.17233685E+02  0.46926737E-01      0.00000000      0.00000000
  0.03880000 -0.17186657E+02  0.46634197E-01      0.00000000      0.00000000
  0.03900000 -0.17140476E+02  0.46356082E-01      0.00000000      0.00000000
  0.03920000 -0.17094799E+02  0.46083927E-01      0.00000000      0.00000000
  0.03940000 -0.17048866E+02  0.45813203E-01      0.00000000      0.00000000
  0.03960000 -0.17002701E+02  0.45537829E-01      0.00000000      0.00000000
  0.03980000 -0.16957802E+02  0.45262218E-01      0.00000000      0.00000000
  0.04000000 -0.16912537E+02  0.45004368E-01      0.00000000      0.00000000
  0.04020000 -0.16867664E+02  0.44740200E-01      0.00000000      0.00000000
  0.04040000 -0.16822929E+02  0.44465482E-01      0.00000000      0.00000000
  0.04060000 -0.16778442E+02  0.44216096E-01      0.00000000      0.00000000
  0.04080000 -0.16734173E+02  0.43955088E-01      0.00000000      0.00000000
  0.04100000 -0.16690586E+02  0.43708622E-01      0.00000000      0.00000000
  0.04120000 -0.16646549E+02  0.43473244E-01      0.00000000      0.00000000
  0.04140000 -0.16603371E+02  0.43224454E-01      0.00000000      0.00000000
  0.04160000 -0.16560898E+02  0.42982280E-01      0.00000000      0.00000000
  0.04180000 -0.16518253E+02  0.42739987E-01      0.00000000      0.00000000
  0.04200000 -0.16475346E+02  0.42484641E-01      0.00000000      0.00000000
  0.04220000 -0.16433250E+02  0.42240262E-01      0.00000000      0.00000000
  0.04240000 -0.16390957E+02  0.41991651E-01      0.00000000      0.00000000
  0.04260000 -0.16349079E+02  0.41759670E-01      0.00000000      0.00000000
  0.04280000 -0.16308136E+02  0.41533232E-01      0.00000000      0.00000000
  0.04300000 -0.16266701E+02  0.41292548E-01      0.00000000      0.00000000
  0.04320000 -0.16225403E+02  0.41063011E-01      0.00000000      0.00000000
  0.04340000 -0.16184435E+02  0.40842652E-01      0.00000000      0.00000000
  0.04360000 -0.16143700E+02  0.40605009E-01      0.00000000      0.00000000
  0.04380000 -0.16103025E+02  0.40384650E-01      0.00000000      0.00000000
  0.04400000 -0.16062460E+02  0.40166080E-01      0.00000000      0.00000000
  0.04420000 -0.16022472E+02  0.39946407E-01      0.00000000      0.00000000
  0.04440000 -0.15982935E+02  0.39724231E-01      0.00000000      0.00000000
  0.04460000 -0.15942812E+02  0.39505273E-01      0.00000000      0.00000000
  0.04480000 -0.15903566E+02  0.39300233E-01      0.00000000      0.00000000
  0.04500000 -0.15864353E+02  0.39073646E-01      0.00000000      0.00000000
  0.04520000 -0.15825058E+02  0.38847536E-01      0.00000000      0.00000000
  0.04539999 -0.15786036E+02  0.38639635E-01      0.00000000      0.00000000
  0.04560000 -0.15747765E+02  0.38432658E-01      0.00000000      0.00000000
  0.04580000 -0.15709749E+02  0.38209677E-01      0.00000000      0.00000000
  0.04600000 -0.15671980E+02  0.38019925E-01      0.00000000      0.00000000
  0.04620000 -0.15633564E+02  0.37818879E-01      0.00000000      0.00000000
  0.04640000 -0.15595116E+02  0.37612975E-01      0.00000000      0.00000000
  0.04660000 -0.15557350E+02  0.37399799E-01      0.00000000      0.00000000
  0.04680000 -0.15520191E+02  0.37209451E-01      0.00000000      0.00000000
  0.04700000 -0.15483009E+02  0.37016511E-01      0.00000000      0.00000000
  0.04720000 -0.15446095E+02  0.36822826E-01      0.00000000      0.00000000
  0.04740000 -0.15409588E+02  0.36625773E-01      0.00000000      0.00000000
  0.04759999 -0.15373079E+02  0.36427647E-01      0.00000000      0.00000000
  0.04780000 -0.15336847E+02  0.36226749E-01      0.00000000      0.00000000
  0.04800000 -0.15300625E+02  0.36044627E-01      0.00000000      0.00000000
  0.04820000 -0.15264519E+02  0.35857022E-01      0.00000000      0.00000000
  0.04840000 -0.15228996E+02  0.35664439E-01      0.00000000      0.00000000
  0.04860000 -0.15192980E+02  0.35494864E-01      0.00000000      0.00000000
  0.04880000 -0.15157703E+02  0.35316288E-01      0.00000000      0.00000000
  0.04899999 -0.15122770E+02  0.35126626E-01      0.00000000      0.00000000
  0.04920000 -0.15088085E+02  0.34951985E-01      0.00000000      0.00000000
  0.04940000 -0.15053411E+02  0.34764409E-01      0.00000000      0.00000000
  0.04960000 -0.15019011E+02  0.34581989E-01      0.00000000      0.00000000
  0.04979999 -0.14984699E+02  0.34387276E-01      0.00000000      0.00000000
  0.05000000 -0.14949987E+02  0.34223661E-01      0.00000000      0.00000000
  0.05020000 -0.14915766E+02  0.34055710E-01      0.00000000      0.00000000
  0.05040000 -0.14881403E+02  0.33871666E-01      0.00000000      0.00000000
  0.05060000 -0.14847883E+02  0.33695653E-01      0.00000000      0.00000000
  0.05080000 -0.14814503E+02  0.33536434E-01      0.00000000      0.00000000
  0.05100000 -0.14781099E+02  0.33356696E-01      0.00000000      0.00000000
  0.05119999 -0.14748045E+02  0.33189923E-01      0.00000000      0.00000000
  0.05140000 -0.14714676E+02  0.33035174E-01      0.00000000      0.00000000
  0.05160000 -0.14681629E+02  0.32862544E-01      0.00000000      0.00000000
  0.05180000 -0.14648379E+02  0.32708466E-01      0.00000000      0.00000000
  0.05199999 -0.14615782E+02  0.32541558E-01      0.00000000      0.00000000
  0.05220000 -0.14583373E+02  0.32384068E-01      0.00000000      0.00000000
  0.05240000 -0.14551270E+02  0.32214776E-01      0.00000000      0.00000000
  0.05260000 -0.14519351E+02  0.32060668E-01      0.00000000      0.00000000
  0.05280000 -0.14487242E+02  0.31901956E-01      0.00000000      0.00000000
  0.05300000 -0.14456316E+02  0.31743720E-01      0.00000000      0.00000000
  0.05320000 -0.14424820E+02  0.31592086E-01      0.00000000      0.00000000
  0.05339999 -0.14393269E+02  0.31431884E-01      0.00000000      0.00000000
  0.05360000 -0.14361452E+02  0.31273425E-01      0.00000000      0.00000000
  0.05380000 -0.14330141E+02  0.31103179E-01      0.00000000      0.00000000
  0.05400000 -0.14298995E+02  0.30961975E-01      0.00000000      0.00000000
  0.05420000 -0.14268129E+02  0.30809626E-01      0.00000000      0.00000000
  0.05440000 -0.14237142E+02  0.30662015E-01      0.00000000      0.00000000
  0.05460000 -0.14206428E+02  0.30524030E-01      0.00000000      0.00000000
  0.05480000 -0.14176192E+02  0.30374855E-01      0.00000000      0.00000000
  0.05500000 -0.14146209E+02  0.30224994E-01      0.00000000      0.00000000
  0.05520000 -0.14116066E+02  0.30089676E-01      0.00000000      0.00000000
  0.05540000 -0.14085978E+02  0.29930159E-01      0.00000000      0.00000000
  0.05560000 -0.14055913E+02  0.29794320E-01      0.00000000      0.00000000
  0.05580000 -0.14025972E+02  0.29651523E-01      0.00000000      0.00000000
  0.05600000 -0.13996214E+02  0.29515520E-01      0.00000000      0.00000000
  0.05620000 -0.13967039E+02  0.29370457E-01      0.00000000      0.00000000
  0.05640000 -0.13937981E+02  0.29234901E-01      0.00000000      0.00000000
  0.05660000 -0.13908748E+02  0.29093906E-01      0.00000000      0.00000000
  0.05680000 -0.13879578E+02  0.28956339E-01      0.00000000      0.00000000
  0.05700000 -0.13850467E+02  0.28820008E-01      0.00000000      0.00000000
  0.05720000 -0.13822016E+02  0.28685883E-01      0.00000000      0.00000000
  0.05740000 -0.13793417E+02  0.28550230E-01      0.00000000      0.00000000
  0.05760000 -0.13764936E+02  0.28420717E-01      0.00000000      0.00000000
  0.05780000 -0.13737033E+02  0.28278768E-01      0.00000000      0.00000000
  0.05800000 -0.13708593E+02  0.28143100E-01      0.00000000      0.00000000
  0.05819999 -0.13680687E+02  0.28028704E-01      0.00000000      0.00000000
  0.05840000 -0.13652513E+02  0.27899817E-01      0.00000000      0.00000000
  0.05860000 -0.13624680E+02  0.27768187E-01      0.00000000      0.00000000
  0.05880000 -0.13596722E+02  0.27636759E-01      0.00000000      0.00000000
  0.05900000 -0.13569346E+02  0.27511969E-01      0.00000000      0.00000000
  0.05920000 -0.13541918E+02  0.27380779E-01      0.00000000      0.00000000
  0.05940000 -0.13514099E+02  0.27254015E-01      0.00000000      0.00000000
  0.05960000 -0.13487021E+02  0.27134091E-01      0.00000000      0.00000000
  0.05980000 -0.13460519E+02  0.27005740E-01      0.00000000      0.00000000
  0.06000000 -0.13433596E+02  0.26880056E-01      0.00000000      0.00000000
  0.06020000 -0.13406709E+02  0.26749745E-01      0.00000000      0.00000000
  0.06039999 -0.13379879E+02  0.26631191E-01      0.00000000      0.00000000
  0.06060000 -0.13353429E+02  0.26506118E-01      0.00000000      0.00000000
  0.06080000 -0.13326839E+02  0.26392400E-01      0.00000000      0.00000000
  0.06100000 -0.13300591E+02  0.26284643E-01      0.00000000      0.00000000
  0.06119999 -0.13274596E+02  0.26167512E-01      0.00000000      0.00000000
  0.06140000 -0.13248253E+02  0.26040509E-01      0.00000000      0.00000000
  0.06160000 -0.13222452E+02  0.25927499E-01      0.00000000      0.00000000
  0.06180000 -0.13196792E+02  0.25813527E-01      0.00000000      0.00000000
  0.06200000 -0.13171042E+02  0.25696754E-01      0.00000000      0.00000000
  0.06220000 -0.13145274E+02  0.25587894E-01      0.00000000      0.00000000
  0.06240000 -0.13119784E+02  0.25475398E-01      0.00000000      0.00000000
  0.06259999 -0.13094463E+02  0.25363103E-01      0.00000000      0.00000000
  0.06280001 -0.13069232E+02  0.25249794E-01      0.00000000      0.00000000
  0.06300000 -0.13043797E+02  0.25126725E-01      0.00000000      0.00000000
  0.06320000 -0.13018520E+02  0.25024481E-01      0.00000000      0.00000000
  0.06339999 -0.12993466E+02  0.24914883E-01      0.00000000      0.00000000
  0.06360000 -0.12968393E+02  0.24803273E-01      0.00000000      0.00000000
  0.06380000 -0.12943584E+02  0.24695642E-01      0.00000000      0.00000000
  0.06400000 -0.12919041E+02  0.24585508E-01      0.00000000      0.00000000
  0.06420000 -0.12894420E+02  0.24483256E-01      0.00000000      0.00000000
  0.06440000 -0.12870058E+02  0.24385154E-01      0.00000000      0.00000000
  0.06460000 -0.12845984E+02  0.24272807E-01      0.00000000      0.00000000
  0.06479999 -0.12821728E+02  0.24168633E-01      0.00000000      0.00000000
  0.06500000 -0.12798124E+02  0.24059489E-01      0.00000000      0.00000000
  0.06520000 -0.12773941E+02  0.23953699E-01      0.00000000      0.00000000
  0.06540000 -0.12749938E+02  0.23852080E-01      0.00000000      0.00000000
  0.06559999 -0.12726018E+02  0.23739487E-01      0.00000000      0.00000000
  0.06580000 -0.12702573E+02  0.23639284E-01      0.00000000      0.00000000
  0.06600000 -0.12678747E+02  0.23548260E-01      0.00000000      0.00000000
  0.06620000 -0.12655041E+02  0.23441099E-01      0.00000000      0.00000000
  0.06640000 -0.12631754E+02  0.23341432E-01      0.00000000      0.00000000
  0.06660000 -0.12608381E+02  0.23248278E-01      0.00000000      0.00000000
  0.06680001 -0.12585085E+02  0.23156241E-01      0.00000000      0.00000000
  0.06699999 -0.12562067E+02  0.23057468E-01      0.00000000      0.00000000
  0.06720000 -0.12538982E+02  0.22955723E-01      0.00000000      0.00000000
  0.06739999 -0.12516521E+02  0.22862203E-01      0.00000000      0.00000000
  0.06760000 -0.12493351E+02  0.22767473E-01      0.00000000      0.00000000
  0.06780000 -0.12471146E+02  0.22675738E-01      0.00000000      0.00000000
  0.06800000 -0.12448215E+02  0.22567343E-01      0.00000000      0.00000000
  0.06820000 -0.12425604E+02  0.22472814E-01      0.00000000      0.00000000
  0.06840000 -0.12403158E+02  0.22370148E-01      0.00000000      0.00000000
  0.06859999 -0.12380886E+02  0.22277299E-01      0.00000000      0.00000000
  0.06880000 -0.12358638E+02  0.22185214E-01      0.00000000      0.00000000
  0.06900001 -0.12336517E+02  0.22105068E-01      0.00000000      0.00000000
  0.06919999 -0.12314425E+02  0.22003993E-01      0.00000000      0.00000000
  0.06940000 -0.12292636E+02  0.21928329E-01      0.00000000      0.00000000
  0.06960000 -0.12271009E+02  0.21835670E-01      0.00000000      0.00000000
  0.06980000 -0.12249176E+02  0.21739423E-01      0.00000000      0.00000000
  0.07000000 -0.12227345E+02  0.21655776E-01      0.00000000      0.00000000
  0.07020000 -0.12205758E+02  0.21559812E-01      0.00000000      0.00000000
  0.07040000 -0.12183996E+02  0.21472484E-01      0.00000000      0.00000000
  0.07060000 -0.12162545E+02  0.21387156E-01      0.00000000      0.00000000
  0.07079999 -0.12141190E+02  0.21302070E-01      0.00000000      0.00000000
  0.07099999 -0.12119991E+02  0.21218203E-01      0.00000000      0.00000000
  0.07120001 -0.12099051E+02  0.21130841E-01      0.00000000      0.00000000
  0.07139999 -0.12077707E+02  0.21047130E-01      0.00000000      0.00000000
  0.07160000 -0.12056713E+02  0.20951699E-01      0.00000000      0.00000000
  0.07180000 -0.12035803E+02  0.20871792E-01      0.00000000      0.00000000
  0.07200000 -0.12015085E+02  0.20786081E-01      0.00000000      0.00000000
  0.07220000 -0.11994194E+02  0.20704981E-01      0.00000000      0.00000000
  0.07239999 -0.11973434E+02  0.20618618E-01      0.00000000      0.00000000
  0.07260000 -0.11952742E+02  0.20543560E-01      0.00000000      0.00000000
  0.07280000 -0.11932140E+02  0.20460811E-01      0.00000000      0.00000000
  0.07299999 -0.11911720E+02  0.20377196E-01      0.00000000      0.00000000
  0.07319999 -0.11891401E+02  0.20298161E-01      0.00000000      0.00000000
  0.07340001 -0.11871340E+02  0.20212173E-01      0.00000000      0.00000000
  0.07359999 -0.11851169E+02  0.20130754E-01      0.00000000      0.00000000
  0.07380000 -0.11830890E+02  0.20043790E-01      0.00000000      0.00000000
  0.07400000 -0.11811085E+02  0.19975536E-01      0.00000000      0.00000000
  0.07420000 -0.11791142E+02  0.19903738E-01      0.00000000      0.00000000
  0.07440000 -0.11771465E+02  0.19818474E-01      0.00000000      0.00000000
  0.07460000 -0.11751758E+02  0.19731592E-01      0.00000000      0.00000000
  0.07480000 -0.11731983E+02  0.19666001E-01      0.00000000      0.00000000
  0.07500000 -0.11712227E+02  0.19582354E-01      0.00000000      0.00000000
  0.07519999 -0.11692581E+02  0.19503236E-01      0.00000000      0.00000000
  0.07539999 -0.11673310E+02  0.19427299E-01      0.00000000      0.00000000
  0.07560000 -0.11654169E+02  0.19353725E-01      0.00000000      0.00000000
  0.07579999 -0.11634702E+02  0.19274738E-01      0.00000000      0.00000000
  0.07600000 -0.11615294E+02  0.19200135E-01      0.00000000      0.00000000
  0.07620000 -0.11595953E+02  0.19130878E-01      0.00000000      0.00000000
  0.07640000 -0.11576864E+02  0.19060355E-01      0.00000000      0.00000000
  0.07660000 -0.11557891E+02  0.18980358E-01      0.00000000      0.00000000
  0.07680000 -0.11539042E+02  0.18908072E-01      0.00000000      0.00000000
  0.07699999 -0.11520445E+02  0.18849749E-01      0.00000000      0.00000000
  0.07720000 -0.11501500E+02  0.18771466E-01      0.00000000      0.00000000
  0.07739999 -0.11482851E+02  0.18692017E-01      0.00000000      0.00000000
  0.07759999 -0.11464045E+02  0.18622197E-01      0.00000000      0.00000000
  0.07780000 -0.11445398E+02  0.18549494E-01      0.00000000      0.00000000
  0.07799999 -0.11426773E+02  0.18480003E-01      0.00000000      0.00000000
  0.07820000 -0.11408281E+02  0.18412702E-01      0.00000000      0.00000000
  0.07840000 -0.11389976E+02  0.18348280E-01      0.00000000      0.00000000
  0.07860000 -0.11371773E+02  0.18269844E-01      0.00000000      0.00000000
  0.07880000 -0.11353637E+02  0.18193226E-01      0.00000000      0.00000000
  0.07900000 -0.11335239E+02  0.18127330E-01      0.00000000      0.00000000
  0.07919999 -0.11317167E+02  0.18064704E-01      0.00000000      0.00000000
  0.07940000 -0.11299101E+02  0.17992511E-01      0.00000000      0.00000000
  0.07960001 -0.11281439E+02  0.17927062E-01      0.00000000      0.00000000
  0.07979999 -0.11263811E+02  0.17866187E-01      0.00000000      0.00000000
